3,-1.3638024185329976,2.6398324486922564,10.390072811100442,-2.9986912798620313,-1.6114166497180333,-45.15135362122335,-3.3938079232443203,-0.3379363457319437,-13.685542596894898,-5.219765570100584,1.7246576300099687,20.52516987260038,-0.6036171611539212,18.253702755520674,-6.456377799928293,-2.093440884871405,-7.283543847854132,-7.580986344643047,3.358910277964523,0.816291525479815,7.5187897457933515,22.412278042798143,-4.794889002751018,16.571364524650804,-1.3301420303881708,-5.639803733741065,-14.05382495366159,1.6047010012147167,-12.373668221169236,17.870631348270834
1,-13.504415019224819,31.839346715110935,-15.69362160007009,27.087016797162814,21.044474163053952,11.108924822316377,-35.02521205803602,-3.6009785678344315,18.444219056570567,1.1942546209140956,5.482226157894687,9.503785537887396,-18.004036492264632,-0.8138483253634563,-7.817100347392398,-21.668394667447373,5.890160452249874,-16.772959040939778,-2.8033202239278903,36.84806122441037,21.530702552374585,4.861425225385677,-8.96065663623985,-2.747172621501794,0.022338479425166646,18.1274555912185,4.19294665431145,-32.757111893854464,-1.1400903832835052,-22.11900983740464
4,20.199129655407376,-14.431275289631218,18.46270120012951,-0.2759126150867901,10.400783949033617,-9.137647845739512,-20.279482178920155,-4.55564394238717,-7.994869807918937,-44.7417147941449,18.023886866176575,-21.510634010063196,-6.576452512300441,7.0112875147524845,-5.8453383877552065,14.746245799151627,7.566095972779986,7.35541310861045,11.392833334836123,2.635640575001543,-19.09460752834866,-16.08243381658099,8.00108288938917,8.38964882224166,-25.982828985791517,3.363796510145721,7.248294660178016,-2.459999008571288,-9.339349866908233,5.899295332845608
10,-27.744303878991907,0.5388228233517919,2.454995460990917,-4.637526359270374,7.693750159945822,1.728609828038186,-4.216817986844865,-11.018023471828155,-16.304289105554716,4.605980909281261,11.8585263180173,-12.635778617433635,0.9261671918379002,-6.470174389274089,3.8541485241145788,-16.161760606619985,4.790930039561535,-9.81167369892692,4.810208344805027,-1.3948009512152026,6.308672410940836,4.020081023330505,-18.006627776595156,2.5965128246930993,-1.429430425922802,2.2576230474227477,1.1404063555597155,-15.45824110681001,32.48864984382772,18.724018460456268
5,-19.637346001454983,-8.088688244121306,-10.481838068764096,-13.93955100028992,11.225440032803787,-13.412293372386367,11.31472132956295,22.661948606943746,8.677690838166795,-7.01313882507222,-8.87717240920076,-26.154216070211262,5.554210669900294,5.55416788129593,-7.186418221201919,-0.4722746270351642,-3.9917189000202846,-4.743854005960461,-2.175077625199246,-9.245004293266732,-4.892087189394055,7.853086220268941,15.283568555655107,15.50496998939914,10.251534644528604,6.580551420405385,-1.0749332409778922,6.764837275000734,-1.6042810592773402,-0.9574126919527082
1,-32.944965025794346,-17.256609477217612,-14.07622812701016,9.101863751620535,-6.625439435392792,-10.817827508794046,-18.576613181175276,-14.770324190078917,36.10788572009369,3.224020321912873,11.162565884326959,4.340630501355224,3.087094899575694,-7.493092166908754,-10.749956072285917,-22.987431305229897,12.431106306631765,-21.903644735128868,-17.736889349293495,-10.210396710255253,-11.386145028827247,12.590165743336875,-18.587482005480503,-19.027737449734126,-9.154570359286812,-17.90285151266276,4.372716827240402,-1.609181888187769,-0.25210298718873947,-5.722909339306199
6,3.290835091155574,-8.63758565327757,-11.604233925759546,-20.463402909267664,8.279293133541996,-0.7622532483006204,2.2453027408253474,-20.792784360460068,17.614707345878266,-10.207304166495597,-0.3545742268871215,1.6650573201134833,-13.711071793322837,-8.439978126743313,-5.221828500653887,1.961119856584111,-14.502324439585797,-12.356991724208791,-0.7727910940442775,-57.726035095939636,-0.060141098023087425,-20.746427611731328,-4.18355698404579,-5.565377702382592,32.808334545912274,-0.5728156070212098,-4.149849839474358,31.904755242771227,-1.0924429520645402,9.605646076375415
10,-39.577156326364396,6.0551636731391385,19.982409426984354,-14.725680220799012,-0.363923899760894,-12.630715149335229,24.751442511584642,-21.97939477051057,15.562108625506793,-9.30180659477744,0.08534650500217267,-18.159256885227663,1.7258875412288293,-31.003510436313615,16.096920630167155,-0.14367785511745446,-7.812396438017654,3.6366762745727224,-5.80323804062332,-2.3654285915690143,-0.7219008820397014,13.731346614495324,6.781401914434131,9.72287265999482,14.150526662983808,5.0812273623881214,-7.110734141473433,8.769976465648808,-8.129446349564098,23.62834896056948
4,17.601261049074775,-23.856272982644388,-25.859914928837682,7.103045744170965,5.603165482678039,-13.833220049821536,3.0640425271365563,-1.7557520268655589,5.62142121332683,-37.79273471862652,5.868541958277761,-12.744455362533271,-0.9438005053773876,10.049956454631566,-7.033444391513774,7.553149620894185,6.878376690616595,-5.151998588168575,-13.111567738955165,6.32481264794843,5.764861985504577,24.926800660190406,-4.993093048357626,20.290823854712727,2.3401625504262134,-2.1048894920271355,-9.987044695695214,-9.170307129591519,9.289002847626984,-12.509707302504667
3,17.5146004785631,-9.275112026727887,-0.3711961623585159,2.309914682559697,5.772154340362143,-58.15907581633465,-3.344737807809836,0.7325652597782926,3.649571564688628,4.26727021308486,1.0405141801169795,-4.0199578748473055,-18.91425145140841,1.3103244983294737,-3.2272850281875307,-6.267037711768838,-0.6046394820184731,6.164431530450497,0.2796900572372516,-3.9751648432204645,7.061094428511562,16.267237491060392,1.4286367924064456,22.737278403532933,-10.378258284642211,13.466027964012314,-4.280247887814412,1.5171168470538035,0.6258740641652685,2.4543199752325053
1,0.9271987628199359,-8.592860771527285,13.908726360433178,8.196232299295573,-53.27571810816283,-16.133838264697676,26.186322734786938,-4.659216533764656,-3.8692133894433782,-0.8144796020981864,2.009136356468507,1.5192446211527821,-38.472156812084975,-17.973343248568256,5.001354894142144,-3.043018931055868,-15.448219339161813,-4.616112212493126,-14.086218020013893,-34.92855067485033,-6.156197075871499,1.2224428280222441,9.026635356737142,-1.9142639101841203,-9.908650774237355,4.88215424585849,21.883857167052714,26.763061467779238,-5.293208244901952,-2.342645885744636
3,1.7867589757514268,16.347397115413347,8.724222530186085,5.857201229734754,1.501324966151476,-56.21567235988954,16.485835020798635,2.481750862026596,2.1176175123263423,7.205793236274118,2.4938554712090975,2.6509274475353983,-2.5403087916617944,1.0750468611413568,-0.29551108510590196,1.787049886842937,9.771107055895074,0.3669523760883209,-1.1834444593692386,5.529909249034118,2.4722316316995387,-2.916938935310963,2.1099453032905053,3.800765787270729,-1.3261229382608035,1.0898851653078492,13.838239648111367,1.003756458285434,5.620811391169776,-5.071757754056318
10,-21.573718411940167,4.111258308514537,-10.305480881960372,-7.295549644983332,14.78994833912963,-10.203387679636874,-3.013204564276277,11.68019400013483,-20.01457099335253,-7.135519661002263,-15.54769419116155,-5.977647339757125,-2.0771199598705103,-3.5705646593667413,7.981855574214109,3.768255631433234,2.382434398817695,12.602168221060221,1.4914120847366807,-4.89351026186894,7.916733545142575,-0.31598461463943783,-3.7954526568714333,-11.251392840450345,-12.52993359081114,-5.487471169052641,-9.606691924702757,-4.173315195069922,-22.50608529359557,33.214346998821526
7,11.466185333138863,5.5834533478002655,1.4015467647753534,-9.91918176404245,0.9443509407593438,-7.501801665769936,-3.784698298610691,-2.297124060608727,-8.352326419290232,-13.779713670565993,17.413209519234304,-4.024268122711455,14.355597170926016,-33.10072410636018,-2.3825815143021134,0.5389354370530015,6.882758285313643,-6.352257976722386,6.757622137352563,-20.000734617934185,6.156127463772911,12.577552493639121,-15.43954833283812,19.368485581246656,0.4371623571543686,-4.3978059456336895,0.9005677573385856,0.23549033819673992,11.517866682647387,4.322009171580069
3,8.797732373292382,2.8002618923668274,-6.354410134497257,8.658934445854669,9.518509707901455,-37.14604894130608,10.801891558643513,-36.515293838751184,-0.6801316693100727,-21.5846143872049,-3.2693781348361304,1.162121970360244,-17.133402285298338,0.6833094554606172,10.46659690150791,-12.557839314613593,-5.096676810708358,-3.9202456223801496,0.9650792819687447,4.624277867813558,-6.443515932638974,-0.25140459565841,17.679590870849193,-11.91196064598937,4.363053145106479,-2.401834065868909,-10.499499352074562,-4.845169709007569,-11.832226886921399,4.661930926932291
6,6.515890896661701,-6.265883661621038,11.060046311316022,7.188359106325955,-15.214725726523461,-18.290980033199254,-9.993498205960424,-11.741725691499763,-7.317917308504853,-15.887882829543338,-0.9700904540005508,-33.93626616474286,-1.3773968271062267,-6.59007010348407,15.853078774166761,-0.7664000877874646,19.56776511894115,6.320829111769106,-1.9896250875928434,-39.14557512328953,-6.506838382974731,3.7559294810570956,6.240478128894474,-2.5671852396118835,5.060618400996207,-2.342108034284852,4.307648501072149,18.14831867444032,10.510122300208415,9.977002705344374
2,-0.7484902721763635,8.774077714017757,4.3799924136064785,-2.182066612103136,22.645486322424027,6.360399108859336,-3.0254971555235612,1.6768934209286543,-1.5639255237868284,4.184025265654727,6.5978387112045755,13.862599207870478,9.059447203873935,24.36485332409517,14.578467789642044,3.4309927834463787,2.5636812327054193,0.44792462379003206,1.43835687665195,-7.861201394930745,-3.8168573849164282,-13.056316869453758,11.484264562876705,10.316827275401637,20.030917628831936,2.539844864079787,4.788039660275591,9.897271935225612,7.971707850876618,-11.30662205068849
1,-16.556396553285715,8.64316486670399,-7.5936826247593014,5.078648557664329,-4.636572165088627,-9.406549838270204,-5.603652237374261,-12.56799139357841,-0.8505277596238754,-0.20195747831551025,12.747677662938305,-1.3480971053171444,6.115688222534876,1.04455708998728,1.7758154222677653,0.7696574213648608,-5.283379052558801,22.166901861792045,-5.482300291697274,-13.174083733173251,1.9016656500799245,-18.525527044518753,-35.49906811360006,-4.23936544622908,1.4231239218148684,-1.223670628940511,-5.298693943766384,-21.575512651003237,-0.48100905262970395,-8.753359301481082
7,9.823130448699013,-11.186907547480082,10.999531743730644,5.449169293029706,2.4939704295624034,-7.4805672685212,8.099753428536399,-6.611768914108843,2.591073030867507,-18.126427423117917,8.707130226305026,4.7047939368286205,15.711258416975252,-38.85823263348255,35.460122121014955,-2.6665453964159758,-2.7874457424136967,2.1056434610712276,7.262030721090981,-8.759007723742258,-2.991612413164183,6.373150608956662,18.379895252232096,-3.2512613674999957,-8.890192262658811,7.031763500151257,-0.21327204803214106,7.225908084100194,6.277826183716905,-3.3402069567938337
8,11.777263099715697,-29.81482524248159,-35.10924439848628,29.405291222007946,18.748831123143773,-5.168354479552714,-9.969521803023154,0.6472526442400865,-5.466472868963054,-7.84209232822243,-38.36638056312053,-1.2853960996348581,-2.226453493477271,2.069837753374305,-8.058381019184408,30.61535781470936,-20.188803513993143,4.036683417185972,7.928211223158377,-0.328173754904431,-19.651841821647793,-4.023595986201876,-14.133816817528993,-9.629322830663185,-5.425901452434452,16.41717866917904,-8.368215647832734,-0.5685351376498633,6.580374301395693,12.08855688414087
8,11.33445340451198,-26.56395300467394,-3.4412918642684316,28.883904522363917,1.0517739212385562,-36.20947919176386,22.682763256258315,5.2008880518501,18.202417970225117,15.042089858445449,-37.14085566255429,-11.335542008665318,6.446823100830889,-11.65036342400996,-10.936317623642287,28.34463539179718,3.5604186906958786,14.462911434826543,8.007159081321152,-26.22590103369856,20.293947180007347,8.752083073736655,6.85128929370832,17.238525857301603,14.465952679237713,-7.937656609771646,-2.0014413510105125,-2.1543902878133725,-0.6090189186313526,12.687423342032412
10,-20.023141742133078,-6.657174910216772,-4.6549777854999155,-3.3951579972877006,-0.6752314425398551,4.77328143483124,-7.0532272422455655,-11.536077698416356,-23.601788889966052,-16.365307783308186,-0.32941380823852295,-22.038388301866753,-8.906355965221744,-11.873135979437343,6.286346610201795,14.884098240001721,-10.268178618662267,9.602709925255045,-0.4116129448247712,-5.166097969963871,7.443826790001879,7.141748073407556,-11.765953851858152,-1.1452092991587492,16.609171340123766,0.23921570823208604,5.726480269455305,24.474933556826112,5.200856846108179,37.758398544363075
6,5.600320734690365,13.705753282958069,9.17867124200734,-5.571292873948358,8.152854949750232,1.6255467041703984,-0.6309104534687998,11.629723428440059,16.4822228742654,13.971912770032786,9.039092506676838,-3.229989487580577,18.35791742216041,-10.673412089670883,-17.7138039152985,-1.1327396547916706,-9.829214197998787,2.939446828872235,1.2524579158847675,-35.094794123877215,3.8487575088206696,-2.1067279965117796,-17.024404106343564,8.349062408110653,-1.5062797251887727,2.7355750170975366,14.537785352705557,9.523051074913443,-0.960084353682311,-5.673396369229938
6,-1.1250377790339514,-6.3474130410920315,4.195142061893609,15.356627126025696,9.455990084138458,-9.131200752718325,7.742184362566107,-9.67356601233746,-13.200341383057594,-28.088892700333226,2.825812337597414,-8.762550783210548,0.10023982058105396,13.49371543872376,9.608151069882211,-5.060587503756613,-8.779287270598102,-9.364064185757739,13.652032646318307,-33.221970467733776,1.9716314400926152,-16.711864249032494,-2.238357625191931,-11.133385926658073,-2.1908063419431056,-3.618401371776275,4.803727933395613,-18.621295599078252,-9.269186321689572,1.6752679701881243
2,15.228509645077093,0.5867746853790009,-0.8405876008419835,2.4020156894987372,15.468999192624743,-3.0089888398796445,14.663103943222975,3.561267319134266,-6.625972898208934,7.239637125312239,5.832693739275604,19.32112132331364,22.060480186746137,-7.5969994728833,13.666574074086583,-0.03562761768352685,-1.4291785703725166,10.016737976146754,-0.9910520521538828,27.346241599855254,4.813291838124766,1.893177983799355,-9.570090450117814,-5.803903624023541,-14.373459995390462,5.784482470350193,-28.95381169355671,-11.232004411631673,-4.689872483659461,-2.608871252833552
9,-12.584220363944432,-18.099642946546403,-10.780264994267593,6.190419633527968,27.311413027528086,-11.928863230106987,14.085747784728019,9.21069893232423,27.74445763574874,-1.7469715856608676,1.6459625553954988,-37.941129764398326,3.952641390184552,-2.2767189507072305,5.847938377952019,24.09602039325588,-1.6846333681266081,15.316960720281926,-8.423129855882705,-32.88574797881122,-2.4580781788241635,3.9135405738945117,2.0660032704118834,-7.626721793014029,-11.035841906452166,3.7073756687793216,-22.67159669445443,4.399785778770546,4.106300025864203,-13.27398647431633
1,-2.938027164640828,33.62937794450892,-27.5149536071704,5.9680741894686475,-29.22080236858105,1.496292682204779,17.187828565093078,0.6572827432067987,-13.088353677257953,12.462117233233487,1.6502407619961934,-2.122784923853334,-1.0152088663141912,-7.406037393322592,-10.151078187393,2.4750820773476803,-22.39922334011398,-40.55432006903714,-5.076773088102053,3.814755516359459,-9.744398657089047,-13.599815929456819,-25.018316878854762,4.403168777060083,-10.748388848537322,17.98151859666222,9.810511068116433,5.943908415337695,-1.8855683571200603,-4.474281178348119
4,4.635642749089363,6.778307880797315,-0.5057846276119796,2.2595493613083937,-10.041487334412501,-14.678878521621854,3.0583060612467534,-1.726385676927864,7.587880975876118,-37.5980993434519,11.71759230540613,-3.6939836679830984,12.405081024581069,-3.9734753209279527,20.156915128447963,-11.387391348755344,-23.751316717379733,7.8812963365042,-16.191176468304118,-1.597142613299827,26.308678778850403,-29.299476651551387,-0.48089141529402674,9.454996426277134,1.2338786962232042,-4.967388522694391,-7.133980450124027,-1.3419502019264886,-9.09941293757406,-4.084047272456388
5,19.51139967413839,7.790794919956473,-4.303965644654856,12625792085163567e-21,3.7764098395105794,-5.085192307600952,0.10621779898599365,-6.747742896464777,1.8856204129467837,-14.000530968379868,16.544116569643084,-42.44898896519105,-9.732921768327877,-1.4097505700230633,11.698193782372751,6.305165664134314,10.281004915308772,0.6266097654837361,12.505806040024266,-3.4597618566430044,10.42120011140281,-11.995464477248419,12.292978226122896,23.299173729761257,0.38818578417091365,14.351031798667657,-3.5749897203692327,-0.8914667357706667,12.376499742265105,-5.93426993698591
9,-10.88882613843194,-15.76646999932863,-10.032661043077939,8.741979741297113,-16.077566462892342,-14.853359118288465,5.894941855225347,-2.6600946885816104,11.926298802856696,-8.408191889174288,17.2538756178785,-9.055645834424078,15.860197524514746,-15.153979400257276,2.4585621542369744,1.351852915455043,-3.7982536813307926,1.8781802806416226,-18.007377893960083,12.687393517317128,-16.897054474297285,9.077031395190264,-5.131171508083444,14.502111066969688,-9.976607667075012,0.9162204662883151,-22.4491398929987,22.64601022232259,11.320314994515213,-18.95311551040878
1,-16.18143891953119,-6.454556776355479,-9.22865069635645,6.284824790034976,-2.359945710787893,-5.85150167304394,8.211565496797517,-16.382488656661444,12.946907954984761,2.9356224689220416,-4.0495771489148105,6.915334703966569,3.9518471110291125,-6.536131671907845,-33.67264783680342,-26.846155727128625,19.24300061257207,15.80420508921361,-4.287938877124296,5.535006008655444,-25.837802246776764,-14.881112340397975,-24.813044289152053,-6.285211542207547,-5.978621708035633,-37.97604848673507,-3.4320790081687953,21.599854998693004,-0.3641368976408881,-7.676802749150419
1,-30.131770351964605,12.899646402197147,-10.520962102784301,-9.375578553462132,22.36536819866916,16.163971674276336,-28.478435710958603,-24.858297859615416,20.43854891224307,8.992895510743416,-25.355969678616397,9.004202748434821,-20.240334101030186,-4.562012264890061,0.6806101846074668,9.120044855306922,-15.917461360846037,-4.434506399871263,-12.076290179819901,8.972597974773189,-16.898325454000833,-11.517841239514256,-26.12889025187031,4.928143888670743,2.220171325172278,-31.922456484598825,-3.775161008563252,28.82696144995227,-6.762736171283579,-8.126783338293073
1,-22.23997942939208,-8.015105719177534,-7.381751785018657,-5.575562586449545,-29.844795279114454,-13.543886693501207,5.882954345340593,1.260435310091407,-8.037774680056547,11.877343808860251,-4.178301536436571,0.4304630283043558,-8.492690917645769,-1.2845564470005328,-17.035550170128328,-19.800825194534863,-3.9560620672253473,-21.46574159761505,-9.103265572818719,-12.020884931565654,-0.7726990603932798,10.352258723919123,-20.107392895813113,-5.825590073927584,-11.7842068702985,86.26223594877354,38.208797610360946,-28.475538680656328,-0.8178958695098739,-8.799882215635218
2,0.7221510101667645,1.7263233790975683,4.702751581259658,5.307528134471022,20.175585272437715,20.415086677765373,-5.402514469841012,5.400698338567029,19.41348452807169,4.282834488976166,-8.121503922822846,16.907465580538684,3.6199227499327336,16.76348019004106,18.99353234600685,-3.029967679029561,-4.999244079954175,16.634132920457834,8.479651454329952,1.201534573638309,-7.833050105198882,20.56021134596221,1.220716131925782,14.826112631203973,-2.275642583693945,5.400527573636934,8.543943853134786,15.192587386762426,-3.05478898716797,22.699285947094694
9,-12.70800517369621,1.6328525350072043,-13.223949947974898,1.5977129607489564,-9.636434097573108,-16.386397521634972,3.9393019786143526,-21.431837766650144,1.9416308189353653,-2.071609600397294,-5.83986687032187,50.60141079519481,20.563032550951075,3.0769647044814508,1.7119928667920115,-4.867504290814006,10.568141860665655,-17.500609525682968,2.7863360305553595,-5.3015239441656234,-8.269346315850823,7.530401762015215,-6.273071551925777,-29.68354319020438,12.083854043990968,2.472299066747185,-26.43391797617601,13.167489433332603,3.9788334784476036,24.691020517146796
9,14.6393637067298,-15.242819550352651,5.849212735857651,-1.1028953388601417,22.156729021902347,20.678272450160215,2.945933703581111,-24.752263954209827,-19.41526635317752,-37.6477018208266,-2.2640334624344822,0.41795104370629677,-3.777764043674762,21.34831253956978,-4.529398641382061,-15.397690209982338,4.7205361536074735,-16.950551590232266,7.8247154714564155,-7.684870981075367,-11.331726086104357,-0.9909512269135665,-16.23284260382702,12.569501087792812,0.5438263894973171,-0.8328855053148254,-51.92303635171609,0.04683461141689915,3.102698933212849,20.7213226870642
1,-25.37426501136864,0.5661397605820249,27.78526511363607,28.817257895859232,-9.575887637355745,18.153989625116584,-1.3081684568310346,-15.975656989457843,7.18727587280349,-2.2929169371737474,8.865536720461627,-1.3414928647956952,-0.6806998369465651,0.28782908406194263,-15.38534445789428,6.513605154404692,-23.121959640983153,3.117394644919717,-9.788616659663296,-16.34164745299202,19.121447380321197,-16.06762962318884,11.824535948631356,8.56708298565449,-9.87474438391969,22.06267330356747,-28.94920680760892,4.332188316591914,-4.510028265605706,1.2344338044171064
6,4.36950078854394,-19.537182898600488,-0.07799325580598804,10.541532143556113,8.495243587883143,-15.759676614682176,13.014793167817638,-5.985071658678068,-5.582512092317927,1.7866001459207652,4.804634244145282,11.072999201817055,-4.300553097075041,-13.169941830014148,-22.06683761922779,9.364989339851423,-9.282696496385201,7.672331177558968,15.277859538772079,-41.526423538694246,-0.4991967578873492,-8.290919348506945,1.3278239448625213,-8.42869826239425,-12.572406520726974,-6.934155052307493,0.4479297383792019,17.465133061554244,5.76274771371503,15.3454253637636
10,-43.93043969269227,-5.95836123075374,-0.00012932313959401753,-3.1828446914670208,5.951560248274299,9.786780540336096,-7.211661122276565,-4.597073228757962,-12.170321179875064,0.6677060017746754,-11.365268188962151,-3.2060157669376093,-1.6775121827373645,-20.227043487197648,-0.29990168483151614,-10.388516150919822,-12.072101033096807,-4.9359148425053885,-9.740361007985626,2.4032807376196272,-8.998470071802288,-13.540868538469,-7.720279663133655,9.338416812296991,-14.745692589448595,10.940653519020541,-4.36902732361516,-8.547136978652778,-6.965798185420972,6.666644809345966
6,-0.596477989956687,-7.310766134968807,18.562767329427093,-7.356838914288589,-8.475367801444506,2.573138540634625,2.2401985306420933,20.36986244424813,8.406366719303984,-23.875698077764415,7.7224177531558915,12.562340026186,-0.5942170174002075,-2.894331996854793,-6.166210208606129,-3.7898873897768612,-25.845745436429297,21.00033858978825,0.17128888892007654,-52.17841931700829,2.818812342099092,19.07903690521737,-16.95652054110356,-31.042427588823838,-7.850328893742843,4.285287113724882,-11.347273742654425,-20.4459205475315,-6.520071506546758,-11.543536879105638
6,1.1655000619606297,-6.441202077271478,0.2795636814961351,-11.982624861383654,-2.055565335478252,-21.96075125272695,18.88523256764001,15.731475048716652,-4.493242548867494,-9.154668862245883,-1.4446953455749227,-5.353937847656863,-11.865318640005473,4.512667190360871,16.876053557073234,-1.7143780044613157,8.769472768799762,-19.919731257399533,-2.371452442887219,-28.326800108842846,-4.373063141613405,-19.644412794838406,6.803234813352944,1.4372829425792513,3.637567754140496,7.797036118683985,-23.344216965645142,4.909388035462918,4.578028531753474,20.332270621343454
2,-0.24785305217054443,-0.9714839824289925,12.71738522593425,0.34922674952866384,20.359819286905836,-14.301034862855204,-13.43965166403706,9.387285055788787,5.407792549554209,-1.844397649657168,19.333525498603787,6.499148988390577,12.670420647724644,-11.976712345812807,14.200850166370362,0.2727182608744161,11.550434285245807,-1.683209322918556,12.794270998639817,16.157734080011018,-2.4938205967589413,-0.14156889858967592,-20.7543958257172,17.196276434415942,4.902204356994376,-2.1455789961826124,-3.8415943667178256,15.902422148285773,-3.7977922648252216,17.21115531674738
4,-17.706715615732403,-2.5176541739574607,-2.4428953115695653,23.896804216994322,-0.21891004413246284,-31.540304890841412,-13.565037309241633,2.2750763405921997,20.430041922940408,-31.753538558766095,-5.0255335189166175,2.626353050933886,4.099859272530875,8.141785615506892,7.9269679220346925,21.996862733844825,1.4714513499637971,7.100568822587747,10.960853527170388,-4.543354388293333,14.514188718811893,0.8097601702315353,-7.274784435021707,16.347239530829416,-0.464000360514485,-2.811728267360321,16.44502378882191,-2.2886080656498096,3.566751192251996,-6.352959996770707
2,16.82518511874786,-2.6900717112421457,11.230895164108933,23.31047314953982,-10.228478692267327,-1.321925279115369,-8.78219364629855,3.904960477773654,6.49295767292287,19.640053715523393,6.688359542468892,4.168230869490223,-4.699560851661952,29.41950241699,28.18175683714211,-2.757690944960436,6.380696399103457,-5.303236605939237,4.259722915728315,-8.15879340803901,12.431478183875672,-1.9110259036220918,-32.69512904963583,-7.840800944329037,-6.912650602298552,5.661441334662902,-5.911476001733562,8.389371788851214,1.072268728333421,33.99758375014289
3,9.125933346087182,1.5303479878860822,-4.891712499310966,-3.405218157380905,-0.12539933418195848,-24.16354651809609,2.465530136807758,0.8836519105334781,9.662569959353917,-6.703507835570809,-2.9225244410028,8.422618020711063,-10.495246407121565,4.11093725570768,-15.165814280526439,10.65169525097357,-8.97474523654233,3.171247832246263,0.30558081521635094,-3.2384231006479114,-11.145333571728822,11.045628681598192,12.209182574096157,-0.17987297947024877,0.3886692397288337,1.171336596940159,-7.33695700596258,-0.4561993480797658,-23.33800453961808,-10.060698890984307
7,-1.2586986561947464,-21.827975456717986,7.798839637072538,12.290508537010092,18.19106195309304,-0.9050137202856021,19.132120273613967,5.78570447342053,7.687020409437425,-4.678719390794877,2.345244717682666,-1.5303009799602902,7.957115477651517,-40.980990056844455,3.0954540357338827,8.664566174899095,13.418638281034324,-19.34830111772098,-31.817022265441995,-12.690307816824522,0.047419323326163276,7.49397227977491,0.3041922612686762,-0.7527837080409363,-0.0891334183594954,15.893056345601494,-14.498498585126114,18.742779228510873,0.5376027995063243,15.4971318564859
6,-3.3907679125081094,27.500384682389786,-20.12621391131842,-0.24545399436754767,-4.897207745649437,-16.31709891112518,-29.59757020580258,-16.846702500857386,9.175056701068197,5.7627012880735204,-1.9181774950273294,-13.857913102463101,-7.889304536173383,5.291972706840079,23.468485697326912,-9.353143869942846,-20.320866577620535,-9.515207743579051,-2.1470422450632656,-36.39057314941391,-4.331306791023858,12.712477246268794,-12.926207922067562,28.823190744790164,8.396859982492874,-3.4707230963290465,0.28082374786284864,5.010668533610637,8.063418590771866,9.129223458040563
1,-3.979058972717292,-7.143260431348215,-10.095453746547133,21.610785022092795,-6.760246897516288,-6.33184250298075,-38.46215691297209,-4.866157541115579,17.146429356125665,-23.91827179293531,-2.3174467558375484,-17.256470311522282,9.419450062551949,-3.4175770077975782,-23.465226106598898,-9.40055205820804,-3.0105830256837685,-10.595388775699043,-7.384079325570594,-1.3695282556632364,14.273241823720912,-13.622021524419447,14.947627745556304,-8.935228933178305,-1.9018124706922004,-40.94905330525947,-4.4414489866832065,12.718239144055444,-5.390133434676839,-32.34257067228612
10,-25.543185710705664,15.592466166079817,-10.627491895564196,-7.73038997491466,-2.5235289265567338,-17.158904279510608,-0.5969601934594694,-5.282719653203992,19.239664424295775,-12.621091609898576,-14.366959846392444,-2.141229031049549,1.8771204790331417,11.507359715671495,1.1016814945265012,-2.821094156379998,0.38647074724902586,-2.7636052031133715,7.377501051712294,-4.650007534427016,4.0440837399548055,6.367190355997562,-6.224831060753945,14.65055133821577,20.994251613461646,8.938961586609675,-31.872749401334673,6.113741604423284,-23.955850192139746,12.738381769291763
8,-3.218356966974966,-23.30852747522774,4.435045143642139,5.995169753035016,-3.4011660293080923,-15.8737917886847,-13.722958282016169,-19.493384289707333,-4.911628102268562,-14.328561967626516,-32.44944868540885,0.39137887423782836,-1.6027116721071983,-24.266477314367243,-11.421108818463233,-5.609053114157292,-8.217162629940741,-8.55791649963064,22.447705105626717,-6.483197979994733,-21.616760981053545,-9.638145162610343,5.828625247005823,-11.651694386055455,2.4515789842272344,-5.3932484103803615,2.70106126659243,-7.5248313061755265,-6.410608487404863,28.556361723822498
8,2.755581499987617,-25.359643023911403,9.468235309827115,-12.552949758078306,33.74894161483414,3.428543539189203,-19.920030244589547,9.401665481148516,-14.467448900226788,-16.178840499344545,-49.50438166800528,-7.892918139615115,-4.745344178484828,-29.843413402097593,21.840029647258017,14.504279260997826,-13.550594544247772,-12.31921097247649,4.219999373128243,-11.020631227232485,-11.019314497896604,-43.50558185862198,-8.260684306303826,9.013604262217703,-1.6900365858777189,18.3412539840803,15.946192116155501,8.636138034387553,-6.678441556558488,-2.5379751154904646
6,7.135030935234962,-13.64800742533399,-0.5254919344537448,18.5807596750328,10.642606821553484,-6.647532805700805,12.591227991010554,11.548532123342119,7.598727767968983,-2.075917055098028,2.226918176389863,-1.4274531516133706,-0.2846008210651606,6.461896219985748,2.30001967755624,14.33410745763699,10.8976114505521,-6.104437039020981,-24.579049249253703,-28.602889102853737,7.701811097030464,4.432047166506938,14.487475321678371,-17.252099587665718,-8.17535998259099,-7.611009620034418,-3.701948895479261,11.480993976016263,8.711549759663532,28.357602667465592
1,-23.65489493154923,11.791974926672665,-27.806808554774424,5.6617440883262224,4.129059271343325,-27.956437140040748,23.205064554843954,2.657149106906311,1.5887274663395523,-9.134149007438609,-9.338121021758004,18.545879192574436,-0.7763879552002009,-3.890975110243272,-21.490794681686186,2.145099166928745,4.738416961339499,-15.445726241371915,-12.298611642086389,-23.45957270410294,-1.3263308024081473,32.52271387501625,15.635686498170932,1.2030499831798913,-3.509573623585933,42.7347303683778,1.5306448710142118,-3.25055236021401,-12.029019245668646,-28.227429850994014
6,4.135442945825644,1.0785354010607138,15.329917413427296,-4.834285692129862,7.313538791485138,-8.012919935730421,6.462404258784038,5.428637780117558,7.330246234171614,2.9723149778229683,0.49750585602641795,-8.32250576387811,0.28841128006807126,3.5880043567101367,-10.845427901228135,2.3729447954638516,0.4609215429372917,-11.609276082537075,-8.173223735762734,-49.69158392891895,1.6594750187231218,-4.544440755845813,-11.724998536657564,-7.051873641303704,-16.31772782818581,3.977371683604768,-10.493185436908794,-0.5259883309374898,14.094021201081366,18.932658744438594
3,-17.507254336112652,-10.647317161556597,5.3033365439525335,2.375446401041873,11.672200399226542,-34.98734755187405,2.3975252118608696,-15.443831467715524,10.420660661975214,3.547269143976078,2.244185954229514,1.7968993044270911,4.310546532108281,0.1658376209726096,-7.930320440609364,10.459083148506208,-0.7532255622162098,12.151758576672847,-8.440244588298729,-4.522305929148345,-11.203784611741902,-6.364212199112954,-5.333825695748385,20.051524855061547,-1.257327731653974,0.49866032749184647,3.1898765368124695,-9.038947494487951,-8.553799460460679,5.0061801187034085
4,13.372655267290124,-26.825088121979626,-19.040902096118344,-13.503901334788297,6.64116820696453,2.9662960646291108,-16.186751934181146,-13.870673020999808,9.668303728711049,-50.26325743373697,-9.337096292851408,-5.041925026599543,26.623891778988803,17.41992393083321,-18.42138203397028,-10.316407442312247,5.715982893500603,8.667591055691359,8.542466218294688,-3.442925577510449,-12.37200413656548,-10.869996886068865,-0.1091951467996763,-10.308271338110512,-9.940567305417998,3.2987728109218426,-0.42646911792152264,-3.833900929215743,5.200695894309322,4.331835133974563
10,-38.957018912119786,-8.151175581078007,6.023850465685614,0.8988191160694534,-2.88018149760213,-14.193904794054852,-14.805017515153613,-4.044780218478488,0.45812591559676896,-9.048709045413132,6.7570194139716735,-15.791613677284323,-1.2877425799474485,-8.436231933441952,10.972503781748664,8.475603854104712,-4.646637723575532,1.4863919072539868,4.161064648443545,-2.2965203281946076,-5.670736111751304,-0.29299241573887347,-29.468802255793936,-5.673477995458981,-15.293923223335607,17.145050841024258,-9.494574327483917,8.507128999822418,5.989379995150642,-1.2546113383903368
1,12.134707818401218,-20.11294000731346,-3.053265529688972,-42.57964080821022,-43.198958364424115,45.79227914774139,-2.8292246475540757,5.272700927121167,11.35898275875609,26.502905636283508,12.201344816394279,-1.679399914867913,-2.5292104709242382,3.303746128528611,-5.388991531276533,-4.4512937970729745,-27.109396382411763,9.83955046451748,0.5084855613711419,34.286244707396904,-4.581055444480943,-31.04669964848363,18.513112513551786,-4.954915147446384,0.5732085844211348,-11.27201505641528,-9.74189327501611,-15.291132390637957,1.4702031755607061,-0.608052378014424
2,12.34311921071674,-4.30688898082259,5.21330828437733,-21.93376787954706,22.592701677341417,-14.888739335809857,-4.292864353334744,5.96492904158814,11.468027701107065,16.84170773295123,13.74775141156249,-0.5725736209326753,6.283445492870001,12.675769135202263,1.5299736802408432,3.3435290702607707,4.705194083404982,7.336756085903,22.209539168395743,6.096531257143802,10.822975508912645,-3.7968033011585427,-15.799792178786563,0.8561617080970629,5.163371751572175,7.148986625522281,6.8141178139209275,-0.0021715175157597244,4.554767679227407,7.767050678625323
7,16.813247758424758,-4.164446798704092,20.751265986898566,-18.11261992602338,-21.25118707246618,-14.568706417219882,9.968526963998588,2.8472858080772667,18.437137511189757,-16.398362199108213,-9.895855000230092,0.3058597468465658,7.906112445373885,-34.71419556364208,7.520246789247064,16.964618941944458,3.5314584092331796,5.331151122595406,-7.208419892771887,-15.95637725860146,-3.577692158103584,-18.112361753466804,-14.48160763909735,-3.2327030444073963,1.017809446989644,7.70964661360806,-3.316540802939458,-3.5504909969685263,19.97309188468189,19.84808049467513
2,12.623056894023133,5.508035062059207,-4.591271865432019,-6.1861782745147496,17.716598831500857,-11.745635052926335,8.304345096702587,4.718795550791447,-13.343170186159293,-6.166819185478872,0.5284162327575155,1.0347544422714203,3.877560108678755,6.379030996371101,7.512429746724267,0.5345941267871748,7.261326606723593,16.683672023742126,9.959862702597329,7.922044312192275,26.32453279609367,10.098304926043193,10.520032161677962,11.79922021945665,8.224814350983905,2.5353204874382165,14.702982897945803,14.23253000340852,4.9819463025483115,16.57548365494973
7,-18.722480171811146,-0.15091501546830566,-8.08411426018233,2.860441314894701,-2.221031967341162,-14.523460104683535,22.28156878293715,5.178170650055505,3.4362740766381235,-5.698930768246094,-7.234055535349561,4.786729816066389,-15.179690947796658,-19.219057801626054,-5.350886750300299,-9.29836003467783,9.088564408019861,-7.945303921419863,-11.821554756980081,-24.74112739449802,9.831039670040772,6.279497033760505,-1.5271176126441333,16.339394108341793,-0.5191288467480144,-1.785114418727418,4.4742871496587675,7.912326133847497,13.90105900175156,-13.265109539435727
7,-8.354181433498542,-3.111271271741884,-1.6115839161599474,-2.2453106159256,9.550084547180306,-22.304580024425448,16.83424428807896,0.262357109265031,-1.453321789544446,-13.705649266515987,14.057282393605377,-3.7459121410989367,-1.9658036697618604,-30.155744803488336,2.798084937454034,-22.226590122204975,12.594187591190153,20.957469586228726,8.068776810097905,8.054615987600041,-0.2804586187681972,-10.542707106462393,-29.06613660492146,4.399732737200207,0.3980975129631499,1.6910173123938106,-2.5957228108641393,-14.187600863569166,-2.7325891458914793,21.342414802846875
1,-13.753885870688348,-2.319292855985538,26.57463467494232,-12.050641246154981,-10.427729106793587,18.58376981888988,-20.19961667122319,11.08516148696096,-39.14462307397193,0.7567182143167202,24.838414443082687,-23.967236470362717,21.720244226828605,6.212583811899155,1.9330517213303384,-25.008205296018428,13.40421405579687,3.885550409358187,-0.7518087871084713,-8.619529170990353,-9.992185804609363,10.679493511233998,25.707495894067097,-4.259331224249251,2.2736044585579087,-2.769121248477484,-16.756171413828632,23.042063273928477,-3.87726745550668,3.6789858334443295
3,1.3322638651919334,-3.8864214659941436,22.795041868582228,4.189916060038993,-3.199342216483605,-30.203322188768038,-4.3439659793301235,-10.93433278513528,4.6010538252936115,-3.6042774324529834,4.992323244496146,6.734429088529666,-9.521229917173843,-8.017600940725249,2.0362812545209477,-15.997124569339356,6.61335426368808,-9.518192344523934,2.0080514968951384,-5.623053203441652,-2.362787186454915,-4.158050405348713,11.69620256976156,15.964085952924863,5.447967522157618,7.94477661134,9.605218575561562,2.601004553697059,4.552026267531847,27.121817350551197
4,22.38274851719001,-1.3715188155033975,-17.370605818104234,5.395340294212966,-0.3216530578575254,-2.1549836489366836,-7.1844720034834335,17.310441598584102,6.851635554064236,-41.752641432049856,-14.44467178647141,-11.709069697881949,-15.822361425091685,2.5738997296214032,16.354929384213595,-3.1175762324403893,14.770505909054343,1.0171929719526476,-8.617707842635102,-7.742020899909622,18.343609983075485,11.709060397451498,11.519158450856594,-10.873073769763973,-14.021461132139729,-9.70484153866514,2.905883657270068,0.7620580875810342,10.426225590268404,7.618400093641248
2,13.493962079498104,1.487024385611,3.6146497167395304,-21.516612828753154,7.268483471883146,6.677443391630885,-10.107869397612822,8.667949393666218,-5.497116243495173,-26.03643256656892,-7.685085139006149,-8.023980941494187,4.790008077268187,-16.090665750275168,17.392706202890167,-0.6051320945504721,11.125309888940404,34.766117960225884,2.5609446021108737,30.832931470552687,7.3857786147349085,0.2589004471938252,-19.864902955307315,-12.222386211758984,4.704058975592727,-9.634884468530029,4.482074656134821,9.619413899597419,7.145221850464141,-6.379482275486865
7,-7.480787713267854,5.818007245092853,10.709364527251768,-3.791520518023586,-12.28519896893702,-1.2953640166355314,-9.134818370992235,4.036895387763853,-2.940815934127542,-11.98817908772887,0.9982182480374535,8.005965668689027,3.3060312553757463,-39.091338459462335,8.42433878094393,1.1377186201424185,-5.890884948287962,16.175048560902137,6.277365459679018,6.717142720804866,-18.17078061318486,6.663731164396742,12.338710080892929,-10.526739375231278,-3.9533527237138806,9.718018424895105,-1.7463715593902176,-1.0223503643265492,-12.113657415625745,6.140778335470812
2,25.26564517654417,0.1321820717812131,-9.939299552143831,-2.642240460553036,-9.114195085755128,9.246598602234089,2.473511712690043,1.8183132320613224,22.410826708489047,-1.9917770314231218,22.512352534352754,-6.6226634145429335,14.338325413251496,20.516601605732006,12.152984775018272,5.318879406283861,-5.579248920665603,0.5230469597865657,-3.922176590631164,19.1479663101212,22.820930831798734,-4.2672393755783276,6.956773829691047,-3.9198461455659697,19.115841693660933,-3.242528358260537,-0.569166640774841,-5.0247936410356715,6.9369334008235874,-4.185856155361128
8,7.083243842696385,-18.591525723768452,5.598485075392661,11.39763430822743,37.79127965851887,-18.982635359680465,0.5493393907539144,9.347271726300056,-10.061128989163947,-27.547007999949948,-27.443393267108366,-6.429233864453591,-0.18616036335905473,-6.312848913702811,-6.182812386502455,36.49231891846582,-10.584661699718854,17.850610962370638,0.9577287651194142,4.976576567251423,-15.391705462575992,28.31612204981916,-3.0431258792186036,-0.6143214724948309,-0.4555832839046161,0.06266473415340501,-4.07078539419381,20.059312944638,-18.531967897843487,23.803554857332077
1,-23.382782544923543,-17.678311943092307,25.298574403687315,21.214427683346873,1.9899891426094518,12.01658341860315,14.459810264286633,-9.348318163938462,27.454861624037584,5.918950434644724,6.355478953373065,-15.95930680503961,0.09220141746985089,-10.012623330972577,-16.38230793712549,-1.3103945126258085,10.190767785304704,11.5948517719765,-5.487457339700634,-8.623622155628905,0.8186893367663819,-34.3286450108295,-33.570525474661785,-6.300601630784831,-7.2284288956883636,5.516965723841763,-20.04973346887681,-30.81860075075982,-1.6369537557042513,-12.13694042180077
5,12.036855197755473,-8.491576880688287,-7.539455710003181,-4.698490137334278,4.302090288389788,-3.9209819738264464,-0.3708581177922377,12.94887916952995,-4.085055197801344,-7.686276685933197,8.550218910800515,-54.37342078751925,9.57629413772541,0.8238787727936774,9.909704965059227,6.459631320546995,-6.518121340317226,-11.380785779840334,-12.642505643677174,8.855955322144531,-3.6140007699245684,-4.891180228902938,1.7475502084370045,-13.729329629735828,-14.817387617200064,-3.966740536396081,1.6291326368811643,-0.2894538699452427,-1.68804565821054,20.885456533155597
2,28.277887278473592,3.2156836442331436,-8.257112761452477,22.789087273035875,-10.48551100770371,2.28659324970147,-13.490163811768744,5.0699360091858,3.788327292084012,-10.54753359666705,14.96047005338523,23.137666080736256,3.290004022454531,6.869415017282778,2.5959808575813064,-0.4699673328869207,17.435441147693354,6.848660833350653,-10.032604602657868,-10.962748428304014,-17.443737888753105,4.277317513083324,-6.069060809919966,25.10695935501697,-0.5198481305021119,-5.038386139915461,7.372079673578147,10.90102251075941,5.6481928993079205,18.29836390360093
8,8.268770296879351,8.408001240609702,-1.9631657350043885,17.582450279553974,7.718301677765281,-22.209087653805284,22.04465608666868,0.9464051836746277,14.404238058233108,-13.84457650159051,-47.40951237542779,-6.033982193661713,6.013010101198497,-3.151321719442882,-4.235767361140586,14.374393461634423,0.1026123166689179,6.448303688595175,4.181113163248458,24.070510781298204,20.07393995026244,1.276558708297822,18.01033566721016,44.09459551601125,-4.691411562090368,-24.029175609098882,16.608207964632726,-8.971989755154066,-7.263217154960868,26.39961045133157
9,6.14392369765611,-0.8158534768867673,-11.098906462882683,2.808662448772256,-11.310965289567296,-31.28995594093891,-9.09430924992471,-15.342474182967125,8.709300598702116,-9.101044805694823,4.499134521651786,22.34798728402722,-4.599219715659711,-12.130262950146067,8.06371932965102,10.844412006166843,3.765268850707017,28.822116124801646,-9.99786197271394,10.272443272870246,-25.432974137138768,15.325784291221513,21.135713765446635,23.879891974429373,7.42216472384038,2.109310461602199,-30.77784866298589,0.9117347932368876,0.09734445606178987,2.6032781531666105
3,-13.104268841706087,0.9579781625262134,-0.7856537945016631,-7.893862272976217,-11.210661200420871,-34.027591157019486,9.970601952745074,-4.286168927990583,-1.8365361868118437,0.5665754635027909,-3.1633541000641006,-15.530737596177602,-3.404138267155599,9.58730336089716,-4.523024972979845,-3.5074813147165704,4.886921798829218,-6.215822080223367,-4.876423050893326,-4.388296970641962,3.0643224505922713,-0.8527532167602238,1.078324869843571,0.6702427280136791,14.29641055467482,11.946248227129512,-2.296096081476942,11.258397829534678,5.666068673201859,-22.013251680062744
5,11.222670612383931,19.745573827355095,-2.559445018774176,8.059682661575545,-0.3326541821339206,-12.95874659328445,-12.141185763883303,10.53528015477962,4.160421028766487,-14.701320804017902,-6.5665246108256605,-36.39156615854423,-4.377072047151903,-0.443062384904662,7.5636633132581235,10.117164449939313,1.6081644485696034,3.683278549903205,2.0886716205909823,-2.84069446079289,-13.994851694750702,-17.517678944571717,-9.59651852152867,-13.462852284845681,-5.222206395110444,10.560646553293566,-5.211025114565788,4.912831341212365,11.82080582791111,28.360719422766138
2,26.520690636999284,0.10365312695559181,13.294536971325519,10.368062069293448,16.911937828943103,6.869164146788815,7.249370538081573,7.349888891051053,0.6574166112537085,1.0752157964110625,17.791096436492477,9.01911409617345,-3.3830934425458614,6.324652645651776,23.635225671692375,3.5774671749559466,15.53453656572988,-10.907912239943236,9.52846684332365,10.590897837808999,18.160879565050926,0.6140575848307877,9.132667695962086,0.9831858526046817,4.900541480333189,-3.3159779159749725,-7.003209591917037,-3.9773797863654927,2.6362806436144433,-8.12045074381652
7,-2.424821486717306,-7.086188346621699,14.381348959412783,-0.9809776483633328,17.194677589335676,-4.139491674531511,7.049835587327158,7.595514999865667,-0.29219560640254394,10.064459305496278,10.782306725111791,7.923103584556289,5.787607409302046,-32.29774962117354,-12.956697284686099,9.30908443342699,-4.527670051413536,-16.971713128141385,7.023073909496708,-0.19939743867851778,-1.6973709943015431,-4.7599034936201114,-6.428106017248738,-0.6068050056019101,7.961342379656956,-5.226259599144168,2.099304579593733,-2.78674310792565,-6.047793294826226,6.283467684209891
7,-1.9372652287957708,-18.083677581469598,-13.151098880691436,-6.406692306351776,4.832053083705475,-24.488697987176423,-6.8217789083051334,1.9720152073271509,13.344709767249123,-10.761156163437114,9.945507349054164,1.0390988598030813,8.95746393993057,-28.888681431171733,25.251618452267415,7.7973550820660895,-4.829800784427112,-5.331139108947502,17.64418258976143,-24.873475366383403,1.5605393877614104,17.31807407906353,-19.910947941793896,-10.069939875214013,-10.950621054190274,10.347736842491734,10.965460391817523,11.128346180154267,-0.5478221092084692,27.197117458185858
8,22.115208091381852,26.053691172334208,10.471797565932647,-40.31254357306537,39.09063028842343,0.4038590173548311,6.288610767617887,1.9808929999721596,14.789392564710028,-14.416619756846204,-43.49300653778469,-2.1139004112250053,6.226267246155944,-18.31839337303941,-3.566730029491791,9.819511864161882,-29.851302250001492,-1.011982801375665,-2.4843986257071036,-39.7575191565651,23.02729913058291,6.938342594417264,14.011951801717153,22.271975883995808,-1.9818132583357801,12.601441163173966,-12.663792197828833,14.505592300240487,1.6302543337780362,21.127811005958073
7,-4.255348788431384,-4.777665345311056,6.879053432698465,-6.718369718763741,-13.67752963297606,-24.345021070356722,-6.0040380527905,0.3358141437274247,16.741688026392545,-21.429515268707632,-25.427734575019194,-13.063158286252687,12.321390383619516,-37.63350395287984,1.4782236545762588,-7.523623582465718,12.733821985451051,19.643610254189866,23.977016711357866,18.18261068939654,-12.57418365906058,-6.939410996748316,17.59476801063362,11.462148546985741,7.181058309765855,-5.592712636210189,13.082873611201567,18.231712398057148,9.312135165073261,31.016471743009205
9,9.249780753604604,-14.171591246475899,5.176841737810599,0.19314730357255394,5.566141890885551,-1.1486684997302419,-4.724898974514005,-31.31478397999458,-2.8963577830966294,6.089298270608905,12.542346985142656,2.581378891781341,-48.75508534390479,2.71498079366205,5.8993221761785515,-22.455187595282556,2.9711058415957887,1.65550691581793,-1.3572014323491055,-19.846357585756202,33.25442934722436,-2.8565575693170597,-14.48948283860144,-40.55339307002843,-7.017965741114531,1.988912364085974,-20.124473447077442,18.468141160873323,4.368464725229539,20.074574319846434
6,3.321983967656937,-13.61408444692632,-5.282887350312726,-3.999950232544643,15.471935902137586,-25.920741735962622,9.283173240870921,-4.443484063865103,15.574372987432703,-25.839475950219352,2.034399209329372,-22.392449445411923,3.9254027876703788,0.6065742923355908,4.336446054299856,9.695772064530995,-6.317941804613158,-2.7225188089237014,-0.0013919032636473538,-27.8120208432234,4.935921794088321,13.671726912696478,-1.05116818779936,15.584680958690782,31.415191029511316,-13.69461452801417,14.64782947831815,13.475556373839233,3.8464059597092017,6.620115947099097
10,-40.10892750175918,-3.576667746033978,-2.248540854157127,21.615242831599762,5.402927493120028,7.721038773047752,-2.136581161091142,-19.81784652646963,-32.93931242205119,-9.732791135998497,-9.395016660161605,5.6580074291358535,11.613932231476188,3.625592700799067,9.591221510283155,7.387801473016532,6.868966437320866,6.092719557895991,13.038083249435017,-5.502677005716803,4.538425213391942,8.176145547903232,-21.10412604931953,27.45582551937331,11.597173633629396,7.899820641842526,-30.781773088603053,-23.420317737392214,4.450548718654234,24.447897873409513
7,9.085648737232068,5.177425244166452,8.444382863130581,11.381262081314839,6.440711356481812,-21.538228350726392,-0.4291949159580235,4.15334916012856,11.125297943386046,-18.502753154716125,-19.37039301002369,-2.8846983236684816,21.292523885383584,-46.52532305700403,0.8071905560461068,2.719895165794414,10.644107767636049,-9.957445205843431,-11.524068637459834,-14.611334001204643,-5.80404605002003,-5.912173964989735,9.898919722936494,10.054923026998184,-2.254441928978941,-9.382385223087644,0.8272644429915739,5.55127736476779,31.126395585727508,-1.9983308120463246
5,-3.5456412305076794,-4.671166945417681,5.51615069355953,-16.444134045096384,8.30944884735457,-4.833934329845455,-3.62573672165555,-14.68127018818643,12.155464289729128,-13.874242034872088,25.14896381174731,-13.653614330864254,-6.3383849180655805,6.418336732966273,10.283818722138841,0.8274225698436153,-11.75685583246557,21.362978575183003,-21.64341023939321,11.827492635941418,-5.255965919473946,0.49812411748813384,2.2342194929606145,11.089641141285574,-3.005386414962094,10.259039861759504,7.440926205593145,5.380918302130747,-6.385244006680239,-0.15573594252840373
1,-15.635568037714485,-8.853990960872276,20.60617048855139,-25.779368285718167,-26.819841850851482,22.408083437695257,-60.54413381988442,-13.380222754332806,-23.046015188670943,2.554906347636098,-19.69445907828206,22.2665012589753,11.960701875838561,-9.693569049581482,0.9658871841701195,-5.535846249319333,-11.23971392932836,1.0398782433200489,-6.289891573759089,-15.058942377300847,-0.5451140293710988,12.64519681114497,-1.9813901365233524,-9.993723394409638,-6.374245455278899,-12.972407759281182,5.582064048128747,-18.02444373565063,-9.459841251672163,-7.934905003209557
9,-23.961424884944098,-13.868881024228099,4.434058965045892,-0.6919776535891367,32.35767385117879,-22.410284637739128,-16.744102992249637,10.649832170797525,1.0095717274458667,-21.359598113043447,3.4190711907388187,-7.539606987285165,23.622978568337764,18.176651471612967,2.099517660502561,12.112795722008219,3.753050164599051,-17.64998483797297,3.9522856001332034,-25.0461123384677,-13.573014874493389,-7.832389774205308,6.005204035433993,10.045798251373371,-17.10708534606741,3.5933514437095573,-42.66554698336533,5.455098328780625,6.614012937368525,9.615680070352688
10,-20.216337942455723,20.75962996963607,0.17511924392343015,-2.2863168656833333,-1.034553883419846,-11.255728310936924,-15.71093935673949,-18.10762909460947,-8.416518718097635,-5.2329038421270955,3.9773704394374008,-10.109569015572747,-3.3125807838969368,-31.347256552697406,6.351709030427779,-5.749546707251314,10.616958303564976,-3.097837827564769,8.895126798386183,-3.291479177947979,-4.035332823663351,20.805871032182726,30.48122756515716,5.7633149379710975,-4.398266551092962,-2.1550989616333145,-2.8226851485347044,-11.996214589318662,-5.917738148446624,27.38732583949693
9,-12.946411594176425,2.615750945310104,2.1964260550901633,4.9100711076977275,1.5306258714300405,-20.922303236891622,34.96518968999632,-20.39517685487122,0.4856642347840838,7.460720586771178,-1.3920120598889514,8.188984798597524,-5.392354725627524,-22.09950619046082,3.7247274652224514,8.347655149657887,-0.12586725572416935,-9.476854096553884,1.6529874966290394,2.2354779856933353,-3.0982867122736866,2.8786877132545756,-39.89332733283221,-13.838713073549503,20.12080325953985,0.13181366613616174,-22.628063454638493,-22.853798202798558,6.200225819646832,3.3640797197732413
2,28.019329836653526,-1.6624317203031351,-8.206635893049075,15.054699456231084,-17.195212902076296,-1.9213943641744866,-10.959162825564974,8.05568808641916,13.406995412497288,-11.725647887132622,19.773516709259553,-24.792378559031246,-7.095382716219465,3.705973075976756,21.7418529262845,1.146118682178853,14.345382584203955,11.876417610095594,-1.0519908830338052,-20.616306808744056,28.890418844061703,0.4842727278674057,14.98862209667076,3.382312424302379,-2.510755640596578,-6.033801441015595,-5.165011843839069,4.815099765550238,-3.9739167505706554,26.37997502220447
3,-1.666459531543696,-11.809024013489351,9.638305782936326,2.186033669554941,-0.12653973965870013,-42.33112371653951,7.3009453995238145,-5.953173344579603,7.998326054936113,-1.0269579218735139,3.3231319130280945,-6.3962296747880805,-6.603403600611996,10.775504723250886,7.470046931696515,-12.809695180590998,-2.0999287543056084,-5.333326408555438,-0.17607813273629147,2.022537974897524,-10.277863017486503,-2.180515486077601,8.542868298956343,-23.855080390782756,1.3766167951594575,2.4294171306110197,13.631828358400336,10.95752816253787,-11.991697191441226,16.77388526711855
8,-5.135623537799505,-36.46259326212441,-7.948581227752341,-17.766071834715948,8.853665171948952,-6.4614556785369075,-3.3079100739811182,-1.9906620922137508,24.102523806940418,-9.181809439773597,-34.4292122207085,-10.11329080994853,2.9048488742669365,-17.985114016643546,-7.084435937506832,-2.6038088102378305,11.67265250256478,11.27562723711046,7.419787455168826,18.614635262115097,-10.750667325830292,19.64933629485484,0.8144807414644428,8.603659515440814,3.667415916319033,-1.4979612758572722,5.934395117502507,10.549087750283427,19.713950089207334,10.62363197403658
6,-4.252080137296942,13.519441914423554,8.029374038711927,2.3893967199339117,-10.317444694204054,-17.503609226347947,-26.791534019649667,-3.760252475282614,5.591879471775901,-38.64675867010891,0.1177476520028764,4.545273914340939,-0.6275811151480326,3.783757993679045,7.851408708469913,-4.729000785036625,-16.756872707895056,-5.428891900865841,4.793223477938975,-30.329592619210935,-9.488651504753758,9.782659037558016,-5.3064429977623275,-5.8023045509976106,8.304064782292608,0.5352775876089425,-8.353741386119022,7.42198535620968,2.05993652074444,-0.43045244780950664
3,5.481399044053282,-3.3068201785726647,-4.005499672674018,-3.4723887594883487,6.402082326110719,-31.80867030892712,-3.936550268637477,-35.19383124550168,7.941047673107528,-2.6458357509397925,-2.8936322707417803,-4.740003911395523,-13.235505618868572,-2.357938900289049,3.509821837284278,-3.0878352954714314,1.7500934763348404,-16.24972067381595,-0.08221141193511794,-2.6359853984295905,2.810392504709621,4.6385365468660735,1.3395484267215776,-7.36654583027443,3.7146784402333393,-5.580761066434432,5.439578661163323,12.541370500378472,-14.853124281742945,0.053305524199930066
9,-23.750056580205786,15.117635483547625,-15.922274665915236,4.425121588572322,6.3081875607549,-14.176028194241793,30.128086670919565,18.45827820667795,3.8319555958534948,-14.8928148494537,-4.877783409725442,32.21526156805348,-9.204167598968024,-12.981741504833415,-13.443399193600776,-16.15345739585379,1.9145519683031957,-12.445474591327248,-0.5045525915875795,-11.61404820266533,12.218139559284479,6.479582739865971,-7.275513532865223,-19.88154625240037,1.702710182007959,0.5768047586049496,-33.813937120398705,-27.249544769943643,0.417246605093327,12.921616915497168
8,0.933732688860565,-26.46222318222991,6.132308993606236,-16.63692395608946,-17.364067933586444,-14.775475608303571,-11.623670070652262,6.329340575226102,13.127477037660496,-1.907192267309866,-45.44345041286855,-6.721238547968603,2.9299899440238537,-12.159560062104863,-9.835041883489284,4.25508571269293,6.099605275674734,-28.423422165341574,20.119204170213322,18.93232940448881,-15.510416573985001,15.73833047453117,-39.530535989553215,-1.975474104360847,-2.3731014405465833,2.4717872066663453,14.91305853762183,-9.239407217906454,-26.499809352239065,9.554949634921725
10,-29.7481620549868,8.194440170936586,14.413595901230815,-2.58407755680515,3.806904247537473,-11.45181403617931,6.272366432730788,-0.3245949256420846,36.360414242947655,-8.019398922058745,12.791311119036148,-2.3878116667326212,2.8619162407975858,0.5161299119505931,7.012077349439257,-14.608142402728886,0.5290565208936364,1.3212509663798184,-10.505442431363324,-1.9070369808593024,2.055764850163389,1.9397959606383748,-1.7189192600871515,6.305233879209432,7.205201975413499,0.42320880621386125,-9.84554587562076,12.029961016046258,0.2211741659149271,18.32732590911224
10,-34.66029404826152,0.6544360967812712,-8.646616962430707,-2.511629083240236,-4.550153950715611,3.7146349986511176,6.869762472868779,-25.73766126253709,-2.639292826023592,-32.65320881214194,1.3736256614776101,-1.8632553047637685,7.3978542491761505,7.013584734572681,6.005576600013664,-9.322740648431902,13.354510965195335,7.361362582548853,6.262761484145589,-11.96202225838486,2.1983674275558913,-5.092724384987476,-19.075451086949318,4.546687479787655,2.076185919193679,-5.64196883775476,-4.525915108324476,-13.704881099121138,-6.964847307649622,33.601754869627484
7,-6.19780746523742,-9.272292951843466,4.097280701823426,-5.212716980219646,-23.608864568546963,-33.29897155631941,9.718861477484813,5.321172161229947,-8.61123060218148,-1.2844694707028355,5.783236772316916,15.685706267997501,0.06352462303601536,-37.26247047548403,2.7996037736894395,-8.32756250849344,-1.3457581046520346,4.281840674898975,18.551313261074746,-14.209410210515319,8.251054205687115,2.059829959132881,-0.8063313818285148,13.997207700850412,-0.38714166908697645,-2.993317566778135,-2.747886158429904,-12.488112678378315,2.843310377802378,3.4531066290124617
1,-11.330750347110348,-8.11381628652183,41.9521634140315,11.394019727977572,-20.989936746023183,-1.4186923546821524,27.37576139986236,0.36271578338510313,19.025344390187747,15.534586291663171,-1.5769432749688557,12.428035738862516,-3.8976099068854975,1.5904282021210117,-8.03897203956941,-4.675158251406358,-27.31515309443712,-0.0835112475686457,-8.707683155904975,0.2513807689687373,-6.054630315242234,-0.9929825628169004,-28.846596596754818,-1.5198926792845109,-6.89942922743991,2.672358306142928,-5.184264784201382,-49.138249955916194,-3.208498045997292,27.717864608281914
10,-29.807443034452547,5.845757297815455,12.183088183094139,3.540224192737642,9.638295345149173,-11.053932898893947,0.9247522826047572,-0.7054348874176268,8.060540157763699,-16.701877901011315,-8.38533901428324,-7.6941533566827545,-10.370917653817939,16.41012889790492,-8.287796258251278,9.80900261273687,6.614547316395695,-11.568334393237208,12.9674391947958,6.234937334318005,3.5963172484793335,15.54961054815244,9.266384215039018,5.5541050673382255,16.534212846010348,4.06549419141267,-13.36765868125535,12.644832263984519,-4.575305047636151,15.433992489096633
9,8.507507401346816,-12.631246520336516,-2.798928290877864,-4.186583532129295,3.600295209335559,-27.02933523041999,-0.07595380438562688,18.255500583095575,9.887252281704484,-9.344537434264684,-3.9019740729292547,11.805424320771763,-37.92014578164939,6.286906319761897,3.9732758171566145,-5.736823827085219,5.779879445455681,-4.6525343967180595,15.11079445665653,3.9926186293313837,32.23553114078606,8.074758376160148,16.67124047484099,16.205562378867615,8.72948148488457,0.7480962302530396,-36.88932603972129,-18.0051846773446,-11.798703807868685,18.556123781785388
1,2.501050067074024,-8.660817331944529,41.821512351126906,-0.14224367600120624,-12.636506912206162,3.40908564869582,-14.63152029317184,-11.560599165133063,-2.7128141108493153,-1.8818648904824773,15.129220229414134,8.101413375352603,-21.481927160153987,0.11560999487397172,2.038265472898603,-6.273679477962695,-13.335333582715057,-18.02038659308971,-3.5540054024825745,16.969966896371588,-1.9990147710696458,43.84602377674361,17.178850539501795,-4.861414174867114,-8.152912871129766,19.100932041344493,14.724462430065199,-10.856741420898114,0.16289198614497247,-9.66887556093289
2,17.541349073853965,0.3569699674030279,-8.128060457151769,-4.265043872162014,-2.705433618304805,-4.030345894140314,9.949267687564932,5.25327482991436,-15.646991503874856,13.056514539206713,4.5879398018303,7.878133000299226,6.79927513536485,12.24946078803907,19.88424369738339,0.20012119679987883,13.235857611264272,-6.024293511035436,13.880014688475493,23.44042831826097,13.236283230399081,4.92386246547677,-27.964232664541058,-5.69290442513135,19.7926007501273,13.314273880359917,-8.727723000483213,25.938542053128778,4.869475391301043,7.115927194719641
9,11.455699210750534,7.750783295553584,10.134569791282766,-2.375426815551405,10.27837441447776,-31.26425400643826,-10.096967767251215,-7.570412201176238,4.6874602121611755,-8.628384099892719,-7.906031903911959,-33.60070806682074,-22.92717060280064,1.493253388838307,-14.121067474689998,2.746255989056289,3.7649281724423957,-14.076678732001842,12.434015811903269,5.952718813459292,-6.794972178647475,-19.02484250613761,-14.808812493395509,0.7605606796294957,-3.1610003947326,0.8162632060688735,-35.867967248763755,9.76245774753826,3.2321855566546707,14.467001186604692
2,0.6129179214477514,3.7474149241131944,6.853988891007323,-1.0454577123480249,2.4204252851763153,-5.859067564293064,-18.548827221545647,-3.0303613186478113,17.805683902111817,-11.743057205743009,-8.145729531665651,9.35206776455593,10.495703206381663,-6.286804101331689,10.227572905942976,-2.8665670778790147,4.924630593836541,21.75394043960405,-18.31282032560533,-31.65185942332662,7.6294931202887035,5.432957738291046,12.259627686385972,-11.030414000909154,14.255885654016605,-3.7917605372176357,17.10587515490081,-10.25540019577762,-4.9507889429899725,6.4855675328335245
2,29.033264233162786,3.8308820231596674,0.2385630764437332,-2.1949446623571234,-13.725224592641638,4.873392241096618,26.507566451558716,3.9330303860684492,1.4983102052890631,-2.5800260593120066,8.582611382031446,12.620021280045545,-6.625184941244719,13.875369686834272,-1.2600550041929193,4.233188795418828,8.56993395730833,16.92039076814083,0.3478591170864913,5.669599240146296,3.141563925064945,-17.818487485272172,-10.858856101177492,14.129955416334607,4.144236603779721,6.340575112742326,0.4458972888306123,21.667074427646867,5.315461170577615,-19.362476057163647
5,7.2044373425669574,-18.571764000596158,-9.68497223757666,11.253632981855517,-0.7597050378749093,-19.3357823220698,-6.936195023831358,13.089699455614959,16.19267548902253,-4.388597404304597,-2.920881346488949,-13.177680322011224,0.8924505491678965,0.3304974078986853,-2.0124791787075043,-1.36150435790187,21.786595545284158,-8.448072467713219,25.174232536502917,-4.072182268043539,-7.881528153496219,0.1217142658723741,-1.2801873245728137,10.559375908408187,0.039461123936584075,-2.1441538537980294,1.9895410222996435,6.633155791909907,-9.86193042801833,14.658101258535174
3,-10.39690092696579,-1.551897018667251,8.760752478914107,1.1524365345793495,5.476058333383022,-31.831873004289974,-0.3459228860171244,8.462910210453652,-1.7730993633910608,10.198332571844432,1.5265730091257472,-4.051545674466393,3.043842644812433,2.2272751083910047,-4.431389632250545,-8.586824169406787,3.8183882979513557,10.95226845833931,0.36017974763895527,-6.577745654773287,-4.264020472966697,23.65571271454819,-10.40550337406887,10.151963752738366,2.7994903567201055,1.759044577381367,-10.866123271851686,-16.86093496375257,5.17937703061204,0.4158051926630546
7,6.325480568444235,-3.593475049042257,11.024873826415464,1.0816163988016625,9.367848505531745,-17.30140915132311,13.745857023243547,-0.0834576994186551,9.051544449916323,-14.508943817748655,4.927062898437812,-19.877053328005175,-12.86493188318832,-47.80834356314428,-17.31213125497077,11.061121988131928,-1.2961950918573937,2.550907709192511,-18.977360411280138,-22.363785826504465,7.3329670260536535,-32.41760716390394,12.006767809259456,-19.004019033957473,11.348064115069754,5.48435473791951,-2.776617828545285,-1.3250181406486652,-10.18365336890236,40.55022100416852
10,-20.11130407511561,-2.991452552195848,0.8680648875976104,6.665977738092437,16.16154578820735,-37.816172287001365,2.6336942781849597,3.9273432892775375,-22.472182946289045,-11.631413771455232,7.469251314431927,-8.521485857063771,12.27502324801016,-3.868796607900579,-0.455640778508716,-11.445181126128904,4.747064424850404,2.173420814768149,9.986780923168372,-0.1467956983486971,10.50360935475319,6.3773490239111235,3.4939081944632355,-10.19700949993316,1.3387217736833572,5.486767600924502,-16.749455886597453,34.23099913018109,-8.082367344963599,15.804745743640135
4,19.902573329041413,-10.030387157257548,-17.581930311458596,0.4141359382249697,-5.056309427508406,-9.52616978311467,0.7908558815341012,-5.320349659000149,-14.218972884873123,-41.655800182890545,3.7388686096211634,-3.4276317421226725,10.458082780194472,14.458375561013849,26.6350079080259,4.821229794141912,7.453516037369727,12.753044319586754,-13.445753229499886,0.8062574629257597,-2.5477305251401954,-3.8808827875553376,-10.28636485437529,-4.577994770137898,12.685008687004316,-17.443809544374304,-1.4476110965220261,-7.493791680819747,-4.530480734142202,-6.529107423185128
9,10.542737006350452,2.39006694695106,22.695741983272057,4.9252882738084,-6.927110066679378,12.105026723276112,1.0423105204628165,9.377980035259872,-11.494716509735099,-19.524333831055213,-0.8884289699090817,-21.1647613986703,26.979065412817018,15.92897794836907,-27.8280459030651,4.496526878612981,-0.7729574010854794,21.831419419715488,-4.3653155750258,0.8681393173731591,-18.404528287991578,-6.050932871055854,-20.071161406358033,-12.561546332744445,10.750628751931306,0.5898089258426856,-28.752187514263195,24.53733670935179,3.30569200957309,-14.403433680002061
10,-30.637092206356684,-18.422245779593627,5.996114401758853,9.709761311624158,-7.86419977423958,-19.736722443307855,-1.6522101524228763,2.213016382115711,22.352981086688033,2.8994606307937953,-2.541289236847879,-2.226971701427246,7.637066105089701,18.7426801175283,4.509622587607748,9.667207164315304,-10.143507539629828,-1.76466908501141,24.153513731595055,5.079240661498853,-1.8437406688639544,6.0518689448030285,-2.0778058630592637,20.237967310640787,-25.147014355823384,1.3736450284384256,13.51924502012268,6.708658747213205,-15.86689653003868,9.277777243071384
8,-7.549398737320143,-38.17272928658466,-9.739126536641457,2.649684323834653,8.1111198517374,-25.701371454328115,37.598273505125505,-12.044869310764774,12.861721737993737,-12.974813334339759,-36.613910851379174,-7.047291310020303,6.289813328022298,23.127057696322712,-10.854363417116044,-1.3605627432568677,18.87802364359233,-15.997170219164744,-7.486184538801952,-23.10717537593656,6.003528427268284,-1.6703853006933147,12.379840338034237,18.896823307258952,8.716742135258347,-20.80490561252411,27.24404910388356,0.8545054974708388,-24.01139505944783,11.584133051926148
9,-18.706039054172926,-1.1327667632271692,-4.42085215196682,-0.22813930137490446,32.51315088498201,-21.719405953050888,13.056550279744467,-1.5136928153766303,-4.670135485514759,-6.081494568624019,0.17833691728688583,32.96736271810514,6.70873768747225,-1.3502606216454867,7.32880143790794,-6.331237402911748,6.944976349670385,-8.80256891798685,18.240078958507084,-10.867355036513395,39.223464139135515,-19.596808098662034,-3.5945860116773516,3.189532564418988,2.4254383456544595,4.094626909132695,-43.75899576358638,3.2895908484742353,-5.161686350809577,22.476998102596358
6,-0.7960840567164018,27.689481469092026,7.227673713894771,14.553002794092983,-26.107637378332328,5.146534859965602,8.72426730431604,-15.832520380520927,2.2793174958332125,-23.114391626521964,1.982452930724797,-15.278855608271732,-2.7928422368715013,7.531825977055501,-0.9323694703228034,-0.034676058785312214,-6.789587426989822,6.4241491398304085,-11.598644376028172,-39.778562567495925,5.207080163247161,-15.69491822627354,-26.701451713287796,11.677130493043492,10.972707978014377,-2.520605762653541,-19.236700859021195,-17.057076269978662,-6.56745083264908,2.3877592346281444
9,33.194993215602906,11.947545242082827,-14.06026655479044,1.359638641830299,0.8138069887155212,-3.0344755454632484,15.531570253457826,16.16420258875189,-7.220248942744791,-7.762773921257395,-7.844001128306706,-5.38820797830721,-7.892152479929854,5.692643993280459,9.713703970553265,9.550444479974793,3.3554327371339654,38.52462956264584,-1.927716825946937,-18.906788221437367,22.913316547631645,10.181395515451523,1.220955336479538,7.244619587565837,-10.311223850621204,3.7511471852757543,-41.51194051148441,0.6559753886021893,11.470595875815,1.426468008649465
5,4.0329718476691365,4.8452152739757235,15.651976049980096,-18.38533415524451,3.5542590627345785,-7.898644107628782,0.8475673700797757,5.887937233392893,-7.545232329626038,-6.809590127213006,-13.251717081783319,-28.230682063965787,3.220531242708246,4.285858920202095,2.912684816467044,8.55154004466517,-2.542376679780139,3.2432681408493726,-3.462795378430732,-8.059399320649195,-18.224669789999115,0.323963611665088,-9.135286709095336,5.328485302497188,1.9163316263002144,5.380990829883342,-0.49812642627427567,-2.5918031324507327,2.0078622806835695,11.602428234926
2,65.91165151274849,1.4036388247786737,-6.919904465263178,-15.749938274580721,-6.9468036605724075,-11.308988749072887,-9.021945937528903,-0.5162283503462843,32.26205119898637,4.46092141567628,9.959299614247971,-9.938615817727957,7.904242686604668,20.594581348868576,5.422094040390771,1.8179925377354287,0.26354612571999425,7.908080259551072,18.80746773287675,-4.053815513319164,0.7457106261032932,4.253028748016707,-19.45198758765556,-8.528927183968964,8.655508080873759,8.192411482725454,0.8768412569611247,11.244297713244972,5.7369972161886045,2.945764174988931
5,16.57688052986879,-16.86985604761415,15.028041355291448,-20.523027863824492,-3.0560865894854348,-8.021361339030003,-0.7552647083144448,-27.769074817990493,-1.098382285125727,-15.310046095612414,13.15544216682521,-31.929291122712776,-6.208763106186282,1.028057795306347,-2.080517537665035,-9.801893642650489,-11.101461628011165,-11.468332769206782,12.6105872104804,-11.730082306800405,2.211590957797743,3.832800650359024,6.205038986183878,6.679857000417834,-3.4170276734117704,9.114124174181896,7.371503964274876,-5.187256384956952,19.276838645220604,-3.8331540752052007
7,20.08449132141195,-12.194062561170757,-0.5285403033112034,11.662512025583553,17.4443804788846,-18.174913639556266,19.99480175549022,6.706977640929569,12.135135919846082,-6.70824482931694,-8.100734709774425,-9.99613000651156,3.353645308017168,-52.053559288052696,4.761295455360289,10.850601681552503,23.601076303567197,11.998725382286517,-6.687445309906669,2.458410687131386,-8.114706623456142,12.49816917764752,5.123402901996262,-1.903805287548721,7.949591082239218,-2.97411904447426,1.0955047151957324,8.268544584513878,25.78157146792209,-5.512913585982908
9,2.4927003309014233,-3.1054345425345855,2.8523013761017024,-3.2237328639203895,-4.631005030396287,-17.7220826653961,-11.290270197794351,-3.994462534592982,-10.33977545904856,12.967999213209179,-8.807770695000546,6.7879215043276755,-11.481572681240241,-3.6567431907476626,2.5918012981479657,41.62867300593886,4.192075092336591,5.308406199146145,13.934192474284147,6.402523455178811,38.83466704243474,-0.0647219254155087,30.15044763467482,28.231123979408217,39.80046866917076,1.822228541729626,-35.03651383574161,1.0281364217845794,-0.7500861015924424,20.89960843295532
5,-14.886092491381536,-5.285120538859448,-1.3808190858650489,-5.987241383876046,-0.4497766436846917,-5.841068454100883,4.295128845018235,-11.428284684639781,18.58565377859549,-6.851639341360104,-19.059805151918198,-22.336999674119774,-0.9042178699126805,1.5718207127713852,6.20730450077385,-7.808802442407168,20.0223789760133,-15.943484878017522,1.4656722590621212,-15.036567240803716,6.839001498365461,-13.003782645315397,-5.857861089228277,0.11094284186308678,-10.503364351551642,-12.199769124180495,4.3813152518231195,-0.25962503419245775,11.043729854586495,11.260259361723467
1,19.228333146210197,-9.088465394734088,-15.920261247721458,6.431462582324879,10.064933141599322,19.284814009684403,-9.876204721652913,-1.781213318896259,-0.884291282022974,18.089594840112778,17.631953636917107,-19.549352630169885,-16.44027085433595,-1.0921701920584055,-22.353101880074234,19.019919314847442,22.582670513775078,-3.784110133958307,-5.5255259424372465,7.575908050037635,-36.52924500541504,-2.5041668883651385,12.512898097259052,-4.624575675707171,-18.19103686136983,10.483653521099374,12.969124544025197,-1.4074400501414903,-0.6888908492995203,5.921082381221417
4,-3.391223715729897,9.01945082875475,-8.943736944510608,-18.107977477983095,6.649262054291833,-23.720372682191343,-4.654527607942945,14.433834421638405,11.217301762618641,-15.188520743354296,-14.168376624818535,8.95202047431892,6.6836867573669645,8.322688595876164,11.242720882207214,-1.3010665429330848,5.188819313411643,-1.9891489800702615,17.94831857872601,-5.126084981059495,-10.973938028262163,-7.501088148063841,-1.8338881029871066,5.754291710949849,10.446978436645937,0.6323418189054126,-9.78861910850383,0.8336800996551627,1.552569665127924,10.67307062937238
6,0.7467037488152715,-1.53299198378376,-8.959515048488381,-14.762359044250625,9.783065170338595,-13.43080497654131,-10.804562503890075,3.041675355316472,16.370564599175783,-15.704919828312509,-5.4113938628768885,-16.11770691843205,-22.42699221455463,9.276300512534087,2.0310778598844093,1.6418220976025575,-8.15958161734765,-3.32622332388314,-17.508633607295348,-25.985447801116564,2.705144860922731,29.692106153463616,3.1502695997493544,10.697998309015516,20.989995083514664,4.541949220241633,-15.125354669100327,19.701332197869885,1.7531860091747444,27.458071719388414
2,-6.77100392929057,-1.7022722132766939,3.449698820663958,17.74465069884718,6.60041302123795,4.429207825181885,-0.5299007949079397,9.583856381710135,4.3832167800694135,-2.9154941815621327,17.77394864819424,-3.1957108095599063,-6.056789399075683,11.407886460331202,23.21732075193148,0.6207958433594034,14.852527419679355,-20.390449762807254,13.034807429792401,10.974432849207854,11.283445403128663,-4.974744718452035,5.200987497248309,20.302721746859042,2.685783691885333,3.815219158917127,-3.9835475772044058,2.813252965546093,6.217181267172497,20.40436890490703
4,9.062823122543497,15.649794897127167,-22.531994298026962,15.061914631800189,-9.076815245093398,-33.773200852273455,14.714351448636474,-5.445079102978816,-0.33053975845405603,-32.46913474726557,-15.614405263258085,-21.837528603430357,-3.80082373517243,-20.850318820044368,-3.1003505545871266,-5.264897420225734,-8.901165787916103,9.862631845025588,-51.825940078867596,-2.023285087654826,21.2410936567503,-3.612466566598925,-0.8054216761315146,16.20396378707288,-0.7675126296496967,4.560926611398608,3.0406323412056775,-10.564554005413333,4.1038072277289315,-9.998905639314545
1,-13.790158004889294,-27.40680621454544,15.90235263759001,13.716776733018971,-3.364590750064187,1.7055282899270081,10.218934233289113,-30.735166468635594,3.6635374913975127,-13.299407576419485,-8.42035663320726,-46.216003279862356,-17.111661686646563,-0.3878719819191776,-8.345089230013967,-3.6875636543934527,2.523060654985186,0.13818242447462215,-8.968327868145872,32.256649421575176,9.61138267474211,29.36291266013449,-4.9063105409710985,-1.4153753185483495,-4.534748861219109,-20.4699851178386,-19.649114586543103,-23.206290165406195,1.9197789432621182,2.211074718492302
2,-2.1986957807587135,2.6626477213842463,5.981676650212977,-4.8215933262157415,7.350129529419702,6.31862379656421,7.3295016307363205,5.770077981688286,-18.812001962745846,10.658972264728316,-9.73107003788678,-4.810543796323516,-10.407792460054646,12.657860641588908,28.624879774917694,1.727829443896595,-7.1227992428729054,-2.5064019741743135,19.61048787276903,17.04197544446268,17.76548341710549,5.610521973686692,-10.059245166995966,7.397189997001925,-12.947021002715069,0.8473734816444076,18.222400605205546,5.158940241457727,2.1954812291024126,23.949664643989394
6,1.361398159027652,-10.069077513911036,-7.054709481521732,-5.13547839168016,-7.669458874518773,-21.555844676991327,9.485271856442111,18.372107389229036,7.373264344931708,-18.609838800259165,-1.1005580465633704,0.15761244198914426,1.0609713443360693,-16.205473132760776,-7.466040867423999,-2.491469118628669,-10.963852180702261,-19.06758401225729,25.064161267934477,-34.07897202439079,-5.255792962588985,12.038313654150965,16.413187511194877,6.9349001006684174,-9.907542523928647,4.030646007361109,-10.605696597333141,11.088194096055945,4.523976571149853,1.6055423666214867
10,-24.573830283853518,-10.595667957211033,1.0834380430760846,-6.064267111932265,12.62171682835718,-13.152981916147857,-0.7661943991193781,5.099775917949034,-11.960418467375241,-16.642179082938,6.4022184875942125,-7.30841683506434,3.1702400437410088,-0.9367480096725318,17.11864780448915,5.191691834187139,21.80188280432706,-3.6455433639908446,-11.054579074197907,-12.069904036666266,5.254390639089984,-1.8381292260667559,16.32724866926229,6.121385283539137,9.18273555398307,2.422116767449444,-14.877063784581228,27.07996985711107,22.930657859461558,44.175412631609845
7,2.9825851894204707,9.482235142489321,-7.2197479863196685,4.128552497554245,3.9225741239184706,-9.648358732049921,-6.410133102052264,0.5216801177732568,-1.6422930835064615,-14.94719172393916,24.587723600165585,-9.83724157639699,10.66026858912511,-57.42339488669527,7.415252694794059,-13.293985462561407,-9.397703369208386,7.311962133815152,1.332778585698005,10.487635291497206,-5.117158966330216,10.057047987863834,12.717140865471311,-4.667307170130169,11.934832610890249,10.910672427403355,-13.430888364835663,4.55284150774987,11.767084397514344,11.48209289702143
7,-5.508375666885683,2.355176254308749,-19.77891784669579,6.8610944769749365,18.327325810905613,-22.96794196237647,10.775693674364394,15.34200860021891,-4.375353617671679,-6.864587725146489,11.188040357772657,5.998967228568695,-10.04180405623275,-43.4354181386076,-34.70622916645243,5.7968778119299325,-4.458572667127254,2.9703412586284506,-12.459858412521012,-7.6431724607137514,11.514791405650639,10.157064351439551,16.195460517250204,-1.5050093569328742,1.595756668992947,-1.414761950959145,-4.210823770732199,5.27891063232616,-13.719437749293938,-0.20815498819174216
5,18.319071923794564,9.992882841959501,16.19370552620747,5.416481488240619,3.6479307916589514,9.958781757860377,20.157350372922405,-0.45660989367473537,8.028054083909403,-3.29969781041006,-10.686810900779424,-55.32678095827782,4.611052852047422,2.834738725120842,5.902600411863167,-1.8759339193228124,2.509379953002985,4.378350580101733,-0.04680711789259706,7.077722699003644,0.345200525720619,0.5605268890589727,-5.398419703654509,6.425681316088963,-42.60249706984794,-0.5533498492036202,9.371423429726105,12.096679949527164,-6.8920335197260965,8.125423700891831
4,-1.5439631564809841,5.14826930639697,23.63603931450288,15.002952918675813,13.9826207726608,-2.4421924547673175,2.951743597604339,21.082147261843346,-0.2505577366872217,-31.35115978302564,-5.509584263339781,17.48856525671765,5.066217649100949,9.114579411069355,17.565561232869843,1.9278184991075467,3.213100288431139,-3.9629470881975917,26.112345189829654,1.83399351972986,17.759691012651547,11.121265208083232,-9.543903188537948,19.64993941163416,-8.6230847050403,7.098626256413056,-12.520849860173277,4.74344736006784,0.7759704508199302,7.344370197964264
7,-10.359577865850138,5.316752247239461,11.232713973607542,-0.6090276288220313,28.11503336353983,-5.896353042877189,32.39204654847759,0.5830612827651982,2.081581515351078,-2.7559428107117165,0.1051735941794294,-4.8827690543332904,2.4832639979843134,-44.47204791719538,10.99179270495402,-10.493004249364889,1.4621193500828653,-2.380837011072712,-9.877788617735426,-0.3129176652582526,8.332919381522675,0.08643551970832486,17.209081669379316,23.680308412670264,-3.099370850467028,-16.00139532458022,-8.731447222005215,9.484762530896788,15.31869051494684,9.632788261400732
2,-4.03477502978377,-2.6338907218677226,10.366339795693767,15.117010989132854,-3.8531570536669593,-3.552054886208584,1.5111777908800694,1.8677467379371482,-16.659227820550413,17.920833458009376,21.571934094621376,0.07117890988831199,8.880079114449602,5.677612425520763,9.77065449408478,5.640225084363539,17.845428042048802,16.300065203594542,13.23613618971126,17.808465520914297,1.995107078463709,5.381958731125506,9.81027126112405,11.722003212351769,-7.641705768048563,10.989578413689355,-6.0441768893598,-0.21432147087699782,-5.696172955079072,3.1305021366643646
9,-6.089336898739125,4.845349302177246,7.323774730949953,3.109652939319573,-21.62345892218562,-16.616730850283588,-14.745656207904313,-7.794370330892068,15.8411695133683,-12.642783964318077,-5.233844471250672,-44.136073969474964,36.39118062090765,-8.977588498705547,2.3668221917561763,-11.605621024449967,0.6267025403667745,1.7220723774182058,-6.699984104847363,-24.8690681382338,-10.892379525298944,-4.322963158028042,-7.422119754883579,-20.727922491228544,4.399920440857276,1.6353235273551323,-36.3057022177593,12.286759505605389,2.0856373081938133,22.344373997686635
1,1.0912491436557463,17.50084441400327,-5.001122865266559,6.111118204771771,-11.135753917762454,-24.385625233210753,12.184338874717849,4.811890701355826,-7.047340486106716,0.45882135185385575,1.1148518775869185,10.371992841534144,11.565072480422536,-9.122838118377068,8.325133743227672,-6.261848318381702,1.5119629236037113,5.98934326807777,-2.946516529733559,-17.64531880763612,-27.859035938234435,31.6346618373765,30.31213605085143,2.0668234476326726,-0.9101002650530918,13.583669008421367,16.83578773794672,-22.991020216328927,-2.6655340285656237,-8.151604661776911
8,9.755782630014238,34.62432867918087,-10.279579203909258,-20.85931258864717,4.822440616315727,-22.408324948014474,5.282740073945183,17.46451148236035,17.404013797480737,3.2038219846358036,-38.567987792559116,-2.4924828551634626,9.543342134468485,-7.226591627547866,-2.487411022327291,-32.67561568612959,-32.266524715947206,4.06333527552859,-7.312825649769527,17.872158880923795,-5.422519055500823,-52.6787959912158,-0.7881311690158254,-12.584416644614283,0.07028067149398676,-3.207428991948131,-9.143818201202954,11.959774191753912,11.57745664894011,24.123485004815475
1,5.6290793154096,1.0706079110072033,-14.226590558271223,-23.000527971881166,47.19412784050689,5.7773502608383,14.511522660302157,-8.956699367973105,-6.006417063747373,-10.730936085792383,11.672930264473862,-5.209724057735736,-21.262500457586803,-6.36964171702418,-7.353457130923417,-7.86558524053361,1.2345024755877585,-1.1181871242386994,-6.9372072363198445,-25.216148214952923,3.104727637723819,-15.23307261708196,5.809880148410946,-4.406431217903448,-7.545115549607054,6.051129407805598,10.929016624199297,-7.006135447262769,-1.0107424138943255,-4.389733317612473
2,2.508888209901654,-1.8234405317787208,-1.4964466651111055,11.181524201090063,14.002173853100953,-2.6241683266660587,14.152345593863355,3.383836256002507,-2.2772218251649567,5.817758152523714,25.4720919936967,3.041399486532662,12.57455992974843,-2.6908540900647244,14.472162780093257,2.895077916474131,2.6211174949079825,-26.43122594449757,6.058107539939503,10.00791779124857,0.03336591099766384,0.1809728488292457,-12.311611718982869,-12.325691617524047,6.079384001275271,2.324130301711163,8.70826882684261,1.5956207528145345,-3.9093477565941575,13.952433156802131
4,-10.459792036830683,28.619813482834598,-1.7440537589753227,-22.751482704621225,6.3364354887248515,-17.71877466836515,12.407772742281399,4.401129982960915,10.848684781793242,-26.19010437774657,-2.2568128298900785,8.870852144557997,11.959486990303711,-11.08571447133055,-9.374035620911805,6.589466956579175,-16.095446010764018,5.612542057813958,-0.7935231416581456,-6.020193919102391,-2.173029164037865,0.18242296670124525,-15.804183544651066,21.203189477789014,2.512132732889703,15.111683463857437,-12.846081072292877,0.26886604220632304,-23.934726030430326,1.4657579228083368
3,-11.637364407230017,16.01476315226481,-7.194838006477371,-1.2202297198506626,-10.434197368470336,-43.67287102038842,3.9320449502179775,-15.039685712185724,-0.8005601700400371,0.9774076394548403,-3.2869296075427967,-0.8586232187403036,-2.870359014727725,9.709032967415826,-3.756679735597174,-1.14661287595892,-4.924724014201076,-23.738058775775983,-11.3012851009502,1.1679961369556502,6.9037155851450995,11.81545644530501,0.46801254935370473,5.679866386554517,8.926409090373081,0.3870079527578838,-11.362679226920859,-2.9944600487864723,0.2880701530857466,-8.201570257463096
4,10.292764843740814,-8.607116779510765,22.357330769579555,-23.44915035199667,6.63276640449479,9.934827710886845,-12.180940443717605,-13.986486849112843,-8.842771218150322,-27.66589227075819,-44.52448850526243,5.422084241949654,-5.439841947236912,-13.421957650900065,9.282583577389463,13.656855169641164,6.154081482661137,-1.5648649799410075,4.34787173588655,3.5678728353858413,-4.307409524293707,-18.52459569756127,5.783842515336768,-15.290069002134302,1.8122273717055188,-4.179462949135237,-8.095536800225739,7.251795490046522,3.019118160072007,3.4858398848238967
5,12.955288986958264,4.907828372738347,15.359909809096592,-29.14336248010813,-8.345654319491025,-16.883586626654893,-2.265732423793882,-6.190315694733289,3.5154517727874612,-11.79072356433944,12.434799940451445,-55.000904797452634,-8.685150447680883,-3.8819547990961274,8.254024810456789,-4.818650944529697,23.67073869100904,-10.523514620175517,6.637860764583763,7.229560478687931,-0.01576780703606462,-10.399129223002708,0.655265824317976,4.229967893090072,-15.973109690553814,-11.138494303478607,0.06551482441848833,-5.904048166207501,-0.5493674383082459,18.1522056041571
3,5.660113119482817,8.108025372115584,-14.73180434837345,-6.298181295602452,-6.394585194661728,-54.929413969945436,-0.9480499076599035,6.5606379299232565,-2.232141101447093,-17.619161487808913,-1.5469000045135244,2.271973540124484,1.935891616686241,10.505990937548901,0.5508359365767304,4.286855894603044,5.588208639560409,-10.155343993061534,0.6796707779092064,8.265832878951281,11.701677400480209,17.721164145489066,-0.370797828400611,-17.414414521880275,-2.96461993752465,-18.23054451956696,5.9629452558905784,-0.7385275201131973,-1.591981033773685,4.4427104390871115
9,9.1638666074708,-3.8048896280204234,20.606223686027324,0.7240286377138987,-13.213093184663848,-29.236909303454667,13.81139545690495,23.07528074271422,4.589239597807367,-11.846573923217223,3.87648413914173,8.957816330385958,44.165927643155456,-8.109753503897723,-0.2697623329784502,-33.605799463279666,6.953757394051752,-33.02518750215409,0.2627682678964245,21.129376237136185,-4.550178625122456,-1.3383305481326533,30.275847802454102,-2.9332734805887677,-5.0096692789754025,4.80840978456161,-18.605394578400233,2.957165676692518,-2.2187186707645368,29.524230519186652
6,-1.0429713565643954,-1.0559439954227596,-9.615758690186146,14.200907882032505,-6.518377126827954,-21.83676756459142,4.330371039373917,-6.997830718200685,-7.221692390604407,-8.197976964423685,-2.147322663814097,2.139988432926618,8.584210785507258,-3.686955119561697,0.731230365424566,-11.31486099585785,19.73867646079856,-9.804028836727523,3.217891444108666,-35.49914899828998,-9.065295067611565,-23.946462666764187,-9.968049622028616,7.812199140594772,15.939104711898773,-9.027804650453765,-16.199072649212944,10.049894248852205,-11.524656796285543,-1.1665023079167192
7,8.517878667740789,8.94742962577331,7.621273681610828,-3.086056335065872,10.834684048140964,-17.816533552430684,13.26252181213811,4.048952238208923,17.692154979941108,-13.260075879226392,-0.7972360094702982,-5.810405551657621,16.097525664767524,-49.926922660596404,24.811572477173655,-2.9989780977179468,10.505753125534472,-15.492235174784247,4.006518466703496,5.9078106843825156,-6.488134738520623,-6.767631969553239,-3.545966645285027,-19.65090861949948,-4.10281143969374,-14.951266988035862,-3.601706992878628,7.619779722682023,-6.976481210012864,19.539398445070013
1,-24.360462261286468,-6.369487354914742,14.480096772233349,19.427642762621637,21.355853710213452,-13.256675983207545,23.427901378255502,0.8020985315813807,-17.294533828881764,0.9924235307408584,1.3451578824664727,-15.407300010893099,0.2056433361223413,-4.023322013470747,0.4902114059191671,2.182568549417653,-23.282340846031282,0.6215913768110028,-3.5159126053171614,-27.13227888328673,0.04258685855326938,20.88604387290569,7.056740508463074,-5.144466762840702,-10.196285968882666,7.274621922414469,1.5753767720871792,8.11967955269708,-2.8267751959861327,-5.286611648940719
1,-13.593251313065515,-39.70860010932391,-9.164793133869587,-15.740864654554816,-2.8392208761729845,-32.377029565641166,10.983160373017592,-3.8070425027349613,-12.82379251781369,2.755680505868457,-1.729280581512266,-26.299543928749156,-14.50090883569261,-11.914741389510521,-11.634784472542371,-2.002632959572421,34.07707487316306,-5.717316125201029,-6.047754852914734,-1.301675315565727,2.6498909863977635,15.588747151065535,16.551543440314266,5.170691795140381,-6.828243683845297,-16.89543569072445,18.207380882870805,-7.555492666523917,1.6992311409814436,-25.47024863052188
8,4.808189368662042,-10.46736310835262,17.497766725221485,18.805201083309292,35.5224511979125,-18.214629467852596,-26.281275841998397,-6.269709258021348,18.266506515095443,0.23624486532175837,-21.734571805982434,-6.206632055212509,-3.2252991778625573,-5.553492963971117,-16.385680227925057,-3.198814972448221,21.262244275616816,15.749366498083742,-10.568133959496645,-3.5568323644174065,12.818929504029311,4.274336331885156,0.4535134122195782,24.500628210123413,5.009059265787595,-17.984826388265017,-13.081695528080758,0.30219863177455375,-19.999853904216245,10.69311326346924
3,-7.051345101771846,-13.84632742780969,11.104030311102632,4.470370676859677,0.5859426607923826,-32.06566923344147,12.596813174432404,10.320665857830269,7.842156369946423,2.1504975874144225,0.7607735696687439,-3.378519492315974,-16.330653635894894,1.518011108517049,-4.4109156918964745,15.182145581942692,-16.129483874749056,5.8525387888379345,0.2126245806770351,6.676508769695516,-0.961868955800617,-3.887305086467322,0.7769604865417836,-4.5628276082253745,-0.2212688689342504,0.9072107940261707,7.83827769595752,7.108167989759707,-3.370901518099069,16.872940852087307
9,8.478458563730708,6.969758324900682,7.150676549239434,8.91389859088332,-3.037970843417006,-5.346967715783209,40.05657159668943,18.68814449927178,8.335894679025024,-15.539399665842929,1.1979410021107033,-13.235171246015376,11.346485103608076,-17.674359184686473,1.324110854808465,25.737063691461486,-4.429461552992676,-2.7797222988319055,-23.507200489497848,6.448212983561984,6.195690853822413,6.333404265592124,26.354583849510465,-2.4780348837679096,5.741151265742314,0.6348341133699291,-29.499537644440547,4.480303337183221,7.28451177793036,-34.35132136480153
8,-19.823944324143394,-3.722459481602353,37.48859421404402,6.241983501090784,20.659803869807245,-30.177986533324717,27.290660676352672,1.181650319771808,-5.288123034060167,-19.01359625468687,-35.34437276793492,2.2845141002514646,5.368927253474972,-0.7510975108437217,12.660351481026163,-9.545993575204534,-0.783262002755551,5.620702656339951,4.78251106985567,-39.19308916627335,-15.373834039912033,-0.621933398466868,18.355282675274005,-5.582498336268854,-9.229917100287096,-11.98000470310032,4.782466916621004,-13.62213240568412,-2.0335082927015855,12.118056305062845
3,-13.734164993618597,3.6731852780272067,0.7650945906411031,3.924008982417157,-18.08040584681527,-43.35866304486773,5.397047203744273,1.79572603189967,4.582402606000737,1.0126206968836327,1.8662909470185365,7.46798707525387,10.468442650358078,7.053283514975689,1.8199343942195823,0.493340456957579,2.604974304784322,1.4977792476260894,0.9011194670003255,-1.4224113040910285,-9.562449243320465,-10.172967672317029,-10.032627141977306,17.261056390703956,2.443062157745161,8.288465847210214,17.88695861022841,0.4390388337041709,2.2790035294771203,0.49292449674026373
5,-6.050457643920961,5.265773997905669,5.993597632485928,-16.982247862124243,-1.6448582779760592,-20.684115482844877,0.9592777355557796,17.64316982904683,10.420194323209987,2.422133919942583,30.894584834487766,-47.732236571017474,-1.0791808900934021,5.759332751009222,2.05057498492524,-2.87937470270043,-13.513159346471987,16.48758136701123,10.10037739662609,-6.454703794975407,-2.0855841947234053,4.573469952108265,-4.172304732392363,0.33914153855304896,-2.167638547202639,-0.9630799837458632,11.83794321818333,10.850506787273806,2.0023099370592305,-2.996867910027337
4,-6.314506361309924,-25.26327777586884,-0.8403812140696766,6.484010102899916,-12.791425030723694,-44.5180867565011,-16.934427670652806,1.3976068868857277,15.03561067764891,-30.88001836640729,22.539314613553287,9.901437428167183,5.311594095124684,-12.932428481896274,9.859631970109758,12.19481350587564,1.779827509442492,13.178926357360321,11.863941826978191,-1.163838174909138,-1.1722969421494338,-14.195668173136832,-7.029293845135664,12.680905784952795,3.698076929304284,5.785897056725769,8.166024939642691,-0.6754414955424778,26.660274996724272,-20.741254962317555
1,-15.893382293272051,-14.718630233551075,22.08444126392981,15.488466070141612,-5.549860668362908,-12.639208317546881,20.363932441433203,6.816377659423579,3.996080650674852,-18.892606803509153,-18.747644912249775,2.422599259906333,30.49962878520786,3.403002856239877,-0.8402788620075938,-5.6443557175892565,0.960915064417458,-11.604034645884056,-8.274354218477296,6.687000944624478,-6.583440076430347,-3.8116610804832094,29.330428018449766,-6.673567818256745,-7.0387955315030535,1.9578778427282142,12.915559417757297,-7.887798401164361,-9.198430864533321,-16.64515475573733
1,-11.025955319981438,-12.525600969061935,-10.360013818500276,-1.4793720720629462,48.238048020885365,-4.053161597776948,20.35011445011121,-10.263956381418833,-14.789175640489656,-20.967317207920786,-26.612989158176223,-13.433597855639004,-14.199096768205203,-0.6589322729367613,-28.238737873068033,-11.581234931228764,13.845972698643045,-23.03870250706044,-9.609156942958489,-1.95845259020102,12.477549173749189,-5.427509336301663,5.764956979057253,10.40695278143767,-13.583194628814164,-36.9667651331737,13.828849158966493,12.774652147641897,-0.45365108611069616,-8.013623231475798
6,1.6386734558683085,-12.31075328883076,0.9377096827083138,10.292643208659182,4.580031530619287,-22.541099083775674,-5.906962546508329,-7.44394109576,12.191846413941812,-13.248551508800126,-2.722306112912544,-15.174074988177999,2.8466052633373957,2.9605459354095527,4.6515905540008795,5.138339578981286,-1.0110245056716656,23.48051094125788,3.2984705371324656,-21.1567719273074,2.6316321147952855,20.455894348538934,-19.65757690474827,-0.23255789154287354,1.6612431470430384,-7.725887078021831,-9.732958910256546,-13.471929556218663,-1.4091164461726042,14.43805555181111
7,2.5061962049798163,5.852631935618193,7.296876422554215,0.8644365174339766,9.455938630874108,-29.26974169615135,-3.5396885670021714,4.24675104923971,-0.6715694596374806,-3.0800185788724974,11.730654215573903,3.6557517492510936,6.651294768298613,-26.08956849003105,-15.430648589722592,1.0802290240080477,-1.6621421067856001,8.958020372839968,11.763995103113906,9.156712655591605,1.5543284724597637,11.543525640457698,-18.650545187051705,-7.5120171752149325,3.7105809971371535,1.0728778394815368,-3.0564840605313237,29.06112299667887,7.633613084306807,16.643135610499282
10,-44.97065607633787,9.8054781737683,12.611003353138273,9.840616890063037,-4.293825421031258,-27.03699862930724,-17.238034500132876,-6.997101155243405,0.6250714544453424,-3.845011901621043,21.60756276976533,-3.1106565427848754,-1.9061278222541924,2.0851119743494424,6.745035709835511,5.782349996491082,-11.573874294834468,15.087793921087929,-1.9765439279177928,4.2676902184763925,1.0743421570704923,1.0739499398392645,5.741132350241464,8.567045038225844,25.892956908683395,7.756721341583926,-27.32640180247973,-7.809385855094346,-4.05113543908657,-1.4035427868013315
9,6.402642056865233,-16.746427830479732,-18.122961936992205,-0.01685550555719828,19.81557884826693,-12.444292848036321,-11.511285943125383,3.504669074902141,-4.1854844848638395,-7.482768144728229,-7.124386080997093,-8.164002784165714,21.139062988993675,0.4331011150246096,18.359301372683827,20.602364665337817,4.51217027075219,5.124177137734739,-9.08755160983798,1.7209308451275813,-5.202876633574267,-4.577522223555065,6.416988232312246,16.970096308043424,10.4599193367348,-1.3373105917858694,-40.03542803811057,14.687627521701865,-7.545785778965423,10.955743925848516
2,26.424154443153625,0.03735813984263148,4.545039497604458,11.947052205641882,-13.085785765175398,14.476024313181584,13.451821772974325,6.474974236671347,1.2839301635723253,-7.601513935344853,13.182505368986474,17.0958791590648,8.709201567082543,-7.456857904798931,22.839008016244172,0.8234860409676026,11.776610833041541,-9.485076931556183,0.6119985956920138,-1.4618210200904294,1.7005875388539824,-0.9345481481088562,6.594806409901447,3.673235379662589,-0.6494444121916931,-1.8761002186184816,5.806989126153417,11.937206837334514,3.221310218273039,4.278809501687038
10,-34.60492891670704,8.134700322832582,-8.160252589997969,2.9776414341288913,13.339029227858873,-10.03748328842094,7.12342730890692,-11.190483286321433,18.47108514208799,-13.55394582625345,-1.684098618021955,1.4994644459457263,-6.992403003057431,1.9621534736613429,4.078808978050115,14.918345990769666,-0.5524360471342153,9.80305841724925,-2.013770812428799,-3.6064747967628614,3.063316136101354,-13.271308051342285,14.354773335672913,-0.2981810380962733,-12.191984041260557,2.565729416994703,-0.9048306101879366,-12.862759871877284,10.24356116761046,33.26857807436357
4,-7.429716452669023,-27.263682085906833,3.4512922943827467,14.516884085911082,-4.177851700782082,-11.301086499104745,-18.730931398523815,0.8210462432966572,-16.56911818653971,-50.72278964017648,-9.2653566409446,19.202895442799623,20.364111740019954,12.87843845226421,8.976348423809528,5.021061938634599,16.08908478504934,0.5807990239062112,-9.935561858855039,-3.5542625012518885,3.9125139712549926,-3.131100700793195,18.280843633406942,4.272240884445262,3.564953500513754,1.0163618872417222,9.547172571321704,9.610142377156519,-6.225921939900668,-8.652248731753259
2,9.950586177971921,-1.2008231371159654,-16.535582831973798,14.260181551069653,1.1879086717488097,4.223651797240509,6.563082316039537,2.901318478513483,15.722598447680038,6.232958685619744,-18.569809828299338,7.478052220559205,2.00338666750862,17.121046199795455,-3.5911522565775993,2.5429884652953327,0.8840476989526218,30.137331163806557,-6.038990936017925,-12.799176845830903,43.84014131556246,7.711486205952477,-8.946488318218728,-0.9325530494417813,3.640912809370252,-6.4588249372364634,-2.3686366635584424,7.428955432823491,-2.6612068908692645,-5.168127958145291
7,6.089154746209822,-1.3757544596973577,4.981996126328804,3.940116741943827,-0.9655887619051864,-18.315086153682614,7.848274054397766,6.817799316559343,3.721193708234239,-4.32751497448065,18.407192206697683,9.574506975480254,-12.262289715506574,-39.237734795963675,18.5408204753379,-12.155285758276452,-9.597401669235142,-0.682526718800058,-17.02540603270509,-22.299690590444847,1.9871975883448918,6.98331054826566,13.201852605331945,-6.0638199132289525,-0.49405183484724424,28.006012707801535,-4.7618298715878975,21.02079956770349,-9.402104328486965,26.813775908262805
5,-15.367953107764478,-2.063990369055103,2.3723575066006686,3.0692106093980884,1.518928494961111,-14.146608746260664,9.857934693446726,32.97495961920785,-4.9508967841492755,6.639913829160825,1.3200916603198218,-38.795723768103635,7.6295339011729135,3.5283923957296075,0.5978847465399832,-2.007044525292099,-7.665427152338507,1.6972340869669889,-1.905693628499075,1.233097157493567,3.7943659775478675,18.338865118238807,0.12618946202655318,-3.260505698437994,9.615779140090186,-19.89126064006995,5.9908308102440895,3.989332243428623,13.256094282495557,-13.386475137747837
4,-0.4902611003922257,-2.2430659774461947,-3.710873078182782,0.5504586933620923,2.556247342878273,-24.18410150507713,3.2533323021364207,8.763349827416762,1.5351419139229523,-19.263670432737637,10.88906033553557,10.068244164018935,10.998192491454553,3.0899417937733653,4.004898046407257,-7.6642725765113395,3.336192555009567,-2.8398491533759547,7.351471153278143,-1.027249857249868,5.756297948959455,-0.8810084689344743,9.107399795263564,10.97230178800545,-2.287197517103518,15.587127611280113,-23.590460868407213,0.10003199464980872,-29.372460675593178,7.158355009806152
9,7.425548985480248,0.2501112712808812,2.8364601004745094,-0.1636142458088441,7.7408706585087215,-10.470358927873509,-5.571780493784827,-5.080892005505229,-4.03189698261519,-11.866964188875722,-4.313053776900338,-20.143323579312778,-10.992388534618922,-10.156697828591275,13.482381688522256,-11.612288114043455,3.3046389827419818,-14.571777446077835,-8.635405286443726,-15.654662388473005,0.5026944931965659,0.5039896151982859,-10.156060976592542,-18.697451193957452,20.504328657260388,4.403167510935694,-37.37002352623373,10.616621026282221,-2.3235531122125916,19.695996663266573
4,-23.990154749103077,4.176055061724168,1.3764422547637052,-3.310803849193305,-3.24902900770466,-27.319641706086205,-7.491471884992234,4.3988533423787395,-3.2070923063394265,-51.3896548624962,-15.981768932586967,-1.5116262819919268,-0.15134186990821946,32.97692244277508,24.698682293693057,24.723418244956513,-4.2606245527982765,11.470952092081308,-4.915467432120782,-0.4513133855103972,8.355191369919185,3.5060998600662168,0.00557504113068227,-20.80224717137132,-14.783433249125375,-1.3695939907180659,5.915871977153296,-2.680284667905699,-17.350231861559532,13.78699181619582
6,-4.800223932604048,4.387174455147766,-11.972883571225427,19.68515375387351,24.659459039707034,-13.392261465450963,-7.2404113869140625,-18.459528051831082,-3.7411441813341266,-8.16671984637144,-0.4010453888043781,-11.867730061375363,3.7936269861983813,-7.308620881011125,11.051350976408111,-7.6182244317322745,15.703568853565034,31.62964672053662,-23.764933739504862,-43.774928172500665,2.664397577606442,2.5084179945314515,-0.04093193779892437,-0.9143904647513946,-29.340489060614434,-8.874573431542268,-17.31412711463945,9.28034131889894,-3.9306513697316863,10.342656877285716
3,-5.8956520510794,-28.52979622822014,-15.224423685219703,2.2167306903884283,2.7159240043984143,-33.39532796613681,7.0374906577654475,11.463873686060616,9.809727353274749,19.609784340238683,3.2294567591039987,-7.0083144441010194,-1.4741027206287267,3.193157040744425,1.065468188591542,2.5746497000222455,9.091542058768454,-4.533983787728682,10.937279478728758,0.43153642839117645,4.801042247866305,0.391790385625845,1.699248158833938,18.620198230308727,9.640433385606835,4.502088347034752,4.152795233915981,14.3983176898658,0.5018835048720732,9.295556710499428
8,-4.093443486380962,-19.170120810312707,-8.281128297367307,11.236113961390075,-28.244516905010883,0.8588598424114782,16.08508910585603,4.140371319908677,-8.17112971879926,-16.786170393444074,-31.16927391754195,-2.1131738373005042,3.5447789851462037,21.749348941742163,-13.556648356850506,-17.7495662910346,7.826515630787021,3.474538570873794,5.4538744085741495,13.259384164179878,3.8435678444617194,-7.0377867135149135,-8.414771864609822,-2.9265465449466355,-15.056329600876431,14.343084733899065,-15.894985806984257,0.17937757015341704,-26.163263004893412,8.695482496606761
7,13.698442392708536,0.05478241950797741,-17.77069057762067,-0.0060125488909452685,-6.143430227479681,-22.26574551312691,-1.8708082250959572,5.929941503783197,-4.827619097370863,-3.7972546012692305,-12.992074933393518,3.883104696982551,0.7466343302936596,-20.057551301883052,14.11187017795691,-7.2140233469758845,-2.4908934491694215,-12.043579986122333,32.1326824980518,-1.4531647975580366,10.31445622547164,16.475039511032183,-4.06622461526165,24.59416223628866,12.343919144841248,-2.7308018259281113,6.056006101629304,-4.140090614001756,-5.404050271238663,5.022281007908163
6,2.6908257805281015,-1.9920290777651548,11.362703282397536,-1.9662383311457958,2.6666588444100583,-4.289829607277799,-23.8807257399277,10.007547125059595,20.23173385941538,7.936940499223342,-1.0220831176473029,-23.287008349369238,10.412929426118723,-3.220752968429189,23.13969443494988,0.12781248093155984,-15.205806439974895,-4.287475089522106,-10.703428116798309,-36.89703869573365,-0.1313093879572922,1.9809577526660953,-22.956976616095737,10.422969299215321,13.945295542217384,-1.7586126671508018,-3.4839760953889325,6.169727350009243,5.096762284112103,-0.6601031868346894
6,0.288867591124472,-13.891020767488389,-20.97758671711565,0.9822576557139163,-0.8072671631527117,-13.852832741667902,-17.65244486380344,6.3112109956471425,-1.056744133125777,-13.053808645046828,0.6947641924692787,-0.7909567545077802,1.8901412491774188,-0.30486793234246523,9.39862672768837,1.0594846966417057,-23.353686742743022,-21.577649735414223,-2.3925076803540724,-40.66181516357316,-3.197599054716376,18.8579130974955,-5.582307596028208,-0.16847871483338384,-12.604527359517682,-2.747778713667901,-11.64276835409616,16.00529971379919,-5.459218844818598,3.889619405285957
6,3.9001154882037756,2.5673316573164344,-13.924849001840528,-11.987068484869098,5.857550355437729,-21.801311717194658,0.1465606310856613,-6.848161092637273,3.462169559070687,-11.871547495690562,-4.450508089991167,-5.7112778101977835,-2.2001042952558123,14.95264752333864,20.805106776147184,0.9843137990297851,4.9275517552110895,0.7585640438916295,8.867605486168998,-36.33883332074901,4.645413454061091,17.080604352728916,-19.029048247452646,8.19670019150038,13.14697293840058,-10.44143044823889,-19.86586320461847,14.740321046073978,25.97187822355106,9.101895598192444
5,-10.435837676770046,20.341488918117694,0.9799608140787477,-25.975404194388037,1.9720123373063154,-36.78394088893595,6.396130664104483,3.7472514997077697,-9.066882051391204,-17.002039090652755,14.54040316224691,-20.1332689388869,-4.913363782957789,1.8257527948782868,1.8679419450357881,-8.342557696008639,16.25063244350505,4.480512293367246,5.560227898394638,-3.340374993389243,-1.5091211223309386,10.484560273275406,-6.395311473089678,12.11320000753904,-12.227387640445563,-7.631985436305607,-7.052385622864845,5.199156944769142,14.437345687777702,13.396452552881936
10,-28.245846243297482,-12.684830955822886,-3.0872758188875222,5.501383321735071,1.0997717553533257,2.1323921803697043,-14.191235742192262,7.9987203123522725,-23.323777697354668,-14.564026781097844,15.64282420108497,-13.36268421902314,1.2878015949223625,-4.197868907445106,4.3146442847653015,-0.3190170190210251,-9.878509633256156,-15.123181772540502,6.109709641690657,-8.481358189699893,-2.5502752558544777,-0.17067986554276593,0.8485327199700525,-8.63240427976697,15.489529195425927,-6.515086144268448,3.3963163104132876,6.321210951845976,-5.979345059524547,64.04291370167886
3,-0.9716995440203686,-1.8206646374153341,17.414216189381587,3.5657807575203018,14.440612682093045,-38.96880483309291,12.264738333514213,6.266577841844865,2.036453610263039,-13.729409088491808,4.219179555098088,-22.801616912693927,2.9598303764912135,5.807603966461393,11.241416632935922,8.575029398363785,1.7982918702218422,-16.1204204377757,9.193254010700123,0.042163964240533175,-4.02104994698559,-6.801728971434758,-5.291853833750025,13.465179999902029,-2.142387429284814,-4.448722832950901,3.5425094036761164,-0.663717351635573,9.573911544972457,20.887256706212746
4,3.7250141597515825,-4.26807732443281,-11.04707883933583,-2.5544047307779287,5.422064361839709,-21.624459605943667,8.68894746770271,12.556159371772697,-0.5388071247610688,-33.21731254582748,-8.742258861718899,34.34849279434292,-1.9485246947556099,5.995929605221344,-26.099188442391778,1.386498742830236,-0.9418642135251829,5.501551550110029,17.51665888651533,-10.075838876053401,10.88530496712344,-10.936047567546161,-1.8136350666663767,1.6625793369036024,1.7120983007807564,-6.821471127645171,-1.570408143375476,1.2871289165556727,23.885519638906175,3.800793216380589
1,12.522853995365217,10.538212687285206,-57.77563538818673,-6.256735310424146,3.4367837374404777,-0.6445216585390047,-27.381840256843685,-18.867081795049717,-14.141308788476554,4.061016427212996,-12.550876255534101,3.5215455365438464,13.195597784756053,-10.012564225302711,-6.387913446200357,6.047096378326286,-7.3511021346520895,3.22946632293409,-1.6142840050364073,12.598144773775681,11.834455001146583,5.724539455909186,1.2105753526099994,-13.910695191570827,-7.329843846225144,35.836757492520704,-12.422025863647393,11.82222833565225,-2.043488692969089,-12.082797384662024
9,-7.243728162353953,-0.9013928121104704,3.4906427894967713,-2.8477381677149225,5.951930231996908,-23.08431982876433,4.551258584466988,-17.212771321071404,-9.239553395551063,-19.762905310823044,-1.1847309287920733,-19.485119435291907,-10.353929281762918,-8.26619936436155,18.18499024657194,-10.246992704379561,-0.07299075811840483,2.6988631768606615,-8.092336249133467,19.138694843515218,-18.48570849566548,-20.57775688726836,12.289483189880505,-22.634683073616404,5.466252728074405,1.8709718292308186,-33.75521108400531,15.146428317883535,-3.033575420202183,16.185224330516366
9,8.04723249154881,-7.827472705919498,16.163732257804448,0.9625266720652048,2.142714226093002,-24.302119423691977,-7.07133328373081,22.63153836685703,-22.985341757242956,-30.15210973730667,-6.68436974329137,-27.798376903249878,-10.983607085620243,-12.903471500773763,-0.1789056779705649,10.182671317721761,-0.17731291208971123,-23.38603383949621,17.393273593747168,-14.928940345970258,22.39687106374072,-9.6033395596533,41.94209859766893,5.140686132732047,15.96336886915958,2.556167770934283,-33.09511568058952,-1.3372905740206913,0.45109239254039424,0.7369291010793164
9,-2.0387713582493556,1.6744323791294817,-7.295239269565462,-6.359404083111583,-1.7185468335448175,-13.016032478209832,-16.855515656665407,10.441828640765264,-4.14287052526864,-28.001394671384148,4.3857297680721885,-27.32484260525204,-14.48840112813583,-34.60361474074138,-2.3131908040261693,-23.497446796404482,4.84051974510101,9.016801511976746,0.8535495986209186,-5.990505764346528,-6.138203690530579,-15.137652921617537,-27.028337090021513,1.2472199599624865,30.303464242846868,-0.5395424753382443,-52.031876146953074,20.792416859433096,0.2595248722332629,33.90106258721299
8,-8.592585096518816,14.98071283545539,9.601551308918147,-6.177203209483283,-30.601266836741768,11.431688537731866,-5.728111859621122,10.951479499656227,21.95820498688847,-12.727634429240352,-24.35112051969218,4.8969368155168675,5.036749964882853,-38.06221957693076,-5.326930304049144,-18.572245429831348,-15.035485190240404,20.659140003088286,3.6794735684239224,35.127832685357475,40.86190805668786,-5.70017034641109,-15.06865848528889,5.760717238441368,1.9474549647581514,17.374725812765877,-12.072836944018187,10.96896769521705,-14.719342377288058,16.12895951627536
7,2.1001967151760823,0.6315192957210087,-3.007446252180286,2.1625353451085094,-5.611521380630751,-22.414771578750102,22.08509922968915,-5.108677833935765,0.9926821954015116,-12.417423924937413,-8.989428517806815,2.7713767284533812,2.612322158181113,-37.766053511374906,13.218728041239409,-0.7872123864854288,6.379718547036577,19.02006916681957,7.59900094128139,3.6404950739055666,-2.2890639131358,2.814781079245374,3.9905716088305265,13.513040253325746,3.1148127308399163,-0.4723020993959164,0.9421385615781181,24.389670347461617,6.571087836557377,35.73745484796264
1,11.326783146478807,2.1220606173920067,6.861272782667408,-30.572944969126876,-14.19706822141741,-3.853590939295322,11.089366049259445,-13.34841994448459,-5.496269019910519,3.6212027206821724,5.757925512880035,-18.859206068886888,12.867346100076707,-7.00982189548435,5.196582588164896,-17.47681914342228,-18.95838325829266,4.781987764072921,-11.713624438403528,-2.7811915659800652,-5.913497537157635,16.2530993484217,-6.178203788196189,2.4932017438863747,-10.144530196441709,-0.3700205561315215,-31.286986998812093,-25.048957054423276,-0.6265280441823076,-6.650288231876403
6,-1.8771466017236036,-5.621576491371502,2.0455544243483184,-10.50324362341594,18.684190105354663,-22.55730113246291,7.878396966849755,-15.766584100005103,3.1151122515459004,-13.347973861136957,-3.5917074708130396,-6.065973870380508,-1.901549272750666,1.4735551035723498,4.644895279032289,5.3227662498180415,-3.15913425216101,1.8862521351452723,32.43229710031014,-26.587196615108986,3.4347034853130762,2.8403280165962363,-6.9968510787075,6.853054349449864,-6.524097658147307,10.33343525061052,-5.9717315852195645,8.893663751220675,11.353191739930342,12.490231592562516
9,-24.204814433880294,0.20655449488148986,-3.1072994134939824,-1.1394260583415343,31.369612364728606,-31.26041440446386,-32.45539060146114,-23.272032428647453,0.4500669004474639,-13.068401361654175,-1.00753766383085,10.164052365201997,-27.877433049858638,15.24487448424367,-0.40915885281478914,15.80249982580617,0.47778984780511813,8.524355949266589,9.591775421174255,-21.735629072604056,-17.725913901476897,10.97166157463778,26.05180631875013,-0.7966725892745272,23.21927363444125,-0.4243853267434454,-47.08423831039534,20.138405889798825,-3.6051018137056166,-5.340264601172672
4,-4.853369515536721,29.45573390789616,3.846688632139999,-9.840677322777186,11.45780327021864,-3.1255861104304863,11.726405085878543,-2.6641625665664064,5.707135849957631,-33.99491142551053,-19.66473830230956,2.790265022758579,3.8553277370109518,-2.42410592017016,-15.6993484293937,-0.04180212648561221,7.6549010249215135,-5.462513582338871,-4.394331292523384,-6.848410798920048,-1.7875773742297043,-1.6367655529006173,-14.769157932447268,6.04237528298965,14.358162942355852,-2.825175149511537,3.6340441292415635,-13.798806161570448,4.5979874356119526,10.144529737392883
8,0.6980716383730479,-23.894866383028358,42.31076535708012,19.79941804525999,0.6562423508253068,-31.661139858013694,2.145958076398096,3.011350719362938,-3.5605125001313076,-2.6657048996876274,-39.30397583798429,-6.3764802310775295,2.8604864235097605,-32.421799743287785,25.45624879858567,19.620517207010447,19.72675311870544,-37.17323636816883,8.76654851307742,-11.57704194518831,2.530042346543792,25.002832784880386,-6.45627708413471,-3.3710705051857026,13.276604303379607,24.95363687754792,21.487317463678195,-15.332820207302913,-20.67333158129222,24.176917610278878
7,14.870143340554009,8.050729615220371,-13.858528846493273,-1.1418245052928528,-12.782634370674444,-4.755686630094765,-8.66110373796943,1.606195690342357,0.9044470911994673,0.5848926790498297,-13.741628998108823,-22.78323865840097,38.13308329608011,-37.89903093349346,-8.460891550813033,-3.7016632270171534,-6.658902727363449,9.948826201397434,0.15169852629670366,-24.593239929608803,-9.17627067013218,7.3708121133921765,14.243788562354123,30.974387967097766,-2.8260947001671477,-5.854096019190526,1.6465762817334129,-1.783214778834333,17.497310090212487,19.26853267791122
1,11.37780343365348,-0.3564487545246364,8.899053419697784,-25.540414604210195,-3.6676938934956502,13.229354491541539,18.423156251098472,6.005170860759594,2.7029797710273193,-20.383964590560986,26.25198779723413,8.007841813752282,-4.266003972647506,-2.009162377109368,-7.246329499979722,12.13816932644464,-43.62834792732095,1.220346302502735,-3.910764300144356,-21.68867992797766,9.358367635391211,4.3538300948609,-13.959625467517686,-2.1209976867182743,-9.073215956205969,-4.258950997384581,21.375183880897772,16.448953455793195,-3.3354193348880665,-4.796339741581203
2,10.92486744075273,-0.7141981256434413,7.134761341256491,24.067370507018904,-4.039475673058429,3.9519055302684745,11.985731109795253,0.6440633660508714,1.9458118660272072,6.436955112596751,12.101919067460088,25.442793364969123,3.218331456621493,6.072079881602975,40.60236123976455,0.4458851326938653,13.663255450908302,5.9681351454758005,26.268029604261507,4.759281852587583,3.437313883139557,11.521161770082319,-9.161579262544128,-17.064237561292224,-24.871998699273995,-5.948635718246407,7.808443219973974,23.29778968798602,-6.224998858179922,-8.19080421216979
6,-3.491844247855048,-5.057802386152104,-2.7946255847980366,1.282562725030743,3.299527922049015,2.3927809736256815,-14.728123086350578,4.962704232873882,0.48028277508807227,-19.53572953716371,5.560280654849359,-2.9074209050963464,0.7284463006011579,-4.36333897948494,-20.24958509530103,6.502408970332654,-14.404949012188611,-3.3366033186230224,-18.7782049206263,-42.237912832334985,3.8065711843113066,27.323465716866366,2.1337552463305385,-6.129616154445521,-12.644705653890567,9.299433333793365,-20.691987053424263,-2.4973169096503596,0.45178603691840424,11.269578021867389
7,5.920925666194167,-5.056484637208264,0.8132861906355454,-2.3575882015549023,8.738827883735734,-3.045562749158721,16.966115776285196,3.3869170364641157,5.3215973854319225,-11.74384989154842,10.192712270509062,-16.816514071217256,6.3715005292911115,-32.132478863895926,-6.657433145441317,-5.40130855900475,15.834443972490414,-19.16489111972402,38.0924214507331,-17.323022612247108,2.2310989479309544,-19.485864257164444,18.44188186094982,1.4199993531189476,23.23982539687231,-1.4243494502201404,10.222810489533018,8.517687523917132,-2.0515165071098416,11.895847581474957
6,5.359600037924235,-6.922737039159573,2.64706365476819,-13.382853846555692,3.958987925730045,-16.190130221490744,-18.30624485732925,-3.797372704713123,23.488581036499134,-0.4322825402616832,-2.8052013821750466,-3.1308894696647425,-5.373014612308815,-7.1752157343314416,14.416695653891251,-3.3769416234712684,-28.119682866425467,14.532178921761158,-2.6113616726843287,-36.95971088246818,-10.14484816302438,11.547569767858741,-2.736018921687314,2.1448478573524556,6.8537662438466604,3.7796062748943484,10.183854113778644,-15.094826298410553,9.126310716614473,13.687846980974854
5,-26.561868083127788,9.022096656314776,25.449530247291012,-9.572494287560934,17.224597298228655,-5.223328584309412,-3.941190809947343,15.747077318615347,-0.8035216911244554,-9.41642924654546,16.97576412014946,-35.075675212983334,10.36293040261959,7.583184342877361,12.73630842061432,-3.315383118393237,2.4531731258394442,-12.027145036638593,-9.952591123136846,-8.690635506885375,-6.969002039313802,11.15197169798529,6.329414706306478,24.58526714942957,18.593575076149545,6.049726491126143,0.8038187417078113,1.62278877814143,7.182361150243582,30.46309928564455
6,-1.4235728950108748,6.318270838044547,-0.04770498347036012,-3.8971335630708523,6.757099495926942,-12.277226484602572,-7.770086982456919,-14.583929423287623,20.979579342160445,4.419924985593937,-1.2681071668273876,-14.704066369140174,3.691288362899317,-8.821750700290805,-2.9776586771201696,-0.40073750652003803,14.405567567548761,18.643819833441224,14.482769720150582,-17.362870690182994,1.1247315665444866,-8.412600811002905,-11.590064641135678,27.459685543910794,-3.7967324942097362,4.46696305645214,1.738327539423889,9.115476177567903,0.0038188088656286867,-4.396218406390192
2,-2.4888480726271602,9.320535610564,-18.166539874560204,-4.062653767215812,-8.572624006191447,8.396152015625134,8.901805453414804,3.4484346913863866,30.524380029483055,-16.14004879737472,-12.458399200035618,8.894992181912738,8.201270265607311,9.445792111165261,-3.0175789143197633,2.3111700906986687,11.06709738729221,-3.4488132217640737,13.025088408881782,-9.302988196740792,27.990345912174234,6.323933529307036,-7.373023918921465,-16.243138989075156,4.840406041437409,4.021883576333609,-16.70447690337395,20.125127889482087,3.3244895260882905,-17.855259139126517
7,-11.225460491260193,-7.593647986970293,-6.071837696977373,3.1482300624341226,-1.9731940941823263,-8.096056847750138,0.47431929166300313,8.704986177154602,-7.712073143648258,-5.1024581432255065,9.782124296488583,-2.439579013654414,-5.408027466154544,-32.72465652068262,-3.3991543769901162,12.540215237045427,-1.8313589402800998,-1.6431291376878874,-7.342862593681516,13.71992430460438,11.80424107917236,-1.3721115789173655,3.7127588777561717,-14.67281741723575,-6.13844325302996,-5.400397704021383,9.812382693361922,9.70862069372789,-12.653112697716395,1.4358992078980197
7,-5.720153828982487,11.97008265449176,-13.340571056293063,2.2920386213230506,4.76261604695239,-12.71753784508314,-8.106110483353628,-3.952872600851266,3.328716946570144,2.4397516728347117,14.684817765548974,-16.67037026665205,22.42447186374864,-27.59234528129417,-12.109812926952955,20.579465993683435,0.16061500410082674,-17.93461020028522,-8.9336053018148,-12.152254388366101,10.943217335895602,24.493926047066704,-7.47537596287586,18.11329771029003,-15.670982879503043,6.2424256541083984,5.31682320878706,4.824773841183218,-0.14961187617922822,5.6448948661673235
9,-18.103189188072047,-1.8018990128906214,24.653900808612967,2.3605478538617923,-29.10588395862506,-5.927893436407377,13.94599182077122,32.80207397601891,2.847087688814752,8.499599912371902,-4.535191968525007,3.330269916218315,11.574987412048031,-2.9952831747988062,-7.353258139144392,6.778152381221556,4.733534143531859,4.163989871362739,-3.2171735043553147,-5.387556717123565,17.92658825463642,-10.382581167057657,-8.241565852340294,12.851218826306551,-0.2544636556984863,0.3889353571567984,-22.302116289724687,-7.216663255848777,-0.7076514714988617,-1.6593642196490386
6,8.498971297515716,-19.936906207660073,-6.920645388141453,-6.328624982014311,21.848761831888336,-24.26750716152466,-4.548255403837039,-12.09415090246294,12.897985289041678,-18.87154180653922,-1.8896807709312693,-10.311908639100412,-5.170692087694631,9.88387514698151,-11.777452074673297,9.35638233145117,-6.273447620890827,-11.289046293637368,-15.357689513416176,-28.761509743143463,-7.124175931165216,6.695674091955556,12.608531912898336,10.788052233362146,25.239770505263664,-7.8988639365732585,-6.236387082623061,-6.905642238775135,3.2241814003384968,28.589507233657184
9,0.20188401234100617,-0.7415890436399653,-11.559442315225025,0.57746683341296,0.6153890812546496,1.469552964214854,12.378463629905314,25.064111498940107,12.747600873459024,10.302799121940488,-5.279643850058555,-3.6972886008000643,-2.617961332256189,2.9112050397437126,8.502595675528521,-11.980673960280825,1.4610501399392726,3.7016945851430556,2.33710736892061,5.638971850890226,12.091953003730348,-1.7050635780100334,-7.053985388510243,36.90667515815513,0.14787438507555217,0.38544066153494916,-20.262380469298012,3.773568026914467,-5.148408937928474,0.4218865409561312
2,4.596181818148891,-2.3785687728066174,4.163058140828445,20.74258433726136,12.852495197645414,17.673747247786395,-4.349086309626395,4.016465792630618,12.878042590882998,11.628703344518549,-3.467287965489203,-29.10569206218067,5.31487196063747,10.988538801106998,7.877857616198667,-0.9540599959183975,8.901288967058656,20.96466424814695,3.369699780969895,-24.791935027159425,-26.217652615972202,2.656061060633183,-6.992961706343881,5.1552617613942555,0.9841535138448592,1.5055424569263565,13.60556928422327,16.497040159000882,-3.63400061462299,4.95260710568481
9,-2.5209842512400225,9.239314058470539,8.27783500315272,-1.202604648205367,-0.7593086726650911,-31.76579002939161,-19.915770304086735,-30.573870580617825,-16.01036754725254,-3.1934251546924957,3.325729787704288,10.34029416708065,-7.37881306434378,-12.471940594259612,-6.220693004737274,22.53484137031406,-0.15676763704155672,24.133884650659972,-8.959216594331348,-34.71609596235841,-36.24420014053093,-4.461863983213196,0.07728544497353931,-2.998135844166164,9.00235264315075,1.7178441193789837,-35.30245008091238,-16.535879429915042,-1.5233508793770065,28.110362194263693
10,-30.63394467289493,10.395493215663176,13.636021830103433,3.9425721601043957,6.848028720216849,12.036180059349594,-12.242404006685,30.706314022792526,6.345745094014365,-6.438768054088304,7.687057167554118,-25.401754714670716,2.15369531620011,23.599526643700123,7.109642734971262,1.3370281147168657,-5.221181742321111,-3.243386578532066,-10.662521467805247,-14.168903933736447,0.39561668511163284,-5.563620989717711,-3.242678232840837,-21.90984523700068,8.000641643410699,-7.3001566644605855,8.059130438647866,12.718436360551356,-17.72032881801997,13.779023028531002
4,7.485751673188379,7.888601393978727,-8.28199033787875,5.796885365747492,17.490227922943628,-18.880710896318632,0.8911770718260523,3.7121465522659407,-6.104507917653066,-32.51082415202029,-9.66268782367197,4.989211809259744,20.514076170391863,13.290906489130274,24.290528258905287,-2.797254269757074,11.349983791807546,-17.415119655838847,-2.7485867252790195,10.617286985489436,-5.19514744710068,2.4401244149510215,9.42728666016308,5.499853932338584,1.5601053783409697,11.935272350395792,1.2688067101642693,13.451797118055687,31.278240611441852,3.7198322182911605
7,4.86108645027104,-14.711374139712627,14.590443103417746,-0.24805776240614175,-7.349550979244946,-32.26668605950058,14.376261794944938,-2.1431653225638216,-10.206667459833763,-7.7902416718507475,-5.46465852797096,-15.33754035002801,-6.085519864366162,-65.0708515572082,7.49786787746825,-3.9038122367044465,10.540657104446323,-29.803490247729037,28.572564594099184,-9.116708623708728,6.043999447806476,-16.34700906289747,30.29690359055727,2.0010587360141727,-1.4161709155472726,-3.5626352545362927,-9.2258726303481,-7.867236267997418,12.427131195420689,23.544620076234153
5,2.548382743065839,-9.613862944254148,8.305069960955368,-9.061326985475008,5.666640158430331,-21.67094410352619,7.832689509839395,2.893540436385458,4.595360493976385,-4.96632802688406,24.609799217422506,-32.44091902960972,0.04799663797669307,0.3724085692433622,-3.145159559599264,2.1657590845942485,-13.566875072062757,-4.421677440063803,1.6910892191781055,7.6687653887130764,2.0781575490897057,-4.8506970877342415,9.205543983922837,-32.350906517453296,-0.7476246218119298,10.049812244059625,-1.5229212013231563,-6.6292413866660755,-4.4060890869820515,-0.11698641553067013
7,-3.612602390905,-3.321588499756536,1.713330625894197,3.756071438678563,2.7116725908737953,2.815987611735542,-9.715603923564892,10.45347233573906,-10.052448580791703,-12.346447122367964,4.081713446745712,-25.847952898964145,-12.174865217662571,-39.454380551421885,14.091079459660167,14.150906242996353,3.5054217388017044,3.20339604508101,7.467519292132457,4.220063216986717,-10.518442239086928,-5.398871101350158,7.409106588972393,-15.361348170061568,18.734356306516915,-5.4972250517163115,2.6975643275894554,17.641552957670292,5.038012451298798,17.925351518509807
3,2.3734952218295624,11.43933506867237,7.398787022337321,-2.9456715596331926,13.508903271389489,-30.682596159314123,1.6134063436133566,-2.428475339225074,1.1107456956508703,-4.1461395560091026,2.034456219490369,-1.2572095066088684,-5.200918308596267,4.314625239856053,2.1437252218885643,-0.09332618595630393,-0.6701993849083494,1.7915582143867614,6.230607431044392,4.520043295786938,-0.9335536906213955,14.634764470512513,1.557750807974768,10.578528722078323,2.5582171351361858,18.236329339494493,-3.5595477328056178,0.113336176454988,-4.016287393717242,-2.3330642466026252
5,-1.4665316124233971,4.001355373352833,15.883532324589872,-17.83281597210909,5.554687723161877,-22.62893442870078,-2.1559578026658865,0.11679981436430298,-0.14996302962682106,-0.5609889420526724,10.400501355049425,-18.035488834264665,8.583727427307954,4.476472579603123,0.6207995041590226,-13.682088612938657,6.379300253148512,-6.32671761310292,8.522048319656463,2.8269620226157097,1.095881184334319,-3.7787743759085313,6.53626213411512,1.5793610470533692,2.981990435066809,-11.083909555707942,-0.8705080991583554,-2.073472740525502,-6.271224671731911,12.293754971416908
4,3.9245210696906634,18.814692333580165,-7.81442231286284,0.24916976157651666,-10.697618692051169,1.6320790311623217,15.343139772865872,10.819474705368059,-12.36598846223767,-20.51619784656355,5.390437878507028,5.175625453051666,-10.444349442922137,26.320040097992656,-11.958195130969964,3.4005761655017297,-27.77132376323123,2.393710456829777,6.557519392470687,-5.221958111107504,-6.905566183170503,18.308123819649424,-1.1574634547905593,-4.043669060234645,-14.219782878245399,-17.305565215137506,15.382494832719546,-18.02070947286381,-6.681685764031446,-11.939566330431214
3,-2.99963141352937,-8.236595301924721,-9.052305914104805,7.973943779098868,-16.77223958237141,-25.394302504896352,-12.473187960982173,-9.32008283890077,3.1314112231798994,-3.4895195896997193,3.861457432097608,-8.695356628567094,14.441136765225766,-3.7690696877707497,0.7276919903776051,7.437893911085523,-4.84872663687066,11.219626801445763,-8.670016368801402,-4.144575817852919,-19.916946176721925,-1.505775242465666,9.334823029969687,-8.546457340860304,-7.766784938348791,2.995018942759688,-14.738535512812849,6.256616523681354,1.3729233422690932,28.582017115727016
3,6.701728712952582,-3.123171066117253,6.869792298072043,-2.5170423467756393,-22.709522294094107,-36.68467745434972,-2.9861248575257733,-15.765891127671923,13.183572360907926,-14.84285251738978,-0.33466366859409974,11.490445677050852,-11.053007908573445,0.6393532236317505,10.135617448953518,4.331638713929355,-1.161911457352815,-5.133299709179613,-14.820740832742082,-0.7373910720963978,-12.05548979896243,-25.276696761926882,-2.716062735351567,16.153143469440774,4.539126942803604,1.7229040258755182,-8.029849197193146,7.1994903927280856,-6.5665890932278135,2.5772932925987324
10,-33.08281353868784,2.957534791107305,10.002119412847408,-0.5023706146550928,8.53970151472802,-12.531316284137757,11.400373622184897,7.961486284793594,32.07302598639842,-6.515814557846287,-13.835693964201603,-1.487103480888107,-3.290467863829519,-13.876530900151689,5.797797122867505,5.343884939697697,6.423741444625261,10.549898860628645,-7.969449668092857,-9.456856562813556,-1.7360560351969032,0.9008720884139918,11.39571563139396,18.783029078189227,10.117630968594632,10.158812366201898,-21.36556896863719,8.0626748421011,-6.922597946001108,-4.891801522284023
2,13.929472595832788,3.7089510660634835,-3.6780136847352836,3.762427694014094,11.084869526367783,-4.8999209806608475,13.255463063256354,-0.49847569977909956,10.896415152852317,-5.389409623417594,-20.520551554270046,-1.4599341510045223,-10.762951154411768,4.018102601510575,16.809289191815203,1.6038483643855082,5.361570895962348,-22.984062344796442,11.006649025278076,6.688667225981655,-5.060031830431865,1.359875834281399,36.590133026793445,10.286514050304936,19.312063130782853,10.048129345011354,-8.474684527531974,4.585480189550395,10.797473951744053,-6.827720431425506
3,-7.290513168247959,-15.317239741494197,-11.724614620810684,-0.558110632244293,7.890964125421114,-21.999103500918206,16.27060557588383,7.056808769529373,-9.80117708212643,11.75477590881351,-4.3373892038370885,-3.5498780140492125,-10.31729559196142,-5.624068682841201,-2.523597442186917,-8.715314872441615,8.799209577401621,-0.6740842302792016,-3.085379755951491,3.568815123501951,6.126265482401711,4.2718569683374765,6.169160053232585,-1.4953586805814714,6.2334804078531745,7.742096507062703,-4.528261350306572,-12.342499968270669,5.4834062484478,-13.372902509572016
10,-33.582697524259665,-4.237199478032721,11.770229833783375,4.24363897922225,2.6845605082244837,-34.769578741369926,-10.093456959590803,-20.02709851877626,7.337014326603108,5.039429442854775,-8.55604969388899,-0.15707904319634913,-2.5674590459402316,-13.551352367185533,6.096717993183506,-7.246015565398215,-6.616334491155639,10.517028078067021,22.457081795691156,-9.690185171261598,-7.221923054981218,20.345614453733067,-27.51291780754772,4.467356220099749,9.223570918020018,11.254719034068113,-9.887742732557285,12.619634851549447,23.371020979113876,6.352171096944575
4,-1.7308794803126222,-9.725990163003278,-22.234577847838153,-5.211377361476821,0.23999657496100946,-3.3241631971301864,-9.647718973102718,0.5907810876325663,4.191836895009693,-49.04464377434619,12.401920008649636,-12.311961103325435,-13.52082116810761,-21.660240406856214,2.736221158047494,-9.403078442491493,1.5216393770934915,-4.904056773679455,-5.048368550224165,-1.8973577751314028,27.137284124512085,16.849626527623208,11.077572169709416,0.9250838991076104,-13.796265045332966,4.872397124198094,28.671350182574994,-1.2646563260995438,-19.9258861872104,-9.27998970686352
10,-33.51967814795528,-1.1188756044412675,-2.125242619461535,6.489722680332641,-13.727429863420497,-17.172602871521846,-8.456816377474349,-0.7987976750437724,1.4757761673304137,-5.496934763401641,-0.763274570552132,-2.8807150771486847,7.809733366721517,-8.551627309566856,7.790066662798128,16.518477182497396,3.130065270172914,0.9373895256717031,27.857103649372558,-1.9554668777686413,5.76703286154196,17.537638561043266,-2.9569233597589752,-1.990970377001458,-19.582135046618358,3.106019677339667,-9.64351396394109,2.052716218809301,1.773095096163479,29.28580154113648
9,29.108487678373233,-18.58201089133365,25.671594011085123,-2.4757347699364125,19.34786687595289,-12.539536198536297,-10.95831360085294,17.222297405970306,-16.69492321573198,-7.138177490514897,4.161736245003613,-21.57457846430245,-19.787416721131628,-11.121501399983616,-7.178036188056215,-18.590560291569712,-1.2298585966942506,9.068441473849285,-6.764817963316062,7.162884886943722,18.01264851795112,-4.966904488287998,20.80700566145863,-12.066684321459357,1.3199445702086345,-2.7937732152054897,-42.335774391272004,-1.1475564238208622,4.738507005214246,-11.508267710089045
3,-1.8332395044581202,0.43228115736223494,0.4684231541352133,-15.120200864669165,-7.160979677638125,-35.69942620381967,10.096213772031078,4.032434700484614,2.1270898736962556,-5.22234539888226,-2.7131665752107192,18.211783445417137,19.352428492555482,-9.119227543629902,4.177815320308598,1.078388428516159,0.9850687877872129,11.78734542148681,3.075497129722688,5.227358074064432,-19.67732709761119,-6.233037316882138,-2.2917174755244876,6.192536017026211,11.773413119383463,0.026975886706792324,-17.356595735426165,-12.353554069151809,8.53374193184265,-23.80856140709401
5,-10.2398313291797,-5.592914812644664,5.697654305963712,20.35194019219631,-4.508119317333389,-2.1504369484160417,5.758359592082691,23.58668451810959,1.8288983454965526,-13.577900545537634,5.163268931639175,-26.69668258802806,0.7541086547394162,2.9785413580597115,1.639804245105037,0.4923366456170955,4.180683275790309,14.248656430764479,-6.456039582389669,17.19202468343308,4.772851179171263,4.300660915037987,5.332366167960352,11.287198619674564,-1.3365656532983499,6.804029106842768,-1.2075474625689926,6.808008313862572,-7.093777576366963,29.51155010730982
10,-45.297549327558,4.816226397617773,16.665533796629084,12.976932123933453,-10.262123344473116,-21.594772551622857,-15.718959324876417,-10.4880694047153,-8.916584432503507,-13.959939626693176,27.34838776745261,-8.501341773711548,6.695660223384721,-5.767969504866274,12.750390137958366,13.143219338366892,5.466819899543793,12.344088449666046,16.609555168047304,4.8327157314866795,-3.170588833390537,15.501786399500384,-0.5101217783477394,4.866459525136168,0.3556024828480635,9.061429411299192,0.3041056425982851,17.332961031016136,14.987588566930611,13.23838442109709
5,-12.522042291436033,-32.88960860328528,-5.036859283242311,2.7385495286115358,1.3588262215373401,-11.964046825525365,-9.032035335680494,19.314180204421756,26.60555569386097,-6.599088244644585,-16.434323696522146,-37.23448052008985,-11.613947123456114,-1.0900116611734254,22.05302277065334,6.550081924340228,-7.427838783280977,31.423613818585135,34.28145379515243,-11.476354965374574,-4.06037407044681,8.410192938718891,-1.5237618377963469,1.8361166864987937,6.9106766908873904,-33.17045818464558,-2.01539642125598,3.441207326436527,18.224571734968414,25.33370646704804
1,12.239832189102902,-16.136107908632376,28.427767536196946,-13.26360437743233,-13.369922886900884,18.164425475938657,16.551028842355787,7.202377689819479,-34.71124577152299,1.2765755585032061,11.594572955269964,-9.844554346717862,10.007820945300404,-0.31896322636866614,-1.9908125993454195,-15.904977325042884,29.666738867383913,30.325219884129517,-8.269412619313055,14.48934310498275,-47.04207682391984,-46.34919743846705,-33.57920917100094,-14.751410514203563,-7.003255718428027,0.7266148885721337,16.532687172391086,-13.92539846569762,-3.6234241831153193,1.831506628239568
10,-46.36126712825062,1.8294179913998116,11.384904567874877,-0.2056622770247516,12.306280286358874,-20.296408132260773,-3.640581434755751,26.495646410626865,-0.9838660122773151,-1.0527075350342656,-5.928977622493906,0.640926657600744,1.3307401218404629,11.898303134606042,0.36707300657582476,-10.89452043951593,21.039891210875517,3.970704430341107,-1.8715393016002597,1.7410757816264928,2.5251927313302276,3.945255328269727,2.283403457779782,21.227463319650344,-10.429864372568144,5.064764044761615,9.519788937585677,11.38590145395111,9.390195122703943,5.71126481752796
9,-24.426047281165573,-10.406454616943687,3.949697300405292,-0.3997568320743594,-1.1848182443933477,-35.538639332032545,-16.918963327104663,-57.85374369764454,6.096027322102465,-13.25548663145074,2.590050895768225,-41.985676264207555,-5.145926166006815,-8.9739726183616,-2.918062404322477,-31.249903012159525,2.6279276193345327,-6.649898362638423,17.602591155317167,-6.329075381178952,3.8730912009570666,25.834148864711658,-22.65375716137004,-19.114801413314193,-25.970753210088617,0.19058466354470194,-23.553218197671605,-7.171914181259307,3.684756589349273,46.66247776822358
8,-2.380540999235934,5.580616161267948,-29.449248895615035,-24.619037410817285,9.128122499168978,-17.256397444428327,16.876431098055882,14.252588766236656,12.06258497063028,-1.9350546052184665,-30.961703632044827,-7.318997726615131,3.2313021867372136,-5.244819568931468,20.58351142132237,-4.559666329683697,-10.442749501637476,5.957044333265271,-10.636878282651292,-38.14368231944017,-17.91776324387217,0.4449530517223299,-3.8765892208865713,11.094234652587874,-11.232232822165493,22.71691056987866,12.33292047920238,11.76279481661366,-15.38642735456919,14.044170095158982
9,18.990733933336045,-2.725728017797536,19.43105607211598,3.5216567681841786,21.718401464203083,-26.274173901313933,-13.402079407049335,-31.435388688136563,2.7268173049068336,-0.07615952838566464,-11.45634065324289,6.189433350958515,-5.707077040978691,-8.739258831953439,-15.69354262912729,-22.10028230829142,-4.640735560097952,-0.6309615781057876,11.365826536568935,-2.436957528271106,-11.94185310499567,-9.549462430723178,-10.822295174481015,8.871954436890052,33.731215713544884,-0.3484833757525412,-37.48796339959483,-3.5528905228392467,-1.7490518728144693,-13.126606069736182
1,-35.63052894115532,-16.25699453906781,57.48652093355149,-38.305632976446354,-12.344119056869312,6.496510052733953,-21.1947817220497,-8.729717785802844,11.384590769430309,1.081331087243513,2.1296482587521206,-3.3038368831808653,4.812445169942096,-10.527156068648805,-1.68023451335291,-9.30940832558286,6.270403024422465,-2.408536695966998,-7.552032557175505,5.689167897889462,7.969556992421878,-6.1080566094105,-11.483984351935224,10.708003501766026,1.212853554439607,-11.123423718372159,2.0724529462190437,7.7276893700510865,-1.6454349677159237,-13.362224823367889
10,-36.22420920408961,12.94057927192054,6.5757535398812275,-5.92075101415511,-14.491879743562837,-25.741666074860092,-7.3309198827732995,31.473243098919887,20.621277608576467,2.902638978713213,-24.639578935943707,2.8701271259146077,1.3629463522882905,-32.04945445902475,0.7754526396015597,9.768032639088142,15.946801653287059,-4.232961895351389,-1.908800568942385,-10.321426881916896,7.663974091631653,-3.3034621565180915,2.106753059772771,15.748012985438272,17.77021453084831,-5.348721043273111,-10.99556297061295,11.304833994124051,-3.5479619442359023,23.02540120285518
2,14.472643893523065,-2.8152202394618926,-10.998402934850253,10.322071801194728,12.456737344334769,-4.588744639686302,-24.337359277463946,-4.9453373863379335,-6.029863219796441,-3.639293221882719,-3.1738393659273685,3.619829735088301,15.742051837281846,16.144892721217538,31.701223592302817,1.6872742430885794,8.952919915277677,-6.8243250244243665,-4.238672678012904,-33.41250649083897,-5.065250164027325,17.579540271390574,7.032364233305383,-0.6551867064989492,0.9515649631424017,10.004864166548014,-8.777421332665481,32.74332115295098,-1.1055377539731976,20.077564363367443
6,-0.2190732856468549,-7.642397703548365,-9.02784472902381,-0.024163738209711516,-2.232251979549476,-14.150172645554795,8.848937464231073,-6.072570299739795,0.34560998346653504,-35.76628231256116,0.1785682775046955,-1.3082961007516563,2.89395221971243,-11.44306122745488,-5.765834599534926,14.806322128456518,-1.085817114506561,-5.672368223791905,0.5510670508446315,-32.44768230613528,6.25161085449469,-27.40380499772007,5.870808046760753,-15.68432212352658,1.8307669927969428,7.507968687935691,12.056500753745548,14.336921396834711,14.8892649814213,23.55897343750098
2,4.474222823953211,4.291916800216182,6.5032527083561735,-13.082832177716913,-12.41584663196927,15.003634174628091,-3.042953753682324,4.7726807107317075,15.554719137727375,10.433073091853236,12.31138939576637,3.939291317201288,1.8165475434975757,5.41193205755966,5.043322010181001,0.6881457381406908,5.885556572039369,9.954573739403795,-5.90724011914719,-0.1195727735211145,-18.574607325602486,8.599706706375688,6.856755227483356,-11.891640247914278,-7.331305566073265,0.33442505456641225,5.9430188447317045,13.581962294593998,-1.6245866976094163,10.84938697216686
5,9.098023191988666,16.58118999349981,21.121087126699557,-22.844818946422972,3.7737791933492524,-10.844328130570016,-12.430953368957933,8.113972755009733,4.74181464737436,-2.7578139160219735,7.182956917098348,-35.04532737146761,-3.301747503494131,-0.5159211585715155,-3.646104104288382,-0.34497004542786425,3.2852899327492286,6.557855511003433,8.524921936270676,-3.5506075902950873,-10.50123403926918,6.870805223022421,3.638579021122939,8.80678953770107,2.51774034749128,16.894822854075542,-3.8335799042652403,5.166617526058754,28.151041966346984,9.886136710673439
8,-5.972178122073858,10.651203561581784,-15.308169714311582,13.001168255012708,2.9088003692230746,-33.201751266161395,1.6072466303035042,12.910765239955811,3.0185892611037506,5.220871383912257,-26.213244497412905,-9.211245825259427,4.498877916445945,-42.27127552151671,-32.960520334092564,-12.107920744479857,2.1927936721931616,-14.786765546659229,-5.911217676727922,-59.53988810734176,-8.989559647027654,16.74566816613811,17.506109564556642,2.5022148783178264,-0.6949386163438702,8.340791026183808,-10.735588585093302,14.544106851032236,2.4139428426705947,22.746129598458225
3,1.2509008221903777,-4.331115619224289,-2.915949343020451,-2.032234930793623,-4.436817557581665,-42.16668512642357,10.311389501968208,0.8318731901890777,-11.178303735879883,-6.428321791345185,-2.83848333340708,-4.750424976062109,11.778929968238028,3.310716404506387,-10.687611997475527,-8.090812117974405,-8.335956655088859,25.820949915689056,-1.7384757600479315,4.345561635881855,0.21617047441482493,-2.715130515488346,-9.35385052287656,-1.5799257278636165,2.420339107752464,-7.896564505328973,-1.8807852672306007,5.592325942183873,-1.5342408457412913,-4.852836611277112
1,6.952802437454233,-25.4809234125536,-3.0374551098944735,-13.400783449282862,-42.0334685555495,-3.9759181302672237,9.367478249108657,-20.905008237367234,3.7034103423367313,-8.98342393076113,-25.39049014475583,-9.745532899997329,-11.676829160597839,-7.019981504050444,1.279000278412326,2.048139075110448,-8.019249487329459,1.676764943328315,-5.866736792737323,-2.934145055125291,-5.722511000558447,12.071547257370693,2.4796356414680463,-1.7915907912073967,-2.4891017601312226,34.53669096464482,-8.363288771915029,-19.221148526431126,-3.247722927789439,-27.29546509116743
2,3.522402582185375,-0.07141039184879605,-7.307329804590562,7.451100924339376,12.043747118447289,4.5410372430144665,-16.432032432297863,1.064111091041846,25.156370949680422,11.168183156840042,-10.89864251720956,11.36410458604891,13.695598522624177,2.844338707939265,5.649520678185592,0.4603212880589549,24.11900985700144,8.431547767797719,6.603967645252958,-16.89392036008764,-6.431845232691566,9.811476466937497,-5.866780642719571,0.200768551013208,-5.815012817577919,-0.41574174850153867,-7.4022409461651675,-18.842473972046385,9.1354490400642,27.7704468111815
9,-23.154154460756804,1.920726607210034,38.59100309217546,2.034321316778586,19.685958483328918,11.157421377246283,5.514459977652538,13.370006841171756,1.1857871503033808,-12.87247020507014,-0.42261556423363666,-14.931823898405279,2.5452754906350776,-29.707501357899154,-2.3006884790364466,-12.809949314833695,2.017220347015559,35.612571620036256,16.043607217081515,-8.496382766521322,-10.665141040853712,-0.45380103045082465,2.2956114385616693,33.238719250454615,25.190165362705912,6.0709082906638,-56.47261477372872,8.041688948959127,1.0312970369366454,5.948834932753758
2,18.626091373380532,-0.8946428522960728,-8.949024498595206,12.52874398989141,0.02768914221730867,-0.46736851762266274,3.622605281061923,1.2400608691437611,-15.503620589164123,-7.920356277361774,12.355551120533551,6.489866508193103,6.229515368770105,8.396852920809662,-17.392337266639736,4.365969234571553,18.219623410305722,3.0195193964857583,2.79260021869753,2.7951136541807213,-11.191564596021376,7.866347986043257,4.230550339199656,6.118731197307257,21.142707777066835,-4.160422630673395,0.4371114709377657,-4.250070118295554,3.701691216658201,10.300787025560776
4,11.104829384047695,-10.564495437335616,12.195026351687808,-10.129586371063894,-7.997485717068282,4.540626169119905,-1.640407591832625,-0.17726692614229023,-6.716442057766402,-61.50725187563411,-2.8120801203674732,-5.697152978164075,-0.9141874617159577,-19.540842132330585,19.419907412816865,31.686426627671207,10.144725740732728,13.75514704867733,-15.31207990090573,-0.05748836448290967,-1.179106542785117,15.916005016104618,19.27876702488194,-4.892683077819249,-1.1666487382936248,3.314519441764862,-7.121325712382308,-1.4396446543765706,-3.9323467607454883,-13.696780296521977
9,1.269701371536848,-0.8013284490662458,-11.902349271778522,1.8896088476974287,12.634391434874672,-21.47245017900189,14.973247423746173,-18.15436539048595,4.126243613933438,10.932466449976967,-1.0587579132387455,-5.7982894760191295,-20.725312441817874,-20.740076340276524,-4.068503242972312,10.049782683740773,4.892484496414049,5.668391393198962,31.47088128921689,10.254289174263764,-15.049565350343752,6.890664253247322,18.291357488444255,19.591397194475906,0.17972900640664258,5.847181846993911,-40.47985662552169,6.108943337548707,4.7108072523253375,1.9448306413171412
1,6.618790294340268,6.652711813274653,14.36999909671107,-6.0167698039995425,-3.6440944274031293,1.2560380659054153,44.758506852497824,-4.353813480007937,-0.7089847963226834,-3.213702870529224,-43.6092721159042,2.485478475562383,-15.59037544262819,-11.322707650248505,-21.81035399451858,-2.680614925902209,6.864771034844671,7.7001378679736305,-11.698187711570565,-35.72611578484655,6.5806130728507375,-43.01274459710208,2.916444550380026,7.238386418625164,0.46870235412683403,1.0117760264128153,-12.3744450243776,-26.359860815449572,-4.634460551149908,-20.09405584538184
2,-1.3853070144437662,1.0820086829301525,-16.263445113028638,15.554068174762065,17.7515465643893,2.319212969636731,-20.433146912208688,4.20369322608998,10.368424827043691,6.260426862991308,-12.644450052874557,30.82181378539379,11.352536391319578,1.2633496231873687,20.331150017545724,2.7665999516437463,13.457047404475816,-28.792859540536746,14.42955202212074,-2.5775149655128473,-0.009340666920602203,0.14573186408939254,-19.531269174573772,4.081662762531724,-8.245232122261493,4.96330240695636,6.87819039049378,-2.8687380134022735,11.258301308763299,3.209307250978086
1,-32.30219025757058,-33.868161566111624,-34.41934402151481,2.2951589119090894,-32.122701892507216,-32.40358522930784,-15.019226947636877,0.7371050530790599,-5.235075690984894,-9.74874572385556,14.209470705493043,-6.842163343599889,0.34890390758352874,-7.493840797103752,3.3141187664089937,-12.565838012619063,-11.62017540926966,4.826368617019931,-15.958610884366799,-17.217868388784105,-17.676210994332507,18.95578248560007,8.806122219544323,-8.411142012711831,0.9402131955724027,-9.419738290668132,11.574708285368013,-6.919100521768682,-4.185859528800249,-16.337901990869526
1,-40.24531227540659,13.319224264573187,-8.433786142869199,-10.111724045322553,-34.76889874499407,-12.880239061387481,-5.325646942327454,-8.02493642945103,2.2256316891800507,1.9770011012826538,-2.6253439363343745,4.3542145967178,-24.715661233270673,0.2717332473264218,-8.30783353170244,0.7481387130925978,-10.650394189708674,8.199792421237882,-7.125693462298468,12.159043074857419,16.291339497128828,-3.212754614231561,-5.953431790013102,1.980285483316174,1.9337072729335336,21.26459521271722,11.548075240220362,5.99845986331988,4.23541027127644,-0.9393191416336322
8,-4.488424490288916,-2.694577645812024,-6.1114989035742795,-24.717877379380415,9.28158979532966,-13.906217523065054,-24.081768506587668,-11.398290795401469,24.30038219989112,-16.574765469153828,-37.84755212531575,-6.579103444747424,-4.611713191435156,7.995465918722167,22.03454175067597,-13.054967911541633,37.09454583107106,28.082387254626685,-2.132639492064369,-8.152929713223203,15.408514482331363,-18.404260486356343,2.169434021006956,-13.36873239958917,-1.3808912687620913,4.4870862447640665,8.964859856263773,34.39615455679132,-10.351069128969923,-10.953504965178434
8,-18.49396313629074,13.201472747972542,17.464854134351363,-11.801886692566125,-35.00938124594079,-8.069575525987805,13.922750281030893,-5.52022180278077,2.002984822524633,-0.9579494090806149,-43.991100474510176,1.3618809900091193,12.326960767202987,20.299899865421068,29.224082143162885,18.264579851789644,34.68359046390192,28.0983133164984,-10.87732341970206,17.830678480118472,-5.733439861577987,-20.717883090413075,-15.135904548849156,33.48244464465558,11.074832514252368,2.4956644184578973,28.669866940534554,17.578139843760738,-3.7390770759785883,20.429490992034275
7,23.821083158868984,-0.6525328788535186,-11.441559687952015,-5.686486206163837,-2.4487748064129704,-3.39282993826866,-9.2756509848833,-0.4362281198529905,2.3809521409793515,6.993495144733032,1.4904709288350282,1.4386280122114776,-12.465105283612644,-30.91388591272719,-10.972944075296727,-3.0106638535955135,12.125313878404445,-6.959461136163399,-1.0109778212730869,31.169343686555205,-2.058205871961472,-18.275566061724188,-9.221000303164594,23.390391964697923,13.680466321398224,5.3620505460684385,7.4994837301104305,6.916062118481731,-10.852838355629416,25.49520332569194
5,-12.768659197650193,6.2104061016537,-5.864637657830408,5.840683732880266,0.9762252124365981,6.198501510023851,10.52526722158565,1.4111317156372905,-6.6279592240564735,-7.806882001323892,11.070286096242206,-26.10946715808302,3.9133730137793856,1.2818001564060317,2.7396838422332914,3.5056313923792426,4.8709595283759235,-11.43916862345535,17.572611956557267,9.956787975296594,7.736339310632817,-3.7459876861351527,4.897979122928603,0.14459801610144019,3.266349050794074,6.758278560626104,11.214116465861627,2.129001411000827,13.660576374250901,-16.99687637385204
8,2.9822269012399167,39.9020343686772,-33.45190719043053,31.09836718958788,-7.7814987436595935,-1.2805464438954512,25.254659309977605,5.281447052525158,-12.544718896335226,-8.329132152549903,-23.45722329038949,-2.272849860449741,8.634981642238966,-25.620403294478372,13.708078468745668,-17.548306220833002,-20.42133524537398,10.889035612602658,13.36697077412129,0.7917744883775724,1.2700900771404728,36.11994480761999,-32.122904520912414,-17.921342330952033,7.461354366110738,12.031254880172352,-18.362963886927666,1.1588526729824318,34.76027059882509,10.882275053253856
8,11.44423261264921,-7.6123756138648915,19.87005384752613,-3.893886359337015,-5.8586544376312695,10.919292925173643,17.00687308421139,-6.177371236955316,1.0059045133733306,-9.35654782462967,-29.155618627193927,-3.1040444217636622,2.258359612735009,1.0000997550566781,13.634169613480356,15.768847027295395,7.8110477783720675,9.307805945395451,-7.272611979339716,-1.1164567246527848,1.0705419770078293,5.781847091376964,10.050932296974636,-8.873070162099015,1.1888531994447908,17.16441885830484,41.11804086798519,-8.388406854903309,14.984248712062874,35.70140131125698
6,-0.9231974217626697,22.01755378009925,-2.383559250781656,15.10439545522719,23.618691969443574,-35.18311244232797,-5.719589291744696,-18.31050367040358,1.8474058069338923,-2.8481699363921837,-1.6324189842996657,-15.716575740877987,1.5093348930067727,-5.145268418761676,-9.907703858128443,3.38643835380393,13.317488170564895,-3.646484119354993,18.36502599333965,-45.236076192704886,-2.8775582492554217,8.074012211374855,7.537112859551784,-4.8288308664536075,-2.3013465865204314,8.537884773144176,24.25383563463564,-7.8783956009520555,1.0186868464827445,8.0715124332384
4,11.812384103367613,-13.485537407324458,3.922556286918707,1.7959458031521036,0.7033024555661075,-11.537078515648194,11.552345137260117,11.144856800315287,16.99164319688699,-45.309392891391376,-28.302501895711277,16.778024349074652,35.26361307508188,21.228138864220043,8.974324829810291,6.549461465595083,-11.422336798782222,-14.829028378165512,26.814391052438054,5.213959213243479,13.802215793042562,-15.516174377733329,-4.520833949346445,7.994490680353221,-10.804894964973832,17.315516542979953,-0.5967162763528157,10.969698660989684,-14.864267927780832,0.5839067483743623
5,-2.505711576164795,6.67377671111836,-5.852629684706257,-20.486699430555696,8.89487377248071,-26.19566572235597,5.885596881005299,-8.17871161896185,15.950454729807177,-5.207142077818751,3.163041705486477,-32.63552812403134,8.751395977113209,3.332993887130892,13.807143369394245,-11.06968629358162,-19.992846061317238,-2.946123643380922,8.595371024475893,-9.162584741496401,4.2040098821018175,9.288975294343594,1.7152097165777103,-3.2081077040650543,9.152557551085643,-5.316841283634798,6.026613027045187,-0.7544200495753437,0.29259691627713336,9.10696656679254
2,5.270603157300593,1.6545231809651288,-0.21286552560175798,4.68944280595504,6.164129851105586,6.90958921871194,-1.030973912521283,5.002228807790798,36.9981126639405,4.365763271272186,3.3861091054443695,-14.272853966966409,6.821882060963002,4.368633974169926,-11.436819407568317,3.2535702226872343,1.4315321072422522,-4.1980375110830845,2.550883079687347,-9.415043749016164,17.169885708833032,-6.521307726233122,-10.828753044150616,9.731535593360675,13.283302918541624,2.185899136292373,2.742664225911804,14.692110790591565,-14.125858061511451,-0.4986274173604066
6,6.937566723940867,6.211805941544414,-6.355324400547194,-6.42780694542495,4.318942056344191,-17.227145156208223,-15.189496951172151,-5.653140298382995,7.266753052164657,-9.256600565224206,2.636871594605156,21.428567981547452,0.0022260418091727407,2.596033057384596,5.2137220586753905,-5.385906040790417,-6.854109728521644,16.90621695120625,-1.805726887101466,-34.166008536090175,3.5367782261989755,-17.031425529124764,23.965854588969528,11.626753499586195,17.824282017967285,-4.6945793655462795,5.466401334191297,-5.996190030473192,10.944532543845295,6.090209244631351
3,3.816389524694724,-9.56277632579469,-8.969747866455405,7.216430472351136,-5.904039397398873,-50.87918480180427,-7.512520203685641,-24.846340038890872,4.799843899319777,1.5457857953325245,0.5183619359949194,-0.3070977103193056,0.11118478298442075,-3.437945493892566,7.902456545763995,1.5440750470205444,3.8686979928333347,2.7206516170176362,-0.7825066547265214,7.316159484276921,11.331428742045125,6.627856646837738,2.261991545447211,-16.516175520806357,-2.085759291123146,-5.350959472228091,31.070187016618647,2.427547783677152,9.119997861498073,11.762082212687828
2,19.87165727184803,1.0283046017309807,13.656187939082486,15.552832738993896,19.549702192406343,-6.420758590606083,-2.936988897816964,9.467254784371631,1.4735531013413037,8.66683623630934,4.782738512828033,6.86323087828751,8.263545087096158,8.464301965017107,17.856053833340162,-2.259553101328413,23.42230951334494,10.868553275095449,-11.917432918103723,-17.964844674771953,-22.11022239387218,2.292969019821003,2.5636360292523337,9.538894130505916,15.556242971336196,-4.844271548701209,7.840678041574667,-4.537765496290861,2.2844678109657672,8.739597056166406
7,10.275024451967477,23.942314656027744,-10.234613725059065,-2.8975518596532908,24.97942690308732,-7.264385335952648,7.223689855282071,3.7418348652606523,0.9659044888669837,-13.807600291112813,3.2030083591419833,-7.68058525616509,3.3436211847536956,-24.90241795377305,-11.544040700620625,-15.862878497370176,-0.24301717952768742,4.193252755543974,7.597953637034809,-1.4487929708793907,-8.824095289639834,-0.8513010593637194,-20.577222641546005,0.3380132672823075,20.04073045517502,3.662662876770085,10.29607696564582,0.02809588583005551,0.8366970135995895,13.984452958998418
6,-1.1392903721554868,-20.550930902078175,-3.748114458931103,5.288357501090602,-4.512427931799177,-16.067278226906875,10.768577289064343,6.0642066109400545,-0.06329590257287654,-20.078008451697105,-3.0242779185183117,-29.457241235894834,2.84185823007647,17.906942613114165,-14.086583614086797,2.8818055263874465,-4.3935600239521895,20.679113471275027,6.124634855936513,-29.39194039489845,2.618113336314665,-21.685064191583223,8.057570915970222,-4.109685205611261,11.193126330743851,-4.083431823850121,-1.4255406881626604,2.7216200277943496,0.6972237517756847,5.178017651596491
5,7.6206914632214655,-7.556213536908726,8.731126572378551,-12.847697135325845,-1.7203282142949408,-7.520291525913421,10.119882558094375,28.83121528064128,-3.2512030582428304,11.183982133234693,-0.6339838443888528,-49.60552952715982,-4.391789169858336,0.6707844481272212,-5.282430034344781,-7.38724246495094,-3.882827118242534,3.1381592816012893,2.6111803363883532,1.934693612698873,2.70769233909138,4.449993130349175,9.68833852488663,-12.506689050716327,16.928583443833887,-17.943406109051764,1.7546355030902465,-2.027890338849221,-4.567767960402876,5.5638458703597315
1,23.732949472948015,-16.217276204927543,-23.081682389660084,-16.44495616830082,2.7438211303980635,0.22494378472147591,-19.50725961142407,-12.277148811624535,0.4275175368053148,-0.36234781596136845,3.5822422388060664,9.586873051813438,10.274351053837114,7.273582459725273,11.47315245852637,-1.330711953128741,5.454290268867866,-1.676533770458076,-9.227017514190292,14.64290522066719,-4.71603569825467,39.405152924126035,18.16277445273194,-4.074991012738713,-6.763515591109625,-0.5753149372202446,3.232050421992474,11.479567748315459,-4.117583277193031,-15.911729851137345
3,-0.007037867376640694,14.183383135048315,-1.3807460410039374,3.9875045326957173,-3.2194667661982574,-42.194088790585525,-0.4633754064392619,5.369040859089058,-1.7169245222591483,2.9820675359581243,-0.07919525650238918,13.421220642795674,3.3101659074739183,7.588517244238153,-3.9284562765974527,-6.91171663013681,1.5500579715513467,12.215211569847677,0.7872178457524603,1.3121752653127376,4.064102725844755,8.201266840153284,10.62145912304076,-24.43464262632232,-16.910559165582722,1.8552893485360453,-6.756516918420694,3.553232135307074,-20.774782643017684,-8.460058688452985
4,19.15436085578632,-0.010195445443499762,-19.547993318009546,-7.0972089877750975,-1.4309880184203034,-12.86337389732589,-9.311864594405355,10.383286294426904,2.309847154008701,-39.53236673990322,-12.692772056398331,13.685271311612333,-6.115821701033392,1.0212367692446784,11.692036553826197,-13.256190236160425,0.08239040722318425,-0.9258544160177093,15.906350562182581,3.628760425927166,-17.065323441117407,-7.51775521575034,4.983284704133564,12.426665090343828,7.418378872145039,5.222461454436394,-9.708277195082141,-16.312520999235833,6.6394998395245635,-0.8210957848349034
4,-2.891127498892006,3.9498417880343846,-6.4572836569481264,-0.7098152106271578,-6.9149405847792025,-4.684863778831534,-1.7098549917978347,-7.733443918542844,24.691127106152035,-47.33787455431859,30.619929092678166,-6.401766980562391,-14.947887400542355,0.05008174125113651,-21.26740285471552,-9.88992135910564,-10.232015459812068,-0.06619790778628504,2.451344969619866,-1.7841662336771351,-12.241468298779195,-20.143378761968314,16.56680527517327,-3.6832399321876004,27.350708781427024,2.732348056761721,-27.488630915239575,-9.91364141890033,1.9307577007915786,-9.662467671377028
4,21.233593516107046,-2.6352903010688373,0.2918293071292717,-3.748103421640456,-3.5154653433705487,-24.229065021794487,18.069238673060077,15.682870023696955,12.512903542847832,-39.71804853443887,-35.22950077757373,-12.353465043475179,6.018919974422316,-16.88146616124564,25.55082910082469,2.032593897175803,-22.158089130842132,-3.7952930426273235,-13.708375562220601,-2.5635932732320983,-10.296184951774892,12.767326906388218,6.319297539016152,2.3082115954206115,-7.06480015497883,-22.17201623530989,7.3792933404845815,1.3620546512674925,-27.205858360095803,16.302158005786474
6,4.69479344022658,-8.389593000206819,14.14655658197151,0.023202403530977578,18.105720022417273,-24.30778886438512,1.3723366524755458,1.0628944343382813,3.4223189960314864,-21.78931787566418,0.9822714177376772,-10.246770752570267,-3.516085241549227,13.282320860035957,3.4279369174115715,-2.5987314904240097,2.0759419339692142,3.2589068030731174,7.027936382987702,-37.26556520707305,6.972571008334695,-7.685769195331244,6.216865455983964,-4.69338842063136,-6.282025282499863,-4.042330327470262,10.466472912116744,17.187950826133466,-14.648390284724158,38.87672368717614
2,16.157270963148356,-0.004314681426385025,-4.04539003710777,-6.754495824064896,15.238545595735715,5.42728586641757,7.358604915561967,3.95884410737668,14.714313082669538,23.0460286627563,15.088772525190564,5.13264665037361,5.081052057179792,13.112102953430643,-3.001954952186029,-0.38535524156609435,9.444243201503598,33.87133048810162,-10.70402510374923,4.035401376821492,-3.9735069403334338,6.441274468673453,-12.591283149780583,8.316813814996854,6.638201288072601,1.7873359432745055,-6.197028385361694,5.031616585959554,0.22671185057107257,7.616454011107341
2,1.858697577766308,0.8740474374330139,-6.5148555971956075,15.443641266183924,8.860024795044115,-3.4760800260878826,1.416255764327686,2.358556557874568,1.4467684732411428,-2.2954099745386025,18.57434112975027,16.776412090943385,0.11023948271600226,18.52086981847246,17.143943957077614,5.329969192985548,8.66410130982438,9.237975067409407,3.3193133232968037,1.9064119871630247,4.479753177601781,12.488928726027444,-3.120565647407672,13.899074496659203,11.76626536488169,13.831838299027062,0.16242207004918097,1.4945614605262074,8.327838302764231,13.27299951971603
4,16.019682720300622,-1.2964282499134512,-1.142054635999037,-2.205750625212014,9.49735508306686,-8.832926158769451,3.386201679240036,8.968487151669777,4.372891130230018,-27.85331529068701,19.517094695241497,24.465119606456312,-3.4891079082728074,7.26117594516822,-5.538373301635257,23.02895024384968,9.943383519573104,3.6232481568998365,17.09564588155272,-3.0510375031598835,-10.664315443768174,-4.658080914542103,3.7773552324353386,-1.8724670535858485,-21.96725862097331,16.98756484996998,-19.246454637829807,-18.397576157504695,3.65788713666705,-12.42595652263749
4,5.262483176856095,11.202901734729151,-9.353918732247951,-0.5037375976031314,4.658629073676298,-13.2919503263889,14.173133074391622,-1.369741293819386,0.9412139637167696,-27.382412358647084,5.224358163376086,-34.58575360321312,-20.36555888795138,15.070555544127886,8.669384204858394,-8.70652240903765,10.268724214149415,-4.546554530528574,2.9192010369110797,1.2840308952417723,-12.626661347881578,30.214562399083206,-5.929781609059766,5.320504223088556,2.373385345876498,-4.645403990153011,11.473243435297931,9.522073514472515,1.3003070987889263,-10.813050216252797
4,-25.468977916501608,10.313877712116588,-20.139742751422435,11.349302246279272,3.661629070691803,-23.914017022845023,-0.9142728105564455,-24.314854233266725,0.8382508476079428,-24.223098625497695,7.640320853909204,-1.9119062902992772,-1.3780147210660463,21.50782579074224,23.274536814834583,-5.188081246680766,5.423931257687323,-0.12810101769534882,-6.66236336117254,5.470444969746352,18.032728108450552,27.481548998596537,4.840053249714857,10.006541100784041,4.097732566304218,-7.379751520430819,23.59661375835235,-5.445095245080665,-3.2350584077524336,6.201592454548015
9,7.658868019634356,-3.7538627892122722,-25.66337688114325,-0.7348818077960888,1.4393665442568235,-7.217734707589359,16.748794944852925,-11.053521486190046,3.112114847238743,-13.336328652970845,3.109133573107957,7.774826653927944,8.722712052356234,-7.621471218569864,2.4068825544330945,11.949290028852367,5.9988920982320755,-22.754817861654406,18.063990773003095,5.094934908636658,-6.6129643960918685,6.480578572146467,-20.358963830620272,43.96553456010825,24.176041945382153,2.6173126645466818,-44.59084747427441,6.47334158084074,-4.103783005799209,17.98801809625077
10,-28.92773485293038,-3.6566201039141655,10.014770268700978,13.445150005723482,20.352134727387277,-6.169752465186986,14.929869864852499,3.2181393279904,9.117113633447048,-13.738930292405467,8.891750814392456,-11.424926026286519,8.306576341835937,-1.881600195300531,2.986750286088821,8.731320829730397,-1.4363873173200026,5.410153648718396,16.90878551692906,-9.831912913391736,-1.5660090089386327,1.7177927057487603,-2.873611161717766,15.197349642324026,-30.24935188882944,-0.09093485830615,14.686795099149235,29.6419080601841,-2.779540216095857,19.891763050293726
8,10.311670335898862,7.721312967685978,-43.030782302945994,-6.982992842560758,1.4286613805645136,-34.9816473874199,-8.697881470300953,-16.573845563479733,4.126592799513445,-10.608503415773791,-24.888134668765552,-11.309696491512302,-3.5430308229734573,9.499376226467508,-5.186240031902356,6.5487133231802765,14.398515846124724,-2.346200200959535,10.549163596005114,14.30890481104866,-18.428059346992356,-2.7060369691462802,17.5713768837641,26.626822951977747,1.9082198065506832,-9.049068708350525,-18.01185227343644,-5.180183458566837,-0.9039881933177587,9.82587787606342
7,0.9859831334333526,3.056665391322465,-1.884249386653543,10.226497562467149,-3.152809394629421,-6.695964118524691,20.842659763375057,8.028821260680754,-2.835187983390953,0.055934725055253764,9.32683561936071,4.902205829617744,-4.63947701948351,-16.357535815052103,-11.084629736022652,11.982188094434504,1.190930264098794,24.868700262276622,-13.35824099213216,-28.645363839322254,2.7183118397522437,-2.290062443749531,10.675181461672686,-12.562385848252058,-1.4800725603608644,-4.992948725487063,5.379314306040451,-1.8041518126825578,9.015977812640184,-10.612997869000854
5,1.9034308140735743,-0.01210444020100554,9.902175075698011,-16.960678336694134,6.228812793559188,3.006727273267183,3.074924024803943,-29.2231244440858,9.167639972779117,-8.834985519722949,-2.72212654102521,-33.83534474773448,-0.449904480252865,1.7209616031309263,6.399896569648719,-1.3991338098662562,-14.144929032283207,-20.385802605536156,20.571014336207153,-2.601201712379033,-11.54743369451701,-4.639138924609517,5.839016329513177,1.7562179495469303,-0.9708430630311127,10.580369190418883,4.334550484654344,-13.842666735900414,13.970732550965307,-9.938161303890904
2,-6.55612303670129,-3.865511146989272,21.154941187037387,6.021360962754104,-4.871216244445905,5.497090533439119,-7.819314967263299,4.31102510528105,-5.978381857984857,11.085959543197978,-14.131384611531761,14.53358347357679,3.753916635925135,17.323252809738005,13.973712905966005,-1.682900028939383,1.994913513211344,44.6519927552137,-19.973688192149396,15.911523428792758,1.8722286248571876,2.7379311105933435,-17.195402152549846,1.9893305752485042,-6.1039996227606625,-0.17107213701455448,1.8962255325131823,29.77626584011191,3.3828322542942013,5.173942170419446
8,2.049077834062743,-2.5272712474513988,5.452131265215325,13.054389289599877,-6.448597000779401,-3.7440106041232184,1.1607618101261137,-2.3423219226392407,3.4219416080851652,-0.3922102471387774,-21.062482224851387,0.6084325853124506,7.00470274065667,11.603086085470807,-7.803493965735429,19.31255679300227,15.318177132566873,37.66435259809827,1.2619692281451562,-7.0143710430362844,-0.08049669358698286,10.648656084269152,-6.39933346479447,18.69553238010277,-7.889830937079204,-10.454162105163672,-22.589029059938206,-10.82057006610685,-18.275374877471908,25.95574843618421
4,-20.81839465763569,-2.5800334333086323,6.230879813612794,2.3334722074463023,-10.81086570610212,1.862524417435166,8.925473903067802,4.981079518576854,-3.3669884151587346,-32.396654078427275,-4.124085356888783,-10.010426651047402,10.664080164808814,-1.1448253345110038,-4.887223090709522,-3.9809181950617556,-12.018512245282317,7.545337056919454,2.3625133676056835,7.7551340011023076,-32.68827534533865,-27.51167078922358,-0.5729279162365153,9.036094080984356,-5.060952420182589,11.720348655081322,19.386775600811458,-6.000759020886589,12.534120936093556,7.346409825376499
2,20.38517585928313,-0.07002173054885952,-16.825218248130874,-2.772894349740823,20.818445246872862,-3.789102170026287,-3.718515101123987,5.679989163572468,18.353570104736157,16.60503120313631,18.798572878602542,10.20203105712483,5.202923028394736,-0.13582173564784217,33.03244025051351,1.014718955178675,-0.89959051432478,1.071091929275841,10.452704002980642,1.458287135854531,21.91128169134599,-1.8089555212683677,15.08692957231281,28.542919777517746,6.0595650140981885,5.7555039783658515,-7.058967746820698,5.793945002501508,6.334122585660496,-2.344213509326641
5,-3.0218988310045107,-6.614310654036661,5.671034204615591,33.3135421062458,-2.656647001104702,-8.684114132615257,-7.589163646395032,-7.910595347153224,14.752272423662088,-8.457615269820563,12.194220825085768,-36.10900500801586,-4.4070689076867335,-2.3427964960262546,9.902921984997056,1.01772862668214,9.822445610380313,7.340912790548387,-16.116785020814707,-9.978269672856761,-6.677918000523896,-1.1547213976687045,-11.60891150854223,-11.115763022363518,7.226702941418036,0.02590113909692837,-1.636119393377584,9.932334491176375,13.595808514841494,20.78602641142433
10,-30.200133026282234,-9.060084338249158,2.0347474828653493,-9.096099479510533,-4.4111518533808525,-9.925869150308312,-5.185702713408819,-8.638276893610342,0.5993473607992312,-5.77995984157759,18.018591225715213,-9.69023543700054,-15.216876046398397,-11.072552970648129,6.176884837087368,2.42234628660777,2.6327725236875765,1.3279474053491185,6.004171817670119,-1.520172659601199,1.9391531728937257,10.233531086680674,-31.72489949291177,3.9412007565019973,10.196715175095758,5.498478683242446,-2.3449691285873167,3.802582286483727,-1.3911080112170522,12.935080901542712
3,4.11579772780055,20.282256612592235,10.377188470290685,0.07821397388454479,-10.460453791447673,-42.32381082586913,15.525311407578814,-8.547979027516726,4.972934539302461,-10.793575928511203,3.458085066229241,-1.6716299002609543,10.845351443605573,5.209847892108994,-1.9575793463448266,4.653895790400728,-2.9320348690231706,-4.496480787641061,5.9265120780615606,4.98811651424393,-6.651682828305529,-12.49488629184885,0.07462546776504025,12.54315171047881,0.7887845868115042,-8.407256854831978,-21.034801810958825,-16.286280954305813,6.625643143411754,14.629670994363774
6,0.4472597083332188,0.1954041649327054,18.4255098814706,13.885525878046787,-0.49108675315204664,-18.285630498827246,-14.01257366025421,8.098249755001111,1.651827004411267,-2.4391441122609647,-4.253950045940336,-26.692324209810128,-6.782622082363462,0.18883839391549828,19.943383272699506,-7.321997516701602,-12.85645162343813,-15.198609785420647,26.28183039960463,-42.55156510877899,1.0892157648989977,-21.524006981783355,-9.450930498558003,14.021430685786326,1.5120356854056296,-1.100009946515245,40.864638289985926,18.296477102206687,1.7000017549888968,13.958067292327598
10,-37.403796687594074,2.4060763999141175,-1.7707011693065513,-18.214704263837103,1.8559088363118792,-7.192830305619895,-11.667571697415971,2.044711540138089,11.04041814023488,1.2059988987432835,-17.738134688980903,-9.140944002691082,3.0491726757642192,11.12425866780811,8.812665407935322,-12.671818259139263,-32.20441903807993,7.652218399435439,-1.2339526549603157,0.10874116657360666,-6.480283011269861,-0.5703179960924332,-10.408659123907764,-3.578799195773399,23.02130886592354,9.934214273060803,8.257163747480389,8.24031386188822,3.6763144286336122,15.629196997167135
1,-16.701652225427438,11.573554364325279,-15.177045862093122,-21.78438086220407,-16.887281821299915,0.24793792183359709,-6.774667636668614,-3.4947587138365037,14.411208170059284,5.771328169928072,6.383183312873634,-23.534664363113688,6.189430309204994,-6.5537403087221096,8.702709411161448,7.3547225067014,-45.3954824496895,-5.527393107443528,-1.9686396179213705,-6.622565463194352,-6.170697434084886,-17.329295543733455,-20.51202479695121,-1.8285608718271897,-2.6032176175599897,-1.4228887297994732,2.7844753617227402,-42.84901478303879,-3.5600391490222068,-0.7551321729714315
5,11.703031360140146,-16.285637053215947,18.422058109288653,7.467383228303284,0.40656825223826276,-8.933074452059357,-5.6198502045793415,35.23977067346803,-2.2444204402005794,-22.83724914569401,-1.9722149979165824,-28.301184535937956,-2.968920573996402,-2.9933728485081517,13.208346250670484,7.808278029246286,1.301771296262627,3.6221749626561945,5.886628903624817,13.470384673491198,7.796442391879487,2.1087543060231067,-7.355133947641186,-2.9583398817017548,36.90230330268987,-0.276803220844021,-2.864482801106888,-2.2225686869982706,-9.608574912072907,28.41179366459955
2,0.7242434577121379,3.509452350153457,3.0019247562462503,12.930468896397205,-3.431420434547845,9.990249866469812,18.084593799722974,8.659702027301542,5.895691800004869,11.112914204928321,-5.86024540559552,7.5681550956400665,-1.880856957941147,5.88351392670788,0.10897399086794479,3.733720223875874,10.440170127170862,-18.376856020708022,14.754164872873165,-15.482444403913826,11.05862083053454,3.273492334891142,22.2353714223571,-23.93878735028072,4.600365573510976,11.755532020120146,7.692040303975188,-13.248729505483768,4.2103126577521985,7.186742192838833
5,-9.508434769194627,-21.03721867697832,14.134423343567093,27.854819080239025,1.8280255153770668,-0.5490009834069909,2.459342559816372,14.69047003605403,-2.8375766609672315,-1.769202909976742,15.737889833257132,-18.154375123466288,-4.569766283941172,5.743108554776886,16.126556735064828,19.06825509347421,-18.9488406052225,13.399867657430772,-12.808377492414346,-2.8254045302539326,-1.3304751217000348,11.530880014776043,-0.11849293503238445,9.58642786852812,0.014493124223401654,0.9319921644818476,7.749322470088585,11.2014122619144,2.023244261305814,-8.006944044125255
8,-12.067158769199613,-49.64993675564002,8.192299433448532,10.33516439783179,-28.060832566448944,-23.16150543469076,20.802808502629716,-13.29288177010093,2.4714530831336616,-17.126641447101555,-23.505802393837982,-11.505886088418748,1.1434842073442326,15.645142187567451,3.674079216408819,15.20202454917907,4.984053789573636,13.370385145624532,-13.77775701085575,-12.934752015040434,3.4730064873594078,-5.002321300388241,11.03088426894518,2.8563966195642365,-7.061881016874778,5.832668206902365,2.1000179266315966,12.27280265821748,24.77968933542478,-0.1384303690286508
4,-24.75975450744453,-6.724336958486852,12.561018983176556,-4.6551864482355025,4.619055379054619,0.7204678782614948,12.438264683887008,-10.289726530842243,6.4162835293465115,-29.121251242587405,4.2992498301891064,9.179445845109225,-12.506683235468016,-6.625203934035286,-4.960985577329751,3.0142685028044345,12.341584819399362,-2.9090511665978225,-7.657242162762553,-6.4248476931707055,-4.94185157857023,-8.836171398410627,-17.04021323603489,3.460785797983916,-2.2042003957461502,-8.69477016433804,-15.08879365960308,0.5609153680346316,11.525321840567265,-6.197501074830207
9,4.601957471976055,11.052866682804684,-11.724730011092005,-5.284438180012661,-13.2734014328598,-17.26544519033462,16.168681229450648,11.644565378523916,8.608555062448394,-1.3288413637182463,-9.658642841008946,1.6229570709850885,-2.8987559528927767,5.759903274798493,11.872988182603093,-7.012749630620393,11.190363137816881,-5.199507068846319,17.28310451260076,-12.893480554043116,24.33796741347673,-20.28147406686557,10.419099300805923,22.140640310832477,-8.589231665732992,2.891909063080673,-22.29839864282893,10.711156269604743,-2.873934159562136,31.71678106881091
8,0.34726541450091686,4.367353030938768,6.9544703296773145,15.570284087894258,-35.08586827155001,-19.7166780372588,17.90043308211432,0.5406468767265005,5.413579441054065,-6.365401859057252,-34.608437654097315,0.13797413885433674,1.7504857959272302,7.751899502671788,-1.3146410211867314,5.234475035827452,-9.661848145747246,-11.662446643403129,-9.603189534217336,-2.582717285012323,-27.410780472078574,-2.50848770491418,26.33844414823678,-4.404169685902051,0.3448754025788303,5.293355838359155,-1.461586789286645,6.010618236881683,-10.717697189990243,32.66259811672732
4,2.1719222822975155,16.694461603342198,8.560977367804128,-5.812650404170737,11.10010767791619,-18.150099022273682,11.41241155538504,25.947114308461696,-12.297609985449043,-37.65668069612389,-19.52219479174849,1.1889451244394231,7.68228109905175,-4.16958658506155,8.509510014876907,-1.0418800007390332,-16.652515983588284,10.026550075268517,31.982144526410114,-2.7499720568283372,-26.609054283826666,25.915428491467864,7.748335112276473,7.575788729660332,-3.0225705733319503,-1.1040239982010454,-44.26838001139127,-24.476127128287622,0.6455337747968674,-21.103434093934432
10,-25.954670706743386,-0.6181963399608177,5.9004469613139685,-7.5693764798571035,0.7007318553083475,-18.329129813586235,-8.831017186576949,28.112229992318525,-19.842187180126412,-7.94182391544245,-1.6760371209717573,-2.713541056219317,-0.4292991601854035,7.218695158634186,13.150380354654349,-1.2505807965047073,26.97086597045941,9.017517527771755,-0.45748084862820804,-10.210062855779007,-5.067236829984284,4.017055294421027,22.40070319677429,6.911537561728284,25.979569719765838,3.0159549804397594,-18.524457266076723,-7.211127581894624,22.60006005084522,26.237946455357076
1,-9.820772104643334,-14.227853794613093,10.335888521725034,-22.521091750275417,-21.187829311460494,32.8786826902663,-9.4176879943705,2.9639107020888344,-13.742978128881386,0.3190861098086222,5.397781581525542,13.778457058152544,23.899366975476454,4.59136038941305,10.981176813093315,11.29123583249287,20.032337044265567,-5.580563250838637,-3.2756434012823226,2.757035866944804,6.894037082330542,22.637643529116364,-7.3619493649050565,3.3471224821250365,-11.234900800982437,4.76002263905881,-15.288579067947037,-16.098746436148765,1.0792143946708928,-21.968126421832736
7,-7.724808402751983,-5.5431962375875,19.30728043841798,-0.18961034909320063,20.01376629863358,-18.211487143478923,18.072782825052766,12.843263686811055,2.537385432074695,-8.020203712227325,-13.404193754833074,-8.574630195191588,-9.767214514240688,-37.807872783671556,5.378766880508852,0.4199683598718822,3.787613452071455,7.966224085994537,-9.20450382294558,24.052665218614738,-1.7776295914320164,8.49933629552201,22.1934336682635,-5.982826488258489,14.990563460291668,10.024970189735232,0.08703291196748841,12.480266246676267,3.043186864371118,34.58778839918723
6,4.123113703223084,10.34586251914015,-4.942354486180775,3.777080188593676,0.5489512551247439,-9.49178061125204,-10.969410744002078,2.947407835671321,-9.194441817235463,-24.892840834096525,-0.11377887478211912,-8.447586558742124,-8.826637285710724,-4.235573093953663,42.17019738739888,6.244744334524555,-5.020990334579637,7.124291768572615,-20.625746203121267,-32.49390638321747,2.8030435187115588,8.05625544615752,0.4712243443840859,-14.853223115237851,24.849555136769016,9.553995685446575,-1.2103523762837076,7.312922168212733,6.82335373748323,-7.833106052561284
7,4.101187397646635,-0.1644909144442498,12.222278477990209,2.840791094193711,0.16762348211768785,-33.488691658321635,-12.216665225268887,10.248412212156088,18.109859643177955,-15.466649138622477,-11.697918857577982,-2.113767220425428,-21.109350360710735,-43.4930088086894,-5.962960199908171,-8.701410671282167,-10.27079204640649,4.485675489560819,23.05355051076913,3.8306919145826503,-10.759309017145553,-5.47195394734535,6.424682476584983,-12.292582834846865,8.3498842393338,3.054512861531494,5.60332820716669,4.043538430575865,-12.661004657415088,6.9199242323023515
4,-7.598537638744276,-3.020206486692318,13.601821725173313,-5.751322043618892,-7.517569040313114,-15.204517921972652,12.340584809276098,15.055387420432739,-5.2483422114715825,-29.744839382042368,2.1804898643786723,21.666420208262434,7.3667972575714495,6.070278506501734,-10.359848398179034,22.36734764209682,9.064245014702397,1.2021536745426398,19.560705398501508,-4.846264941156043,3.9570147050927793,22.555916168222705,12.964856077053104,14.674359368610162,3.325494621790296,8.086618271491748,9.151618979065379,5.83925969816436,-13.420694116795918,13.036513076365772
5,-15.552502771184777,5.323422140181852,5.792319441316653,-13.04423778005489,-12.049230121752561,-9.11081783542024,4.597734812923398,-14.322406937907347,4.154222070912642,-10.62092484689477,-10.927813808905874,-17.42129134761203,1.598939810657939,3.2731748006626566,-8.446994524657743,-7.32978206341759,2.083045130413484,-15.555705388839158,4.294774738642827,-2.32821242719393,-5.240779965760464,13.317525587085456,5.821962835650109,19.056446361564902,9.00765469767362,15.95857151736641,2.8554871745593164,10.927954107150576,3.125659264617865,23.881422490159892
8,-8.177665772374445,17.617653486382245,3.3533739812249874,-23.0229218709097,-17.11891541907355,-18.04852300865226,25.967082428633983,7.132817599583225,5.607458897145631,-7.156340326635416,-37.7307649515657,-9.440403020824785,-0.464641530171219,-3.3526667625370683,-10.388033463286677,0.21274352497482063,-3.2189077016711725,-10.518418276515161,-3.5913173786050923,-4.332621470875033,23.65074432147601,19.88828827642199,12.840982662260437,-1.805023246306505,-7.147477172425309,5.154084530515868,-34.44734162868646,-6.527618164374202,18.038057061000263,6.441367286932554
4,-21.550748357998987,-0.06937486097682108,-12.040092271311595,8.505960320722055,2.15555888701742,2.1429320705418835,-13.011306994106778,-6.8305129991367215,19.400500900388597,-43.0046101264701,24.358688288403986,-14.26573555129247,3.0214607458515608,1.4015359193213062,-3.531291090488447,8.320421874906543,21.35956023627695,5.848718693477986,-17.841045523060476,-0.8933241708757271,21.701581528711127,-23.516820986420193,6.6377032468705135,8.566331597607938,-5.370226332292457,-4.715145719175039,23.942375234063185,-4.890637223418653,-12.924167708937405,-14.774341394401025
2,24.67023459249805,1.587774362371073,1.661137791223127,6.3200817687792785,4.789333906551685,-5.102105550246921,9.631783201419807,3.0123370196247325,16.791170040267417,-34.457017807263476,1.1818981334504697,14.22994080632034,5.396029472005227,31.424501650173372,4.7255522911545444,5.4452187514353145,10.981108210896894,-8.221096878266419,17.056558126946342,5.865611735286875,24.439486562268925,6.141893237086991,-5.806826909363918,-9.029430147573212,-0.9096210207775188,4.8235317123626995,0.8988686701906197,0.721158480627591,13.042399449071382,22.89773981681784
1,-17.719159036642562,-1.8016429948833177,-21.330647764250926,-16.73194063091438,-20.44967538391681,6.711036446546959,30.327540377394357,6.052294270417989,21.98065142902408,2.366614174299053,0.007030103275001309,2.8131563557374513,12.216768487799461,-5.7944784571987045,-28.399633449803503,8.284597844971152,14.940807851081448,13.234485274068286,-5.378364616923579,-10.097999946867183,0.3417873368799671,-21.089057264585104,-3.399142695014305,-6.219875083616076,-3.1019753471844584,-19.322359815194854,8.004453953555695,7.388752264681791,-4.792222090793705,-11.40311944586032
2,14.543481484961365,8.251228336592103,11.047653393574203,-12.869739397850381,-4.38622751137381,16.03101851222002,18.544249813202853,8.670091354844125,12.098959044664891,-3.6178267577998837,-16.595065439866698,0.44068627855372977,15.775551313856354,1.4325300937498056,8.317413506226533,3.50827767069453,6.98795326709077,-4.261017655251694,4.1171725818281395,-13.626443868419083,3.933652732747111,-0.31378699232085383,20.319412252858104,0.7482827864536215,7.0961181938584215,9.4810550787775,14.705841679631549,23.712949455942045,9.318391614958829,-21.399150147660336
10,-29.85473924281604,6.000886400548444,14.724197923141217,2.711535269500466,-4.2253752050488185,-26.932495250023813,4.026084235101539,0.7748084305219891,-10.045739087342161,-4.098254799796706,3.625981417718746,-11.817286529660107,2.4343678915872635,30.4354091534767,1.2706525100564083,16.997006776035374,26.136746257788346,-11.341537509199537,-5.360242604826032,-3.7543891510850083,-3.365063423185433,3.0047614439953696,-12.04635972392082,-5.312949942383698,15.952432044184189,6.47092979162343,-6.029159048669738,2.206666467126922,-2.148902686476825,3.2389081878446593
5,0.13310981898305085,6.300732831725724,0.4441698258910889,-3.015425864693471,7.2038024368167175,1.646084584949616,-0.10252601389786437,1.351353296088036,-18.282922960175668,-15.393783606425554,-16.54081090425161,-42.793193355065114,-2.0904446926812477,4.015878244877718,2.281161288088235,13.392768240287985,-7.8536288288852045,9.300241823967836,19.759585493285318,2.0040433139516143,2.076842711442034,-10.60987071760537,2.5481687230372843,6.223868443107877,-2.75938322306463,-5.657269280675841,2.757911502944796,0.8184839097783541,8.179662926659317,-1.3572326641671069
10,-35.2299860086822,2.419585530693724,0.8783624901031061,11.937367384699197,-9.811039688825128,-7.9455778633494365,4.563012992114875,6.169319856540849,-27.89227295864097,-4.4078577928195095,-9.792324594954234,-2.57972912813126,13.707290788984183,9.585462888722109,18.1020678187934,2.6360726059196438,-1.5812721899100004,-21.901406135852984,5.451221652653311,-10.834064125047757,0.05676098463567436,3.1090784352429743,-5.949288369856657,-7.498835828887845,18.87314685544458,-2.5324246123502383,-6.333769883874472,-10.742045624543032,21.364369693155243,37.6125047499479
2,19.051431027697063,4.1777828030212465,4.559441392951088,-0.7255991333183678,8.78551007790687,5.280941398583557,13.063817242216901,9.20883753210896,18.512655919550365,1.4879822438467585,-10.8997664627644,-2.6485882058693244,0.5590076472797709,-5.38358555316053,16.620981715221895,9.108624306329661,3.4851774796994768,5.329494701295037,-12.194320594193586,1.8544537877725042,-3.5748374416480466,5.1982682918390255,26.322077813320632,23.22241045628712,-2.2464283366755318,1.0009763049880442,8.911621390433595,11.32704538021921,0.513861311586457,-7.3816490161096
10,-15.277214467412639,1.6020640223961398,-1.7261188428731655,6.818465340230133,-9.795740560266811,-12.73713519227565,-6.355994287151517,-1.6155361017494028,-2.1488249349656874,-0.6986120352270335,-6.27763569702073,7.288236871012062,0.4865689151993967,-22.108570631957818,15.88939958614873,15.541833099781861,-0.7177337332316109,1.9329445980173052,4.750886668112348,-6.156467486644007,0.12253771963962767,1.1003095998836647,16.31941517058482,3.5494987815142256,-33.14136233778636,5.297845248844642,-6.931296214470428,-8.525835095895674,-2.127595116060198,6.213997904400367
8,20.89745166246383,21.355676920504028,-2.7264377498821433,1.8581123853878485,12.928919025242879,-21.345668378745792,-19.863701954350056,-6.497663857218334,-11.153591191291431,-13.46861722955355,-24.574314107760404,1.0269201314390939,-1.6757355497959947,25.078340458222602,22.19599298487132,3.1719415120727366,5.741207605708218,-25.299200018542038,-2.9285666584045247,18.069793626474105,-1.4956447671717397,40.766934619645525,16.055481833872058,-12.430665156442371,-2.2573933724839215,-1.2306856791484084,4.569997733916796,43.01934785238821,-15.344989080861755,12.326288445994502
6,9.513784616524058,-9.473484011511463,-6.5834946133708785,-16.40936539659686,-0.3166835238162078,-14.507639418309688,4.049073255535407,14.694178607259287,-1.116345429981611,-24.18609374414959,2.5700119404801876,11.878971896446576,3.608568799620828,3.1733744577574643,25.830718133399145,-1.9590696051254852,41.449150331113806,16.641700614551564,0.8270358890295112,-43.124582169647844,-2.1664365287494016,4.40132619187058,15.120387163255147,-16.877120400953547,20.521160747439993,1.5896389384081826,-2.021692299967527,0.9633522805149356,-3.2685481338269335,19.27697969605199
9,-8.33562930132043,15.553231997159049,-1.7505363942373482,4.765348202366812,12.227230031298195,-26.012457687800666,13.477515323717984,-11.22027973643487,0.35859667704593834,-11.069637633736303,6.018402404616213,-15.406348628114394,13.136362852265203,-0.04285408192974449,12.420124299425973,14.848139802671124,5.0205351692768465,40.96294671627034,-13.278208378412323,17.113033065174577,21.741336261875343,11.013426903569004,-6.546564752895076,10.370006568063134,-10.547163749076098,1.659700536019008,-23.767864105781527,9.634775017625511,10.400892221657408,-11.080312737151361
3,-6.515505337554951,-10.92100872354639,-8.715072352629997,3.450290386623162,-1.7433709071873,-30.300404678089524,13.647644218020513,24.962742470210387,6.588642082578495,-1.4822316428000266,0.6121117927150735,14.1852772446122,4.7896291419407255,11.76833797571749,8.321859273160705,-2.362542587461519,1.2169921917199509,30.050136876642185,-0.8747135161132094,-5.861823535193199,-0.8744424268417618,0.985308487645189,2.455566253938341,-21.779175411723536,-3.276955159299911,0.9316920449098194,-8.254321866941424,-9.439067252009265,-8.689311709894547,1.8440895195687204
2,-11.137747810596164,3.535807380407729,4.207377382757176,-18.927893538587362,-8.06554571143505,2.7316766655354043,14.821347101652414,5.325193910080724,-14.190657499733648,-4.722269433296658,9.79668308737617,-6.751226324272291,1.530636447658632,2.566040300823526,14.186454559259985,-1.3247169224192512,11.034907191378368,-18.484468944064204,-25.00819494924494,-0.6061305976968097,-4.015318392296563,8.549032660786615,-4.6655245635062315,-6.731504977601637,1.3079191994061268,-2.324557033563071,10.145360954283733,25.852654107215365,4.275064894009281,42.37877112534656
8,11.416266101267352,-2.3799211942436265,3.220149870691303,-19.47173165617978,12.193213130237925,-39.09201796628317,13.199327849489736,2.9143938312242708,24.024277285376105,-23.210571233494164,-23.41102200241225,-10.988756555977329,4.799649549751744,-3.18462253815889,7.947645482057518,-8.733975257910043,22.209733402967334,-4.482181287907011,8.963871611638888,-0.3396052968521399,-27.199664176548666,-11.03685551143851,-11.405725416819559,-22.73227583615664,-6.994009148831512,-20.61485031171824,-12.762777315207867,6.391388636685695,-9.128586537911037,7.6080120185685685
2,5.761244156049627,2.1700326270212775,14.767198138349382,-4.691419131543943,-11.221324925509204,1.0258705547729763,9.596700180379331,4.290773412682829,2.849823075836162,-11.929632982919797,-2.351785177448348,20.678357817297755,13.095002768343175,5.515016906036761,16.97091320877916,7.463888213502038,10.297308053207278,-12.521628251181044,5.517792631935695,-10.230385246729744,1.8768828611716535,3.1425832742612014,-0.23753732816761236,-11.544018652455442,18.801751102994462,3.550330347386993,7.009107050715125,16.673230672815855,3.080539773695345,20.762242199376427
10,-25.658912455474074,-17.34561065375077,-16.088457731158464,-11.999725757634328,3.543495585267493,-15.041785431446511,4.48998951094033,5.140766725375018,26.473264701291807,-20.528071220948213,8.490301904605356,-8.074350672423357,0.10489509639366545,-11.598665885118034,-0.48274290093745975,15.605005062381148,-5.843994566273347,-11.68449625343482,-16.321379484573193,-14.737404662609451,-7.145045531727545,2.77831757176073,-10.788847438713592,-6.5802402379112905,35.15530562485728,-7.6047241120111355,-2.864998815680373,3.730030468735853,-5.952531777171471,33.46862859778505
3,0.795869153671694,-1.2057038412881338,-2.5647199655042265,5.520722433679191,6.897066360870277,-25.841422495620215,-28.82751202510282,12.875179649257396,-6.252562519645063,2.898375746310934,-1.6871402406070424,-1.3596673946996405,9.677497169093046,-10.61113820674519,1.7146543712611386,2.3310591394463067,-2.565928476421972,-3.6321792635359986,-2.1735331742443766,-2.636829553948299,11.22076479010374,-0.9747130198578685,-4.39609420759777,6.285497412039714,-5.834534666731095,-4.319206848744381,-5.988004412549712,-12.05328955559119,4.216065909106756,1.385660413048315
1,-8.329509642398934,10.519758324830654,-30.873172807505437,-6.180194233115611,-43.36596002016754,-3.8404032269383057,-10.095934463370574,-0.7742269279439995,0.6794092435878083,-9.433226793449705,-22.832366927380654,-9.39515090422071,-23.42845354334429,-4.871712041813732,-27.226195520906174,-14.413556218860444,4.4279347978156745,4.623487456749622,0.2985287537022838,3.5341554688759746,3.483966528688974,-2.996576424066348,16.552153532174763,10.555002675034928,1.1440269924320896,-35.28781521859023,-12.578014021560975,-13.38695770773812,-1.032292481963045,-8.047117092493824
4,-7.985882693830806,6.9887870204748515,4.035514187050231,1.9801346352542386,13.70045582022748,-26.12283167858594,0.3797869184691345,-15.903244428445841,5.783818288839843,-27.215475330690634,-3.648195425997553,-9.546158804189966,-1.8668479531781355,-5.547898299278538,-5.822519496455877,-7.189407741980404,40.128209956959765,1.2099009472216578,37.91834911171773,7.303797303445727,6.735305230937696,1.368958741239513,-4.413385123002402,-16.284374236435262,5.519060178384542,9.85575041453017,14.223962148102624,13.522270649140642,29.45742099395615,23.579501247711093
10,-24.27498860346298,-4.602567114901212,-0.697823687626228,11.717669122537089,20.897257030580484,3.9755490760522108,13.757167450086582,14.155197390786952,43.0902881393051,1.922439349377754,-8.291826898240497,-4.5706088734458685,-7.423075942388621,2.1389915119234733,9.238800856607856,-5.733094569065084,9.085388772260039,-11.955596306184542,-1.6862705615469693,-3.4041117468800097,2.3513587172610184,-5.721251669111211,15.466093885353962,0.9035076580583872,10.849363942098773,2.435845035644373,-14.581873971603146,-0.49296651193432384,-11.438596523963025,-2.9328281438043575
3,-11.055534092349696,-7.663786787902467,-4.210371901194997,7.630812597097861,-11.861917166937504,-64.12210961322762,-2.1570526720877927,24.980500664111226,6.149659556399051,-14.534423708259382,1.0146036257900775,-8.461383362583563,1.1372377811690044,-0.9902280712273008,-1.4210683299633478,-3.501903689278505,1.1359117267974168,-28.980854608270562,-2.645220894244124,5.3816914065903685,16.53675895495292,-9.267873144528506,-5.139329034119847,-10.572452112813941,-1.9607757087372626,7.5408219063853,7.8650030154945405,10.700327415946584,-9.86959632781169,9.060943223162855
5,7.867463291297206,-21.312211412999442,14.160216740730522,-32.082544964716554,2.6618139512390178,-5.392433327363597,-1.58548413110338,-3.364662703637899,5.326504229150366,-5.796380977023782,-1.961366896485257,-19.929178937567777,8.972502471106587,3.7273722510181835,-0.23266178995060116,-12.971810872607984,7.9288740137521,19.571776143565067,-1.6013356251848834,13.688381875965348,-11.14561804712321,4.903500902127622,-5.828767545078709,8.225672776580309,-6.419290653788048,5.828052846997134,7.8859856527298735,-1.5335251502975151,23.62590118676831,11.45944700468575
5,8.849391712667124,21.737075815624127,-9.00676299668686,19.765911747168488,4.8414645413099455,-21.529521137795605,-6.365468689423061,-8.268782783612478,-9.486847505612456,-5.481557853060011,8.976104433710965,-38.762861115847336,7.615515097713285,-0.7088079514762855,-1.459759926132154,9.301697781624602,-9.801736014160383,5.317452708536006,-5.540889154329497,-7.228227421152379,1.8083492314780245,-11.799377199779562,4.9045733466980055,1.2893391119214208,25.44367554322161,8.05385165432924,-6.892430873268416,12.619176719301937,-4.6714459654732154,13.237070255836887
7,-3.522022844777129,-2.584890799648311,3.4233514666429645,3.7570967243165567,-7.59123272049074,-2.7952181445606605,-6.126050117930025,-1.1501977772502707,2.802801636478143,-12.257035665357472,2.405018093197259,-15.23851792568216,-13.988648544015051,-31.18600725355715,7.134218571701883,2.6948530396864876,-5.092917648600226,9.840983586690491,1.9952349944209418,9.698332599154131,-3.200237606252447,23.88474019424166,7.807164047677356,-7.672534145846257,-15.9179577363331,-9.334094159274645,-6.219582332369599,-0.007919822272233645,19.312464597190175,10.220953948114724
10,-30.558479668998093,-0.5419258061710688,11.802585956478561,2.5123431901443025,5.849937466158938,-16.01441817166763,-11.47061068422824,15.73887291251967,-8.382513817297768,-14.22704098502442,-14.484507365457993,-19.941725714030994,11.087450599824273,-20.94900642609807,-9.814819023585692,-6.291518669260379,25.85239833888034,0.2616225364231335,-9.010772353186423,-15.714762154884387,-7.000194300214686,1.8868397892852253,-4.648035423318777,-2.2447259852817605,9.554042653632703,1.8283957335052354,-2.102371931710998,16.92886489310638,17.933853720689683,19.61551802270633
3,-12.60471766947833,2.0079320621712062,4.154396428798813,-2.5938396982428893,20.218759033287043,-50.21588690683978,-14.610892063188587,-7.021505255355769,0.7478669882760015,12.863064875787954,-0.980324658978003,-3.4909303202092965,3.7392270530148664,1.0059906485141907,-7.165525595841653,-3.2003031773727697,5.830943457079904,-10.677641799968919,2.46391839622429,2.596989446199646,8.169809733331018,1.9423240872272383,-5.553779826805599,0.08055971874134783,-2.7351965501366204,6.649913655559045,4.708420780637039,-5.522929105164279,-10.09776714195843,2.642417747761389
4,-5.4573022476770054,-22.673392473481332,6.233113772893263,-3.221852821552613,-1.556537698197966,-4.086376510373279,25.086813315045266,-4.541335887660933,-2.843197760292814,-30.797542063863563,25.60925576353685,-2.882759632296519,4.024791787012119,-17.159566902202833,5.205863476946456,11.91494655173693,-8.602660803107096,-1.5669813340264294,-32.78468381183582,0.5679216316131954,4.087155438826557,-14.565030662600465,2.043289752118592,-2.209854263902089,-3.592706041672887,8.40982998334037,17.659295554091017,-1.15566003726958,6.4814513668917195,3.2330029421533317
8,7.801093094196789,28.968552868473125,14.093089382592371,14.492089148609068,-4.969152911199023,-5.383116187767368,2.480450864456062,-3.9741059483990533,-0.7438378259110117,-10.584088445125417,-15.158734653943444,-13.044900898678378,2.134214859306093,-12.268658720156228,-13.661309808089932,-6.706634033422951,-28.292859075686433,18.25269080928452,10.032679847588653,39.27636530618734,24.875102349884678,-4.156440845292515,13.502321120397873,2.486007132237562,18.507256017260858,-6.710126987159131,-13.990640856180097,-4.468329509871032,12.824643650116448,25.84776089038295
10,-35.103241139726705,-1.6011549811839083,-0.08017861606421173,-4.782036259939078,-5.3046269955467,-19.76281752293636,8.66213641738227,23.58202788274782,-0.1657888687329332,2.9398576292119127,-5.8445913897147275,-5.5779259097417935,-8.008943055571264,-23.411224757155217,-8.985422614505676,8.656008113470081,20.089389554622915,1.9369860755124195,-2.5041125173647067,-2.124490303922357,-16.19530034804604,6.398184007442664,-15.993520942085409,10.984293841959397,-6.615558743272694,3.318046106777168,-2.9255922383486737,5.681586513697763,7.153334973643334,5.0309457825979464
9,-2.4356389814942,0.0876235363632126,-26.039144552046412,-0.13895816513906945,12.054309784178887,-16.525937088610007,21.237012453977844,-3.4889575541174995,1.8551506247529632,-4.923426512200314,-0.5750900339255796,27.190113112958237,11.772706846547015,8.43745026531304,4.221441885952046,-6.444282732044931,8.95044325484372,-22.732086547522933,17.383626516831477,-1.8237051851130777,9.092874158504396,8.32238725231736,19.08762885681719,-51.95651169599858,-19.50847479747375,4.089212701621752,-47.58503975696385,7.971225550674056,-8.54689916747084,32.00357417820986
9,19.992485707804768,7.813035327687359,18.785968141813438,1.596861683000109,24.715616462360405,-4.860524394798469,18.885887255931543,-18.477468148313935,-3.731397905775359,-16.87721063697193,6.771424141182996,10.189085005868492,22.02399407086543,-28.7633739546831,1.2432323955240896,8.759938504578116,2.9878699054134175,-2.84074385113939,3.6745189303655703,1.7547165813503822,21.519802038758282,7.375436546550243,-0.17973936075800628,11.172118378665669,-23.80422210934329,3.2832318600955555,-23.373945033257577,6.175328834243087,2.8610840436429017,3.909682724228338
5,-0.011667495851701126,2.220436245012776,8.279146720957543,3.557673402305592,-5.0147657685001334,-17.383160897661472,-10.6618907235816,-1.42381176885474,-4.153339951432448,-3.1194945529282467,19.581625318726232,-29.43461339848467,-2.63156566027049,-3.718704477388634,1.6426578287874651,-3.2843733430298068,0.4120138922745513,17.631538666258134,-10.99048917711879,-1.5363347572055024,2.7805084131278157,-14.744015622607705,-2.5729615721970513,-4.208999664158663,8.91549989218308,12.560004453080419,-2.7712019168854005,5.074790965732172,-2.6528674332569477,36.2098174565962
7,5.252071092801849,6.132966308532095,8.206974985444829,0.9250396892058903,23.166172871274284,-15.477413038527066,-9.10011323814936,-3.202608975095524,-1.030533093156018,-12.908486539697972,-0.3425864805310397,-10.536018319924429,-1.9288881475306057,-33.54194503618038,-2.754920939806842,-0.8626360759078275,-4.761482689942238,-9.940682428059556,2.8356243789371316,-17.00627248301746,-5.392425723608449,-5.185981034988609,12.092573104504316,-3.0703734089781967,-9.032686586830964,-12.573496821901681,8.512780110345869,8.400694554146398,-2.0452036465426717,6.935255378309018
8,7.568364399433635,11.11096247291603,-33.63287312078132,10.194074353431423,29.68849697307294,-22.519543594214518,22.1201705143174,7.27223716012339,15.194951099815874,-22.260067324923536,-29.998861534933233,-1.3382021335007002,8.038828075023888,-4.681357091631794,11.383095801441709,-5.806167177425764,-2.945541777284032,-8.806475199813121,-10.67803919497405,-25.352357658175766,10.836429975566922,-0.9941079042858325,10.26131266724975,-14.342487523995533,-16.003936931206095,14.315481606199935,2.8067250465710014,28.97277252704475,-10.84463633025172,12.871737800840693
8,10.409098471420972,28.005088755162244,19.81689738986492,11.085788343435196,13.235288966700804,-11.814209380485439,30.790907193195444,10.119747148274115,-7.401250578659802,-21.924095534408806,-28.517432600389007,-16.80463992109599,-7.0475245294511115,-8.550164860827792,41.23920626574041,-13.092821132153752,-0.07225333883124785,-30.665648066639395,-16.45299268007016,-26.214732842049806,-3.2450229614491457,-1.4924669384436187,-2.641288819349711,-4.5189204736850055,-12.3711881048124,4.544312574071043,4.703400272548212,-0.048199013171443816,12.67556115462924,7.7641039152585245
3,-5.681040582217337,0.0930524566879148,11.549835729462728,-0.11399069930775138,9.887260663376342,-42.1861942751574,-4.689002505761572,3.6397308604361878,9.989403593245697,-2.8248292209038164,5.2446751053461895,11.61581259369996,-4.328449426355966,2.330615491926915,6.721588852122751,1.7381903760073454,5.73160172604512,-15.185674747729601,1.7886704817675392,5.811256296788126,1.9291997044212765,5.187109540006897,-4.626054855735394,17.69834836283029,-4.966441168329065,5.6341419843918565,19.158111222970128,0.44754609169290127,-6.064962236468504,16.8248589409286
8,10.512585238296063,-7.428848935757414,6.278254515325534,20.055294537588043,22.85900313953192,-8.546857405430533,-10.601464262294156,-2.6303491443534313,6.54302915162484,-22.179295245679448,-16.449400693285956,-10.346735052408498,0.7515270434433399,20.132703491857846,2.854138743195251,17.42775438589131,20.03753475363548,-8.088450593168277,12.694306770771309,19.993000977631798,-9.459336170782102,6.509739806573762,17.07334955423302,-21.834036712707498,10.439482489389196,9.84186829272564,7.365428243996418,25.481959832198154,30.030530994279808,21.891609834278984
1,13.556932768431338,-19.369713164685944,8.43686019867369,-51.47670419323612,-17.426927680993636,17.069648773142866,0.039379927791415525,-13.792918134556551,-22.780421771354852,-6.971572228349579,-4.556966575092275,-44.12496974739427,16.247460814115204,-5.6927793606007775,-4.782540748946062,17.3016953114689,-0.6773110770470616,-17.82377734177082,-6.720224079079683,34.06421480147947,20.193350428635778,6.374975938491511,-17.597362723323563,-5.401093140026854,-6.695404376010002,6.111783061612608,-14.54172220196872,24.62493406619243,-1.8868148868074242,5.614268128351705
6,-4.170962370954229,10.692730656277762,-7.333655325231304,-1.600928950487147,-14.377018212286474,-21.7991370323984,5.863656256807533,-8.305311771867212,7.080889704069489,19.38389920618031,1.9327310606322226,-7.049994200067077,2.41375743285501,0.3978166491234272,-40.404431542518346,-8.364577366619132,-34.86094822339265,-9.432691681802922,12.85176578102439,-29.22975422158805,-14.132415845995949,15.631395505950376,2.8706123179249805,8.245867681864057,16.610567265617693,-10.53542229633221,-24.19672190980156,-21.36593363255912,-2.249322088187477,-13.404626043864859
4,-2.397743207322261,-3.830957583283425,19.731083246400978,-20.726542751481276,-9.417541201948834,-11.483374637866866,-3.498063450937754,-4.241238885297437,-7.745525329302058,-38.94023437007306,-8.28284549842242,2.6393391195822233,-8.365191905977232,-19.98352959651238,4.966580555443758,-13.85264361656713,-16.553638843712925,-0.11979980113902028,8.17503967056047,8.246413867361905,8.29781106519738,-21.63086630448996,3.562459244515424,-3.469019125095174,11.092490796456175,-8.01991226381775,-6.544614496171301,-4.995347869837067,2.238777008503968,21.908640094627074
9,-14.135407261863044,-0.5234956658779282,10.007829953359238,-3.40167124126649,-12.34891711605081,-9.632411865994065,-23.292700246936178,-4.454476662354924,-15.010661054107384,-4.201042714210573,-11.427191329252548,-26.34466259847713,16.01904459779201,4.272245355535489,-10.22562316898763,23.086801841049724,4.787965280203841,13.416500622401294,4.2717673137355545,15.822380171257288,13.499712564738008,-6.011183605465106,-5.184043839106343,11.263183736918062,-3.216698299193311,3.0806546502356786,-28.602189404199766,1.2343122208870483,-4.047111717824789,38.53917928984385
3,7.257591420637397,-7.019522179811554,-0.17939556189760142,-4.638076481538854,-26.091495587036096,-26.18220862280389,5.619877942191344,-5.426315770439121,6.894197484779074,0.8202271738476026,0.011279232543742523,3.1180035093266585,5.412302954028143,-10.504902365062224,-3.5079261826721377,20.70622998156911,-3.284461783080746,-1.4950672728713508,-7.686262110968875,-2.2573328334637903,0.48395304545138884,1.9049513361782706,11.078914783935767,5.00574386067531,2.8728474292579156,-2.591850943517642,5.609723107622692,-8.250817174909464,0.9709536089815918,2.458952039748053
8,7.370118734088868,-11.3400516313971,4.172126603501621,4.981170065773218,13.196904283108383,-26.4001548150692,28.005146724716187,-2.6567804253859615,-13.618895535153975,-7.805782894110465,-36.1708458850778,-7.337566279125037,0.2185638932450712,50.17352804894503,-0.7476042132461735,15.27502765905282,0.9825736692930911,9.110796410444047,3.6101569119919845,-13.758855406275089,-34.09741427779698,-13.458293241218437,25.543906688740183,-32.48347363590968,3.6313517060655993,-17.05433635776974,-26.116905377019684,17.02167249592908,26.0310496086093,-4.332280644608412
5,-4.211920912971821,11.408435100334025,-5.962876465140365,-7.3289751834185894,-2.7023195662888075,-1.633085307927276,-19.622810266940977,5.4957690687615965,13.07545594205314,-23.99323969756999,-6.065743374477615,-36.3272743404954,-4.547388249240742,-1.3247959729421708,7.780172459472597,2.9757056167196687,12.558128824081958,18.283732093744863,3.0869618302174695,-3.9552159265134956,11.693738152933678,-4.479111141175681,-2.3265137746867532,13.271508260398285,11.554988453566864,-1.7410232832751027,-3.081377739589769,2.6648910990691,6.480910512135636,36.20955277715889
9,4.733391940175447,-0.8031043401283162,-3.794994847903256,-2.407316441235235,2.340757911063799,-26.024046532214882,-7.58289165845809,-34.0466537576859,0.2360768429603901,-3.142780231054065,-8.835819146530369,-1.6077259825124708,-23.696314115975593,0.09054920690215162,-23.87102488387285,20.13041295551803,2.663273859814776,-14.664641216174507,10.481191103841729,-9.788594293942385,-14.943841468585289,-1.2079957206156788,3.188616943127103,-10.04466753089799,18.776087448418764,-1.84635475313501,-29.036536567215585,7.562938564921218,-7.5450263783070275,30.818882877100556
2,27.19169956479827,3.3854695320417174,27.013807682902268,0.4350590347021943,-14.040198419557473,11.49494971776259,19.465038245342594,6.239472968091865,12.196148686430522,7.1687426729671415,-0.2716258982193205,-5.164963943404795,-0.10393431523903018,17.847195128947575,8.321704469785171,4.531258808758236,4.610845351244538,-11.569902538275803,-1.3824382032215317,-21.562356972141906,-4.89300019358316,-11.86718847284796,-0.7018334718027099,4.091485906450826,6.975866602298099,6.906654072280279,8.083679823607628,-12.381586522921149,13.782104639697998,-22.029255214654732
4,-14.87298964692887,8.880552759168884,-23.47750227839001,7.550213353087575,-1.4845475295088584,-10.991293468093975,-34.8611509715542,9.734536502536649,-21.4095862483734,-45.68083327596773,13.043070126976525,8.053926263483616,-6.1904640886251565,20.97068366975996,-32.327257604704585,1.3900322905691023,-31.393982131723305,-3.296942574241854,34.4281303485175,-9.895687820883875,-2.3934123006581896,3.396581864270038,-9.441772468356787,8.019306596834653,4.1607839348804365,5.8113739307683305,-8.139323303489595,-6.741445746148155,1.8760575377057336,-5.263317327481904
2,-13.244820648444264,0.08506510775422726,-8.213157914127319,-5.340523314872546,8.847583776453316,-6.357658514549138,-8.037310461388264,3.0633600310729765,16.225739375846103,22.715606578330696,-5.3901517196592375,9.384591025642465,-10.949379167188763,11.224808246425061,28.41806010737168,2.195189441589044,5.546791197043946,-0.1208221230301123,3.484880038058447,7.487310451174796,-12.033116425352851,-1.2803242507368195,5.734556692403166,-9.523331545718111,6.357006257353418,-0.6740687235154592,-12.033768438334981,4.176310814976034,1.6734813044589456,15.331445226186856
5,15.160055346878268,-21.394351873494013,-3.2103563646026814,11.143806727858324,-1.6955846559421297,-9.416115382682076,-13.936201600220368,15.176675576996551,11.301039862690782,-12.761066418546356,12.064999123194802,-45.28037314079937,3.902666453191746,-1.663860226711484,9.337033513272925,20.963952162308082,-11.080714501111604,17.162566530157754,30.266701399519185,1.0889593956106385,-4.544317905556842,21.449143335009794,13.389296070812101,-0.395527681236564,17.952046459229294,-13.159492840261331,0.40737293438602573,-0.46041291285417585,0.25051436145081085,9.070779807755558
5,-12.500900304259213,-0.4552324376555084,-5.314345249686925,2.920225518541753,8.517389623988555,-4.915552618116095,-7.69817729507076,-0.8091946334411868,-0.3542850796275474,-9.18867616404452,10.99765970452938,-31.368525825742715,3.030075317519508,5.081686698476979,4.2789265865433865,19.80613978523787,-3.7459939080123545,15.261716114650776,-6.592271408794233,-6.843416714220865,-2.3251102960690186,-1.3583402988465003,10.031909561752707,2.6955856824318127,7.130087219281069,-16.997337039971708,11.136782260389294,0.08119717590502007,20.782217884570414,12.191811032505687
3,-5.3345899230759475,-20.683223772782167,-14.977473936500118,2.708506748281384,-19.293577904529496,-57.570780000382584,-8.185483198444285,-11.879132889567519,2.638294316210363,3.777295691382778,-0.8575453369897035,-4.368383861079645,10.727760267353602,5.888198275930672,0.0990702528829302,6.733140376529232,9.753156673301747,-12.590647318502953,6.848517932279321,1.893160689983998,-3.2518050586999645,1.892346017185433,-2.3669145552901756,-7.5581411559529,-1.7804906888528858,-3.4291971480273937,-2.045854496712786,0.7824255968052103,-10.054393562651532,11.408144152045944
8,3.4416183418902193,-0.2855241229590601,5.673918391046533,0.5748661360361331,-1.3440528863605299,19.67521890785084,21.73581064630514,8.639972148433413,-12.8562178355244,-11.990423436382379,-21.748683450960584,-3.0684045484542786,-1.8534790887886816,10.361523935746735,-17.831036597278946,-9.731648684496873,-28.53458990141886,35.50649093520247,10.10081018572635,21.986609865061606,-10.120756910704955,-22.02563161021228,2.4799517699644187,-3.648433962879893,6.909864173787308,-8.818988215196669,13.515070563625702,-1.7874329578326824,21.96678829975485,29.28491354560475
5,31.72803368474395,4.070762998162061,-15.527750003268874,13.59912705380646,-2.7923706878136954,-8.94637231708078,0.5416296829650482,-15.068018860000759,-0.9565187112307982,-4.0247379276783,14.517929401326239,-45.90346897168306,-13.308816048301633,-2.58639528286416,-0.9583715339782102,-4.355201899101247,-10.620538592428412,-26.40567140294435,-3.168211162069243,14.562010103248122,1.7781959805459966,16.938142679442596,-1.256600978487365,-3.944542654662972,13.095488346813951,-0.649800877436745,-7.32535270066607,0.4750987160141904,7.023230400101648,9.715233575118978
1,-10.076818058031286,1.847554144642281,-24.138255134092212,-17.140727639456745,-13.336916804669357,-5.144937091404476,-4.583932683925669,6.753544548229153,-14.275317628803501,14.90755242506307,-16.809238771261004,-15.756865062331364,0.8083508408229578,-2.8534557984953683,-10.907096912739782,8.377142954060059,-15.562088466882116,-5.340569797314688,-2.8792525050924223,19.93767843352584,-31.97526265790117,-16.956852895802264,16.12963358853913,2.796486388494716,0.5518208740892074,-44.22359568614932,32.603865666265634,-17.828541235057585,-4.386800740241927,13.084959914120114
6,1.8501383742922277,-11.885073998421175,4.130693220673153,-0.3162353507294152,-7.757517689818851,-19.70866216260903,-6.674128366702907,-23.053876657292722,3.862493148510267,10.544767873698119,-1.7678929908810237,-3.4966640927544144,-8.275114483567702,0.6187882685423535,-3.09613860573496,1.2685204840163902,6.048987208727309,-3.7993630311563797,4.68573643846484,-27.646439750434958,-2.940238296865366,13.772176133323056,27.75654611410683,-10.149904977283231,-10.83106957968499,-8.753167935872295,1.9996790256141215,4.0540037842892005,5.000806440143247,11.296183396249988
9,-6.503948864320273,5.821836352296511,10.743119302477053,4.6947211622032,10.999966674241733,-8.732830460580518,-1.7655948048395456,28.522726652537383,6.711379134972512,-3.30079138900454,0.5912402392072917,-11.117122532000257,52.62779775027152,6.3357458305331225,-5.360237636213903,0.711428486856199,2.3998006561375105,17.57978647438943,5.930065817624607,-0.9515077987587786,-19.50128409752491,-13.589634873756493,57.158296180444694,-9.09267329263252,-1.5042280174739622,1.507622742767888,-28.11490713379452,11.617356182082032,-5.4931691717365245,-2.784470860124765
8,25.554660932240353,6.238066704309412,-32.515887920459384,-8.853732371281357,55.59164691358461,-14.15195364452537,-8.586160175324363,-5.437406697752633,16.93897884672523,-7.2850848527412895,-31.4781167314139,-7.7732393092307985,-5.646368696591486,5.683740420186171,14.376661111331929,26.73655922865584,22.048984983431858,23.30429495048736,12.216778377115137,-9.719306375592843,0.8099730021547957,28.864986611458345,-5.62115157759104,-20.36531721141272,8.523537973877566,-5.280702820713234,-8.043591361025847,18.30875698342072,21.57216909846045,13.334054052812752
3,-2.003309743564002,7.085893148976136,5.441370369588447,-4.856545552991784,19.229988024252446,-47.05940340392054,-8.320493833673048,15.369868700811272,-1.466523169201709,4.587264510877903,2.05581653929798,11.870333107742656,19.906387425338966,10.673171114644562,4.333316098602859,-3.946246954383086,2.3362513952072472,4.602036790494807,-3.9505879247448172,11.153635033250676,-1.998245586213663,5.7932589398647965,-2.314635856658791,22.484570050482564,-0.4378881796474157,5.972056291365645,13.391684075526632,-15.731564898369308,-6.542789793120551,-2.688228717497649
1,18.173947555410304,9.949930529702238,1.8446619518304699,-21.594339929630017,-22.01055739068425,-17.18251375879365,4.448066319885111,13.715118988182088,-12.465965665847532,-7.448170084550862,-2.646123825920196,-8.59036005702379,-25.788255084671775,1.5092433956000795,-27.90849530567735,-10.400005600073412,1.2734634678697354,-7.844559152975213,-8.234642388194796,3.7592622322263365,6.123367051066345,-2.1985956458602174,-28.59345983132289,1.1552761272822067,-1.1512826104924052,-14.483651831110315,19.185140418366533,-3.6078782056006875,-2.5610108110555494,10.291631453941266
3,-1.9497243833153435,-2.1422318103971327,5.890134099545421,-2.1836529719341926,1.1947330865553465,-43.18646225058048,-20.890828782161925,-17.61481472964339,14.237072926769796,2.374903655375193,-2.415256521937857,3.498646643412724,-3.9752670475968377,-7.595333395943132,-0.06452951485376668,-20.254636917807026,6.511150840985503,0.471768161808922,1.0944267818999571,-5.248643950505183,5.535728755811829,-18.72396435749265,-0.6210650674196754,3.583421811182399,-11.813694532678907,-1.5939419436399567,-4.961945706174329,-6.204710747326409,8.325758961339602,0.6006859282538517
3,11.02858118027105,0.5968449038155981,2.661768450312007,-0.7587728975765383,19.274491427451203,-37.67066463179905,-7.475811040593805,1.9563457114991731,-2.7589397392997554,0.9978218901386848,2.670958615484815,5.490174217238666,2.0936974994082598,-2.05939359786755,6.473339837678981,-3.7694654330483717,-8.379466905685696,7.224260797061263,1.0204674792296506,6.047948062603347,2.036293282454417,-16.036703588081824,-9.090525048152509,12.017341905667282,-1.5482795698905925,11.609862941679534,-20.81353152599496,-1.487319955524226,3.5893030221398097,2.4725875929965295
1,-24.19302101492832,-10.98587141772034,5.850898097379709,-26.737190319155996,7.642461257051571,-9.255511347262019,-43.38723743355942,-16.840412900228138,-0.854518012786655,5.528841138952551,23.359059358063057,-6.05848929035994,4.518229857841758,-7.8796383228916085,-14.351913351158288,-7.969296776816355,-11.1624178613812,1.5354330634486568,-5.335925308467019,-2.6054106106076578,-12.56907686326663,17.83685082584955,15.645266954870676,-3.5767494532943434,-14.303231141625945,39.3213644766524,-8.96464623278911,-13.621488847549521,-1.8524983465974125,-10.151786289647216
1,-25.921166506713437,0.07204108263674658,-3.365628009699876,-9.129099797238371,-24.219813022880945,5.865088437815153,-16.655985940435976,2.1448626853225736,28.164244259344258,-2.7169487600176665,11.184565225964732,-23.401810921295386,9.458822705695058,-8.053145752383276,0.44967565776125795,-3.1629502160004823,26.54130976739424,5.418398469093555,-5.086382432776299,3.543640365194297,-6.853522365378682,13.910219609151374,2.3592851937710817,-10.593159656598834,-0.8436018334045747,-40.7994852320318,-17.011972619747578,8.293121652977987,-3.1646039944145268,-8.353697521650473
6,-0.39476295356400026,9.982559792440677,-0.9399131461456507,5.9485968332057295,4.049640479033408,-0.6652393986099572,-2.687694865191411,-0.3636843517818207,-15.774132183291448,-6.501817163467194,0.561942412905684,-8.832089593197376,-1.970019852428089,-1.4922512402633794,-11.669519491354999,-0.474996520803872,28.078397657319883,11.843945872356631,-13.85920663100386,-32.66720038887461,-4.40614073979693,15.841097862599424,-3.234433229123532,3.5552856215554387,-6.450062279621902,-4.65387126813834,-0.7486294272604784,-8.9486452838553,-5.872164181924439,-6.91530970582075
9,-3.5074463487619485,1.8627972586242758,-14.932807907051231,-1.7571037279654294,16.19982681312445,-36.714819997931315,-31.920037102247864,17.894732820598133,18.967118826229214,-15.325947880335907,-0.36676769788400687,7.296692033742376,-1.175978039956963,16.626121066501476,24.43805663388797,-10.405782561293629,2.8300014848129003,-42.942667625127804,7.339036621028329,15.360182469680689,2.4017528843379132,4.528031549540212,35.1375747928587,-15.365306285198994,-2.189109497584314,-2.123079482259987,-37.41484730874625,-1.216471432694323,0.6806702445047024,4.677282939203204
6,2.298793939637905,11.483815450841698,-2.9687662192000612,0.4408665295408247,3.598948635820563,6.055235589516904,8.369401942037985,19.714925018658043,19.378443192218185,12.626355126400282,5.061709527807977,-29.323655005332185,3.5708157830751412,-0.460826938406806,-3.3020077630131386,-5.596666958500496,1.3690385271024597,7.420558117674764,-10.100268869533327,-38.09013200448203,6.283180708242536,-7.8416575200712275,-4.91048312505896,-18.171831144139592,-7.522886645111527,2.3548667712829303,6.974841456135151,-17.64690910678368,-8.290781188894465,-11.558484569680097
1,2.762825783056318,-3.942490127416387,-24.80005882944385,3.640289710949907,5.2020569038163975,13.984219574032341,-2.798645466102282,-1.6352849717800333,-38.105948534640056,-5.278134656237447,-2.164960335981379,-9.750106415750464,-12.316990292608693,-2.495760385730864,18.34072815508317,6.237105333232119,-9.046765821567593,0.28910323993492026,-8.94919923138116,-26.045747810423485,-5.9151107241191445,-19.50268967109828,16.537807645511467,-1.4254724559940233,-6.382077953244846,-20.02424567522897,13.725392909854893,-4.4515815517998725,-5.060075468576341,-16.68280444525569
5,11.912932880944886,-7.139544574949245,-13.290267740636951,4.160942427373535,-5.579677871915292,-21.956026210441575,-9.471968979927375,2.5574426501838223,0.6434349123189467,-9.402461300295949,14.220349141939774,-37.93638049719886,-1.655681677834946,-1.205623719535871,7.882050027735149,0.9122497300253904,10.818064734966011,9.930887812065224,-9.831535071245366,7.32893297807823,7.017325951066626,5.436521357023248,-2.4305491169883826,11.269652695062547,-18.20771104010043,-1.3083448702632712,1.3463778596767564,8.85257113789977,9.550456415274283,7.522973850314224
1,-19.79533146256827,8.480892313485459,13.486840075359016,21.920033920438534,-21.121286952106576,-32.43770791658911,-36.633032414522845,-9.488122622466882,-21.08101394023511,-1.4573255569438666,-23.739515976022673,1.983923697291873,10.445721380380954,0.9091312909392855,-39.11072698195618,-22.0365090241111,-6.177162328715737,15.502782192933253,-1.7361993849952633,-6.952582375080231,14.330573537782328,-11.439096628947956,-7.37045822161506,1.8108185174825602,5.327871740335823,-14.644042121806596,-5.44796426959491,-12.053737884645766,-8.245127817926573,-18.0450200209083
2,8.923080536608694,-4.553445795132367,-13.15786994146695,2.375347356247991,21.897341304641667,6.553692460841067,8.49364400385588,2.614850511263347,-4.055829227629911,-22.625355366861633,25.852832987227636,18.1565445607178,-9.822730659690206,-17.857616639201257,-15.376349500440329,-0.9225780164231008,-6.072405645476587,38.22826320543055,18.265222851201898,2.779296455445842,2.098745419347957,2.3468072013820347,-0.9595979814941584,11.478095272177246,8.333850653457679,4.647462463740172,-5.767226099393128,10.086968889792669,7.226466162295692,-8.688559321629928
2,-8.400239039398214,0.667892802312487,-3.427676779816709,7.0468043252019505,-2.353453066866888,-3.5256851108054468,-1.5184287474276075,9.069140854074458,14.936878347780048,10.465813784367779,19.41071844730559,13.524131582031849,7.571707298028603,11.28027208901966,5.793048990241076,-2.8003789482127623,-0.05376064346016385,-8.589063527353511,5.356715378726892,0.4153668159166535,0.9401434718322403,2.0789437223520686,4.0248652239123945,21.85818755696143,14.713790944775159,-3.887205219000773,-6.893185277386112,36.94540662335692,-4.966596423885163,-7.679691568308202
8,28.477061513413037,13.809654852404188,-24.809873388358113,22.134054001563587,9.654096407466822,-10.850625742889482,-0.8875365174243719,0.549732631646257,-9.391843012123747,7.18193992527814,-45.63701228650313,-10.153981326723809,8.117833063428884,32.24827951746933,0.4400531330456663,33.9274680859176,20.890018382440125,17.48899119528307,-10.313184404458202,-9.087763648345497,9.977404943582188,-10.64259910916364,4.013933158767324,-22.489390735387428,3.6987908506827867,-11.478805267522151,-25.124356356214257,7.603959133385145,0.7333992285938791,24.31394419724767
10,-34.35107193535271,22.469804319848965,-0.5486727113675278,-9.396400712350042,25.830993188718228,-27.925261072366318,-8.780709534145204,-15.160202569599656,30.098490851814837,7.504290695313868,-5.820201714595836,-4.805103848783552,0.31044534067155727,-19.169062428146866,2.817241299592861,18.231719042046567,9.606735570576495,-9.996422792371025,13.660396021552186,-5.511678720794812,-11.462336271583787,0.8073772741511746,-11.869966770812248,9.467240644329053,-0.009020595125528441,3.6033409039853908,-0.7881087366841864,9.388030716420516,-13.265549600407365,9.915683604624133
4,-12.728687440910692,-17.504704923695027,8.461238707237388,-14.477261562719011,-11.829045383684457,-10.710462753241575,-8.258130878733498,-12.179206453696596,-8.593629774470049,-37.31864277401731,0.3903799402194963,-11.520186584362936,-0.744148897361932,-16.861121987919073,-10.703032496424358,3.5668484859117844,34.81239486056848,2.9771823751020166,35.07029724159138,-0.9755658405558725,18.737318402263554,-11.681613706043606,7.119989675183669,-8.902856169039858,5.769365901884263,4.106059677147631,-27.42033300329377,0.348718805107439,-33.51471055142286,11.24338112286313
9,7.446567847572924,-2.1091551935387383,-14.159404087743818,-9.689416213839158,-22.882127247579593,-13.960913774633173,-10.31037909328899,10.586397431252214,-10.731310932129325,-4.505518036632688,-5.2232962973421895,26.667694880592357,20.493761187779718,21.556864028958774,2.0961250773472733,5.1362539152063835,3.928600687776891,-7.83332651468625,8.443841558109582,-16.67332828051669,8.180482356966182,-31.639334365697643,-1.960215786531296,-19.518497189380223,10.653873903935466,4.0584602578250015,-44.79513827967284,-23.404662101890494,-0.5316163418814716,34.0139733394248
6,0.22042738077716706,-1.4099713084446783,6.1380618752782885,5.669900824990206,-3.2195975126044307,-12.51078177027703,-20.480977820990464,-5.99142962793737,-2.0390336383950727,2.726977519408024,2.128968727650936,8.864885127657685,1.0547119631546602,2.8355688727778343,-22.73968983506588,-3.4126504083504625,-8.14451488044488,7.821948088082413,15.257161326752493,-40.055168375021644,-1.0697911719759583,19.622709764552447,-13.579787202216261,-9.892873658366005,24.011490299160624,6.45354365101011,9.03418866589719,10.080091395116956,3.3178624285330716,7.465583321359507
9,28.37267495266136,-2.337353724555974,-2.3006807200150314,-0.9192711437290788,-31.678080831637157,-3.6711795361931383,-26.966214908497605,4.740529707219338,2.1240850460666203,-16.113841902567604,-3.849417731887251,8.769863841830649,17.746198615842378,-5.625079674263371,13.472307438806926,-24.45335515245734,2.835784505538236,19.614545327504743,7.008634351333439,-23.705635159154852,-39.16279632751703,10.636235439686828,18.618991945089707,4.177819448599523,-16.25603639084549,3.9953622629413736,-44.02219300996088,5.74492390191978,0.5470762656096321,10.851970377754288
6,6.471853444793705,-0.35991315878067914,-9.333856496611027,0.5433567860104475,-5.24786897831758,-10.825201335658193,15.63935038108156,-2.4142281657856515,-23.565336041202908,4.932054220422458,-1.2565675611946747,-4.824013045792467,5.572054093457145,28.719494216797585,0.601970074338603,-0.09069699713070378,-1.1409735858714078,-5.061911812234843,-0.007337371127534187,-33.70792676635951,-1.9814303126952972,9.986590235006064,-14.728398331179333,-10.95023774936743,-29.204119448258936,-3.8194716781634295,-7.3632815901606365,-2.24187929940189,9.040591219778596,23.119694234112107
8,12.958894929666615,12.847476758842031,-13.948722783572617,7.14870316744487,3.597188387952504,-3.1407068542241277,4.144442183422549,6.207610456461317,7.768480757737635,-6.08734645966295,-21.87795290242908,-1.2430633936551683,-1.0066655136768625,-4.116353587486968,-8.14440633399568,11.625366223021803,18.04264496939078,23.758213644693996,17.827661811467355,11.888624468571791,16.10102129762227,-6.55819748181492,17.446193443361306,6.110430807919238,14.00421929964401,17.931045244832728,11.640408149013199,22.295773958951035,1.3958703717612486,18.723180578890993
1,-28.996485120578065,0.3766942952609422,-24.162030791915736,-13.601380908520575,29.538729456344047,-2.064669239688058,8.5818735848499,-10.342752148563154,-28.91765112338443,-12.531279874673787,-11.686461336886282,-27.79677665172188,14.547171438693567,6.976245763674409,-2.6186202151465876,3.3390779440666027,36.42832877711102,12.059236312493177,-8.070427432518763,27.355919210560472,-19.661305068843312,-15.744618533417013,-13.050068854671633,-12.034939194741838,-0.06400674267729745,16.643170246175174,-15.166895449349012,37.69240572124768,-7.474647428686342,-18.891040744634545
8,-5.280433961008319,-8.683902315451796,26.17194715128894,22.71127513333344,0.3599698966504601,3.973509063462096,21.42332431809892,15.535009554629934,4.3386451239760415,-10.45350714058715,-52.28328194666274,-1.3150795975766085,2.2207676627844672,-17.58963542523138,3.8411292612945505,-8.930967866188613,-16.917670332781796,13.485467534248375,-2.352326694140742,3.203457825987356,2.6986859982078144,-12.060826605015974,-32.60382735812718,5.188364121887748,-9.007333904041026,-2.329060046902275,-33.21271856087443,13.732384805118976,-19.462839249180362,1.7320104313763096
1,11.445346235821987,4.319364651125654,-12.836320017524262,-20.07349530821014,-28.323027575562786,-5.40763402479106,10.020287901248329,-3.7419344092690006,8.680673684879162,-0.5723448837411931,-4.143353501355539,-11.766734574315329,8.367361849073259,-10.671833031776792,-26.936456049683173,9.533928423718141,-5.332559944870272,9.692226915402934,-3.8856837868238534,14.789152829680203,-6.56706606522513,-19.88724248063681,-26.976606644191794,0.5951336211707994,1.63408436241967,-4.770865481421214,-24.712580922305385,-19.758105237518322,-3.300312490516585,16.03882680692083
10,-16.782063124909165,-5.5752818329959215,4.129314616993113,4.425205962996362,12.245515943486327,9.617281041996574,10.866099618091692,6.902404017680139,18.4918963208708,-24.159756099498047,-9.27477938116807,-7.9590462114231055,-13.693446392847777,-2.618762917016793,9.205459533016825,-16.845405988257873,-13.025412737314726,2.0037437712052237,-8.034795413385124,-4.252312270066641,1.885101873447355,-4.939707767298277,6.429844132253454,9.644967524274541,28.159357363229088,6.415465552156611,5.635801711805771,5.863954899884931,10.4447614309736,11.350183828287236
1,-23.49412747173503,-19.505038410347726,37.6921586177595,2.4362810052990227,-6.722297611788431,-27.178902767558853,24.98760292087789,-17.656114063734602,-5.760308736468466,7.468500844779443,21.332303413583503,-9.414824006504364,-39.48593025230486,-5.724005839900794,6.111298110155159,36.57083571405437,-59.12075296362709,-31.04852800836771,1.5420846870901421,29.471634758589758,-17.626289245982502,12.709406283758094,16.662243501057272,-4.426921318486638,-5.127457056974389,7.704363319960147,-1.4445697827850859,-5.964346385038638,-5.0248518288739845,-1.5025314595827863
10,-39.20103803563408,-22.202070002360536,1.7107852627756421,-7.604905974954459,-14.363824423616617,-33.9652045984062,2.5513310627132184,-2.5371980984130134,30.917052864740864,-3.418776467904725,16.74071426633808,2.9745967509303632,-0.46163659539764734,6.929135651299156,7.0264579988733935,-18.728550370908803,8.691838999927587,-0.33578469460994365,2.557223108075254,-4.861108676943682,20.5431093424243,10.045873499060255,-20.043359074667467,-6.194326123820108,4.271816859461592,0.33930543299266014,2.143714134026177,13.191208578744138,18.797320596659763,16.03464691131974
4,-2.4128981370380647,12.862481467723036,-41.61025400185746,-10.814316593722411,1.177927070653102,-12.940752537026109,1.471338177525619,12.205013610644091,-2.946759456413797,-30.11871233006483,-13.326289084816795,2.8368836427760655,-5.426658713852386,2.059127264779834,-8.080452871640684,-3.139701577978336,11.669844794529844,-6.236279654855574,10.261890325424012,1.540478885608951,-5.500282595587553,-13.803846291177953,6.872520504327729,1.3666913287480176,15.534543018784907,-4.147673287403856,-5.5562673222627375,2.168245584569695,18.760599334643274,18.4788924509514
8,-11.779356807870196,-30.70943650879362,9.498300936770445,-19.44992037250537,3.584180013578841,-6.727356875634488,23.327542658911053,7.4196786979376395,-29.02702081889482,-6.319448485192812,-42.47566428233621,-11.97764381353332,2.4881751920867297,6.169441553182726,25.927734455381337,-12.761688446383216,9.05109471704479,-13.730225484408678,3.027942670830231,1.7892977155074847,0.47537561361303543,-9.653316515804034,-38.490072162580965,0.9847961918919332,-3.8348960199716995,7.403747324758329,20.770260856487823,-15.54854682169341,-10.62299215089608,29.59550837467878
3,-4.837021960311635,-1.9099318488514294,9.9181468888971,-1.2697273697689013,3.3315844934046086,-47.64134278655835,9.73669443578167,-8.816483252938253,-6.063789162686088,-3.7052936576817332,-1.9917871417629505,13.444827923968775,0.836334069489344,-5.198975553112697,-21.942955678345218,3.503864844372333,-5.821760212256681,2.952207433081103,2.4668619937252836,1.1588891359188627,-15.429588623166534,7.305899879733853,-1.75582690447421,2.9040388025366575,-1.1311125717389838,12.057549926633023,-1.7687231534218055,1.573595466920333,-13.759573254307652,-7.8722540848972145
9,-15.6050792499319,2.4142013663926827,-10.940093848350346,0.8998720361697807,11.020539775168572,-10.636329193585038,19.041123828445908,38.248815827291864,-18.312000328469367,-14.644333636341196,-1.5013160037601354,1.4948563598715694,16.6658426739896,-4.53494179102956,16.91088625711258,-28.831027024981594,1.4103516613478881,-1.061550407201546,12.41893259884115,-3.814240413442776,38.21646011242895,8.97181638929367,-12.121371435880727,-19.917839869874683,-0.36328612961309736,1.6647219890491782,-38.229310518317305,0.1229798161696729,0.9502031720555317,8.345275629886702
4,-20.134415928556493,0.9218676117807321,8.107911281814458,-12.94619470707862,0.6657147243601736,-8.057029090787278,-5.027924913814062,4.011062297743223,9.023888801961542,-43.32913868422499,-6.7576306236270085,-11.613498120576029,1.0900561025764937,23.042628877081953,-9.04327740165047,0.5222846231482998,3.3352552131282693,5.302768598768987,10.445780489854764,4.807903221475692,-23.80954155426007,-3.673873222827299,-10.132192421480404,-14.837826173258481,1.5589953274025623,-3.52289174083765,-4.83695581215691,5.706811780063111,-37.37909914028759,18.38877623011866
10,-26.42553232027393,-3.586701323165176,2.221135149496157,1.0174250758372612,3.0219525106755536,-42.87160707875039,0.7152953824032481,12.882298600483397,-9.432430847978965,6.616524330684948,-4.660832747059459,6.024573712604749,-7.079556793068933,4.542383200284302,-12.965394940187036,22.478842478906436,-2.2088939686046474,-5.836488753558502,15.427172148194845,-4.887961800846204,-7.4567142387564775,9.802713745440759,-4.565266300425289,9.826957490992317,-8.121375919736145,7.002282971012621,-2.595647478389283,-12.05877614260297,23.52744087154955,23.802772308116396
2,8.56084587128507,-3.7498140979280636,-6.11706939010374,7.3792515236140455,-5.301338612140355,6.44842071773682,-2.2060929239072373,3.99246957303518,-12.367053339393669,8.402967861221484,35.70821769227791,-6.444325446061593,2.4751137717567318,9.484233766813656,25.589159003511853,1.9479043654225614,4.7027788749168185,13.390817763631258,12.113079590799526,21.437537012902645,5.2167486758897965,4.058066198207415,10.254502884584534,-10.72145544454818,-2.033753643037989,12.123714911082452,2.6194935088276505,16.58875374647743,6.15896454146302,7.448810271901866
8,8.850973563103098,10.985979474545102,-2.3433789351938477,5.783465000109073,-0.8889796220629025,-15.725136245130647,32.04880114129641,-2.8036965767700632,-1.6732572317285208,-10.730995737146351,-34.45093503511343,-6.088411113290942,9.256866334589656,15.629196483019498,16.10823971290069,14.956340127968218,32.986768799935746,2.369549241115097,3.937407029878343,29.969557181810337,-20.546197072774472,-4.748007960903971,-47.27917697118947,-18.63620702678896,11.02483495781221,-5.748798287388851,17.441120017947384,-5.639368298138859,0.9436769246542499,29.45700807900647
9,23.435340151499425,-6.377099903174811,-4.263136916819262,3.4708732904435777,6.948866775022992,-20.30300225247455,25.20631869000308,-8.153157638756953,-3.1681311675636143,2.1196207789774064,2.4741553627224078,-30.399644157282193,30.697605266325514,-4.181951965836785,-1.6813183652035617,-13.809537850626624,-0.6766607122261101,-5.064379417939279,-6.34288065963087,-10.50112865419648,-10.315383491362754,-2.2757580008361726,9.06992421769727,-19.236251755453896,24.626512165065204,4.73874811205602,-28.243870252855242,-3.9420012966835274,3.490731365868531,-11.625927864816324
2,17.221139308142902,1.8033510218543398,-12.315553523573326,7.0648333135896335,12.185178480644211,6.110964770321831,4.754325602732289,9.027651113348995,-4.503358514419951,23.056410078432435,13.058851059461826,8.870872128053255,-15.416855642827073,-1.1622185695750868,-9.223950370953835,-1.1308535982767043,7.02995843612732,4.728129097449246,31.569043194097652,-15.976571554679717,11.684489468214277,5.942040940753421,7.1443797853736095,16.16234435449216,21.76869712295471,6.289756954019447,-1.4622814230491576,7.736114018584644,-4.940138062427455,-4.712055254227083
9,-4.268935832395874,-1.6402443145335626,-22.177834540542857,4.741846478625674,-10.362874768588632,-37.56782739842694,6.625602542425262,-2.214871945650314,10.04717126196239,-3.0422594493314463,-8.835328798123355,-30.217747120887065,21.939622388016197,-5.478212668008345,-13.908234173851142,-6.670818828902692,-1.1390290658284625,-12.761797012362589,-14.4887794510972,-0.4960771654802105,-26.91768224411444,2.9731383527725352,-15.498518567687524,12.543096547107464,4.020443082574918,2.299793631409568,-26.853811909961177,4.967772711793715,6.411343856921181,12.729893440940092
4,6.2560079437045415,5.175426875116516,-0.814378133333404,-19.611441977767292,2.6918906850127584,-38.08095148257591,-29.771051818463537,-7.4679417831523045,0.7799278919735312,-29.587779510403067,-1.7672577609781455,-10.542177800830814,-8.885029108241577,9.294724384623802,16.924690794480245,-0.36400743665092195,11.528518704718941,-5.134779838231972,4.600935143860536,-3.0872416530641598,17.788453265026643,10.560944217119294,-1.2597625514724944,-0.12635306965130505,-20.57714651149975,-10.945347482629035,-17.517120706466585,-5.321683726090968,17.95637415676172,-1.306074641244857
7,9.195238426195974,4.107776478269991,-5.648539362548655,-10.006129702365854,12.068504080383786,-20.912846185100477,15.065612875913985,0.048592849180536746,1.4907805141232362,-18.79731286382895,-8.041018968027409,-1.0220402483098399,7.422623143734358,-25.526371684742436,22.12164499588577,-3.7940505955599493,-24.963373756533898,-11.856287221897258,-12.791676650510148,2.283738033088751,4.951313573716668,1.8392888871025814,11.471162282663496,-20.63087509937276,17.577860704518965,18.826634560695506,3.3557202718152674,-1.0122980083619963,12.318735749631507,4.561507618151976
4,10.367028618661106,-16.36290401330292,-6.683317924425788,-2.961997423086982,1.0638573519992418,20.97954316152545,15.941346510249323,-9.626881591049317,5.354605512697635,-45.01275934641453,-20.213256360145916,17.49546202436863,-15.26843604968886,8.027632378879238,-38.167364555767776,6.553937908586304,-14.427004997422607,10.258523184406013,3.2516896034090434,1.1258169956784883,6.842529812195504,20.875098377624553,15.189551179984562,-7.802874625411328,-20.645397199957493,-4.37586357111032,-0.5009329711217637,6.400490911930094,-17.466242945676747,20.246938809923186
7,-12.557956912163572,-7.453208900480859,8.697515424889806,-3.1593943121234656,5.394442531478136,-21.695822040474212,1.8308632583695514,-2.828537204218433,14.02206826088455,-9.08871287416135,-11.071713074199796,11.040496149878654,2.737921289090149,-23.589617415514553,5.362829053363818,-9.641656617002697,9.631922756337111,-8.854432785733472,9.402973952859924,-8.95437615335002,-1.8749058872451694,9.938202973636574,-13.163077257276974,-11.958908455575594,1.138722073503208,11.505945268493011,-2.4849449711246123,6.737449600621155,1.8184338697597044,8.496619156843426
8,5.498864308578208,-22.692043232078777,27.588818595201115,45.952933388539364,-12.487983479575087,-6.60229966886634,-26.279203496317717,8.084265246307423,-5.0719530339791365,-17.712552210293737,-45.91669285241993,-8.366336724097767,-1.2445738804085857,-23.74180689438433,-4.348700591655103,33.50965022734226,-5.498206790113595,-7.882945254396672,26.217502231540536,9.903582620088443,-9.125466131358369,19.398980468933708,3.607310366169629,16.02935611293884,9.526007105772697,7.289246026583268,27.045994027681104,-0.35706221598988197,11.877340611797976,30.94438043990324
4,12.744703076115442,19.01566319076463,-11.895246882841244,4.168504931528191,-1.8635006184860778,-6.000478927452184,-10.46964243162927,10.42467918364616,-3.4542814734089338,-22.140925459929996,-5.112763858875233,13.08840056137273,-0.827917644249934,-7.03649497599646,-2.7855646805116545,5.950064851611945,-5.73855180526662,-4.653197980927871,13.948271716493043,-8.040611407269294,-9.796461717784632,-7.719399150978807,-8.586226448409967,-0.4576554244490465,9.808557364228422,-2.776331324020989,19.258091334928206,0.8391939439594351,1.0619729254499795,-6.851244828604338
4,2.572523062314718,5.15873212657184,9.190477973087988,-10.321348901136956,8.482802453438495,-19.443664761865907,7.700495400353481,2.614379609475711,-3.9778506611616122,-42.15208630723477,-9.452191238841474,5.756432000800291,7.113437179610607,-19.866354628363666,-15.99734619006856,15.234411099034448,1.266540667283334,-9.338863271524243,9.39431120793128,3.018139918848441,-3.7689059786390846,-15.905454888402057,9.349807112424571,-7.786327241818909,-6.34701239262509,-9.087062078693474,-36.19700253561313,0.584785510235309,-17.329337555278173,9.334402747005527
2,-1.199467666032799,-1.3981644660489283,-2.0473573605075224,1.0672325552857864,20.942872961550723,10.950431371551883,12.161081969429189,1.8164149900307112,19.379539502076582,-9.926247820119622,23.939929674448585,15.17714689241102,-4.101738602028307,-6.054247181808354,23.733883130193842,2.119143673042341,5.388346932255308,3.0507119006958163,10.827393854116764,7.82172092633475,-4.727911331356109,6.7179451440954905,10.859200980458274,7.596275539167162,-5.282943386958511,-3.4442884602832713,-4.8866318601919545,5.8954545759915105,4.099762573864801,-6.110457949989792
4,-22.77213658461139,-5.6017134747483155,20.32104366342955,-8.157677131364633,-5.375783567487043,-65.46087332108915,4.586900229535051,5.277285471223205,14.723213632315257,-31.17887287350924,-10.889797128330626,-19.344661789363524,-25.029148489363536,24.111605497994276,6.726079210337071,-2.5180883363705386,4.08321673458236,3.1341288706210646,-16.43385338539286,1.3517011055469361,-12.631415411041385,5.098593673394807,-5.002327281294051,7.79323244138046,5.427823827607663,-16.450472493063817,-15.405908455940752,2.4508466838079426,26.894240807908407,-25.23796246023842
9,-5.010920263833276,-9.110395235117752,0.04165756357920336,4.331946319324089,7.367875246272793,-26.77043094764264,-7.594728198881075,12.228946252586358,5.470263831009046,-7.916589173732431,4.372361302926315,0.042768276557527685,12.185246303803536,-5.794991424899306,14.514662007444551,2.3473454414986934,4.138348734707302,-30.417942521380333,3.1465945053157585,8.277417970999078,24.61275313278851,7.068047317172766,-8.652313495908064,10.142207152270192,-27.280037387142706,4.933212703599061,-27.958858194428963,-8.456579978917246,6.979090075781622,9.579919904058476
8,-7.439672001599918,-34.47381726571612,11.36412654283199,-10.185905096195384,-10.967968897766507,0.36333847921889983,20.433334971969405,4.0076258867037815,15.672143458620852,-0.9220717502389943,-29.58611026646561,-12.322454277623223,-0.35060608353080247,-13.733478376634295,-0.29531960739102026,17.014153438400097,48.11184590223618,-20.544970748331792,12.788867049741656,-14.901262944957104,8.11689668969205,37.46580635879986,-16.712454776660955,16.695832693793395,10.579638376977684,8.693657639553184,6.084718602532134,-12.524179538124077,16.711416758086745,17.03144770882941
5,-0.5240786643527731,6.226203362102364,-3.3129712939080953,6.06886994901997,-0.19101589955829823,-2.7701537031264003,3.110477628699677,16.69513943276735,-5.373352443860193,-15.21757962572392,-8.126258160295063,-32.50060414352488,6.139408533500903,1.0299184050139156,1.4429907100236963,-4.25514166114926,-2.981601426035718,-1.725853761155228,-13.166367062253466,-6.123938873022562,1.3352072061053182,-8.50702617681845,2.710187851589613,-17.457087656863898,-4.469895243718826,-18.98792606824007,-0.5651185250215502,4.984909424074842,4.98292576430079,12.136071573224534
4,17.033543868457887,27.692649383617987,0.9344079521434144,-5.8453752414217455,9.744129603467742,-28.171328777186126,10.311730172054933,-6.570648875742072,-4.387425510004153,-29.359401305876084,3.8279719627031126,3.840057185264351,-6.461418366589982,15.795227636503254,5.957247506958391,8.530794747324695,7.606473144164175,-4.222966539111967,8.706658329310958,-4.8670736627136755,5.946385018679454,13.52249654205069,0.8917928313824975,-8.939449591886547,13.330721725665068,-3.1847380256766953,-1.5587171451979094,-10.606037636191019,2.560583842590945,23.59703966066425
2,17.6251716484597,0.38136343669779516,4.883816629354218,-8.513461188854347,16.315394881859007,6.5994254128504535,17.603160342097773,0.9874479713649409,10.249523508901007,27.75715447317132,6.997257846099542,2.871422833889773,-4.203418921168122,20.382622715559847,10.262406070973226,5.243792682292774,1.7572007441778075,-3.064856251609569,8.667576064283756,11.846029149218436,-7.014282064446504,7.466515825876421,-4.217067556664,0.6712959996592045,-15.072044054016938,-0.5763589272110625,-1.8806959499535736,-5.927083416271834,12.173006708269646,6.836880627229529
10,-32.14198652100876,6.172479989293785,14.650472661449227,-7.28920337538937,10.418003146116032,2.283914044953809,4.041349320616172,-16.72172524954702,28.710213958590522,-9.671888348283707,2.0350688377150443,-17.126859867790454,3.069748281729276,-22.0959226286373,0.5251002833240039,0.4471664647433986,8.615121118674216,12.804785449382795,22.964976463424954,-1.201906727895535,-8.22508178759682,-0.9014292889738797,5.625422416853396,-3.235080321814523,-16.7176887204091,4.052377365062329,-41.67116429650971,-0.11615677488040577,9.122204119268604,3.4578525946407304
10,-39.45619252067049,7.925607607101219,-3.284374901700976,24.267818936927497,-16.774228093229702,-7.610043257748249,-7.658404523817264,-8.041443561755187,1.9198570976418243,-1.4857815397103549,-4.6452633283742735,-13.406728774777829,-0.5379016783097008,9.69145318961436,2.5181670450749385,-1.6409015463116194,0.45285779092660494,3.8134974551578527,9.020173018782756,-19.389297868396653,-9.821795060783163,-6.208878959451752,6.4658125229907455,-17.55431491888883,18.260482721304843,-2.3599274003262063,-13.966985085998099,32.252061153251056,-8.363387483418785,37.97498227653314
7,21.87166904010629,1.2391099791369067,-8.982474562769696,1.9090052806578792,-22.339746188284895,-25.45753713069165,14.92293153169107,0.3916477590498635,5.666644795818042,-5.58103431212394,-3.7953700169121936,10.882458427355731,6.82336638462635,-11.373210622572937,7.5710396748953865,2.8507333061245754,29.69563385104994,4.117255702877161,-17.406008391492687,-10.454241046632871,-15.559887481279796,-13.3726727802229,-8.83257344330814,7.529732364629313,-6.2872308257316485,6.735418277590703,0.3574795820834884,26.33561553074074,-19.150484609958852,14.479779479684028
9,4.090349314529345,5.322384626920646,-4.5439303953584345,-3.1084507298984523,-3.0957349337810145,-16.17506821834485,7.664004223904421,15.357029210126287,1.5863949732456963,-11.971543813811877,3.8439796251784997,34.94531261338616,-3.103749468643678,22.667565868595855,5.673261400043129,8.474933519790369,5.778335395865034,23.42650822931483,1.2499374569226918,-2.3875625754180616,-5.2844049586892865,-8.017559791919108,29.51011292948817,0.9673458556579855,16.33244160760247,1.0409963843972712,-50.24538110868684,-4.188573242817528,-5.46519365250912,12.979436526259107
8,9.39905695362895,-10.871422339008557,-4.168197156757873,-20.813578313073766,3.0038126316538003,6.485605754945258,-15.920627331466656,7.269922630666121,1.4863831776371024,-3.684293373745155,-24.811224349225554,-8.679272757112875,0.14585373015948266,37.786745825833385,-16.7273789888962,-28.48986895464649,19.01611963034854,1.371740088556833,-15.24560281921603,10.035265102593264,5.721241318612238,-3.949229679843562,-7.714053687747779,-18.817825188648666,-5.068199184226794,-4.869091650101319,-0.52473410966222,-14.937185660847515,2.863121148127874,25.63513669779455
1,-10.469110558202456,15.982918987237227,21.448328400459417,-17.105195190052232,-10.831031886086938,-0.5089547383840484,-14.906223031772887,2.2380971631585034,-10.737862414969815,-5.2185250341299785,-38.29892021928566,7.483763267449885,-11.720782725683797,-3.9749057583668823,-22.619191618021954,6.632093577302678,12.255536274995563,-18.83041546518313,-1.687554890874713,17.336855942615763,5.72826207120119,-5.359273028772936,-16.922330912033694,-4.495325630758433,-10.50959671832971,-26.61939507679165,10.326163502796673,-17.27473988102477,-2.3927419386494204,-9.791114981121698
7,-13.151611228420336,7.721752531351665,-1.8937429937665242,14.265726658882013,-35.73707651761032,-4.611092411640021,9.209577633360452,3.3350193026922037,-7.321384750716939,-0.10092689064127391,-9.634473498639359,-8.908668722143643,3.24804215334578,-28.160428304727656,18.579797415496646,-5.505842261179463,-5.061047055282664,13.92971900499143,-24.653613409884045,10.755560025793258,2.5649082635503966,-5.238490693427552,-1.6713734455488911,-11.973020416716649,-0.8356825250417221,2.8471255937237947,-0.28440387682041113,-1.6002161214076742,6.174391115208676,6.9843745498608545
6,3.78400191821605,18.501814004109214,4.451708585271441,1.3045687071004894,11.158041030842995,-8.691136690942136,14.782126753047251,11.468798321647604,24.83800020045461,-16.73084119017536,3.9015123487756487,8.97627054614065,-1.8495842727714817,17.279719079736566,-4.60407707044806,-8.58831086731973,-2.2249065575851743,3.5040510672292653,13.137182741802032,-38.37994143883591,4.996489063468515,16.643091956652544,16.671554776230625,-12.98277335290576,13.297086787466874,0.9075741861635082,20.48113331072956,-2.5335109958734967,2.658898234756359,25.985810010352633
3,-3.4714809637427244,-5.736190614693523,-4.851600320761587,5.420907472978067,-4.646120548050434,-46.468901024798996,5.808933490002645,1.6096519198287158,3.775573564093629,-0.19603609025264607,-0.36456275318867376,6.287892989226259,6.054022928610621,4.256651033259578,6.3129342611148545,-7.50656717345911,-8.209749554854328,-14.972426109239597,0.15923851602053735,1.564450073079055,4.758830080827398,-15.486216572103215,0.4151759734499538,-6.942567196974033,-7.580425171426081,6.034465058986049,5.39282744109613,7.411513172548865,-3.448885309192483,2.9675271883682255
4,-20.574018702865605,23.207201981561223,7.522438781107696,-6.306549388120425,6.803592771384298,-9.646774290796849,3.0337640461979385,8.842477964628635,2.40697424792615,-27.797052009978472,-2.0056142028647663,15.637818722517723,7.487845031799338,-17.71280451252777,-20.63379892667412,-0.996938088740346,-7.8478694981160215,5.87937830328055,18.599772984440254,4.3187387666080665,6.593022535005637,22.501870113688433,4.623393924409952,-21.40413457163155,5.315862978676247,-8.83410215058721,4.877363800284367,-3.7165725731936203,1.0611181838752417,28.913849144888587
2,22.89984911573357,-1.271170040968832,7.295209863680517,-3.628793551682726,-0.5417128735203747,3.5454030758091513,2.0900832771369346,-0.06547682618361428,1.1649822259614413,5.974682728415495,19.523232634019905,23.59150640231815,15.339966886289508,8.21700228135315,-4.205566595597823,7.110503769623202,-6.672061853518794,0.01828041260432256,-14.691280721372037,-3.4751397590377353,13.659173659120903,-7.847761447600066,8.298646320763998,7.242206556336073,8.82712497027969,-2.362560563936821,15.143646064048983,3.949560000330144,-5.78742137728011,0.7183553180338089
7,18.127974804507005,-0.9239461015907483,-8.546691100064567,0.7242092455971573,18.283317397805536,-21.708985129626328,18.44808925810636,8.583137260885561,4.42040460790339,-15.911090099965472,10.065270036470956,-36.348405222837876,6.1177412282299395,-46.74907337288363,1.942799602103496,1.0381237555625478,-13.626680112742926,-12.60639893138272,5.205241771746699,-23.6572275756875,-7.2236621275652055,6.8936575432564755,-4.622142493729995,-4.7611838180093145,8.912041435463442,-10.261180978815425,0.730618502361094,-8.703011971899125,12.104193638737005,18.245879166840556
6,6.001390240546649,8.805573951422323,7.169833763507665,-0.15406854476067255,8.770203045588282,-11.057378966310695,15.095495553930323,9.604112842784462,11.096439276557257,-12.512461453011657,3.3166883774292417,-11.534875640729643,0.15206442849193103,-4.185471939563364,10.268699343496847,2.2920357359686827,14.891174681848208,-5.09713265085715,21.139689675496257,-24.229091244174025,1.062802207645336,21.726541248458684,-1.7905990273688055,20.14236192811061,14.305037850171523,-2.8137526390098824,-0.2619441179167582,8.941627725576382,-0.2209597861975624,-11.624631289381405
2,-4.489707518115605,0.8581408317110625,16.873490316217524,-7.696951019733711,28.38401211521384,4.2845280572204585,6.2860800246995865,1.2832843789611945,-0.5176749345514011,-21.676137295086225,1.9277339559880429,-1.132430281647447,8.703353442865469,0.5282770979801255,8.14342010818986,0.7909476244618268,4.473060456027094,21.385405124318584,9.247252355290964,0.1958632950118715,5.678828256534777,11.427325340634656,-4.355784244739414,9.06319981711124,0.28708717440653597,-3.325367516032685,-4.431979233744204,31.683920788157437,-5.372637998589448,-0.1727336218915445
1,3.7609195106048627,13.313521756638533,0.3676364454602066,5.848880004875798,12.409401812531087,-36.55110974802372,5.669821995097928,-13.569770320076561,-20.064260380613934,0.17441397702485828,-10.849721733687854,-14.145821536509668,-7.02143587319199,-2.405612955213498,-3.6520006780978544,-4.1620271357780405,16.716234066870253,-10.632740316466993,-14.396505542623114,22.638105584084386,4.086164740664103,27.52430667153529,-7.929992072944125,1.6732317513772639,-2.9461741305257356,-58.37194510687122,4.360097511462139,-37.882575076887036,1.1010999923489697,1.7813828810362313
3,10.467089031109008,-4.207557008652876,4.969790074967523,3.0939127276608973,6.556493896010903,-44.57538377016107,8.712222014379739,-7.823532332458219,-3.909331670152386,11.124747557002628,-1.4137914940229288,-5.863529624678228,3.8619680360316178,-19.577959867081656,2.4887752696426886,8.315939696130544,0.2880337563346409,-14.938347497022585,5.818835782010875,-2.5876594044340444,0.7807477357016418,4.8604617424921255,-3.4046974929203353,15.963282134336971,5.429881177727281,-2.360760836309267,-26.142688407313564,-0.808605205413087,2.9610505888866303,-11.144840193655387
2,-10.775360012656698,1.0224549714154663,-1.0835287623768437,-23.781433294900218,5.9057742390800945,6.66458418033492,0.07198153678477015,3.28010605741747,-3.7520774898462737,-13.395929983374746,19.68650903990364,23.506408860470263,2.6235325044931477,23.493461558462776,-0.5473043187016007,8.82590596970417,3.7450661746811607,-3.3547779478744153,10.363017359660258,22.124605186579487,16.299072312919716,2.9643929203121018,-8.010683987785663,-12.701829998254173,7.840927871362334,9.037219893256173,7.652546636592042,4.353957522893106,2.2540521045356465,-1.3783737246286565
2,9.801895080278193,1.3086230030573074,-17.745303925657094,-11.059482422490898,-15.900753029692755,-3.5746415295878693,7.451129374978988,3.694376701557157,5.424788344894736,16.451399795496176,14.828065219006266,1.3847616749564926,-6.829802383233611,30.27785578087132,8.28719333218671,4.1221744158617835,0.8417002332731736,2.0274444609539146,7.778878203805327,11.91178805002363,11.250034706072299,9.353223721930734,13.992882008270875,0.4269217942523085,10.411635984604295,0.8075750603421579,8.661815348128933,-3.83578607436546,-4.687281907763416,8.623657035940418
3,9.770003936762329,-6.359209804266447,-9.557911488073728,-0.9914748340589882,-4.121514250318664,-51.20818449195387,3.443627461966032,-1.8047837164439413,10.432674278777649,11.196712171534188,5.050406831637048,11.744633598243755,10.097152476588121,-9.74898722224884,-4.2121716200275525,-6.144243899330964,1.4064885374511744,9.741921829212718,5.585076321323368,12.289206414380688,-4.313367088909383,-8.22676678907448,-1.5047069015641312,8.201374815088306,-1.710733768224435,3.8567843915415136,8.038105929823132,11.442618279125591,-1.2204425476087197,29.45016111305863
8,2.329812693902421,3.463936783433448,1.5278697972961697,-23.868308437137514,16.084963989000023,-4.375238089510113,-39.33987037363672,9.632031343498141,-4.521080114540256,5.162358923848849,-30.54083895100122,-2.420406634841511,5.473527300526985,0.6892178243435216,-0.9584375327756147,9.873064147295766,-20.197637453549174,-3.162232667842154,18.656544380660357,-20.41693397282674,-2.0864954039180414,25.332023423300633,-6.110931686654363,-6.49235148095846,0.529856271539555,2.478596173435102,-0.050340960814898694,11.730920403299512,-16.04042085845693,19.512021804906613
8,15.645777244890645,2.1383686711578735,15.886538817064064,9.9389489032688,-3.865625189121404,-28.87845369808978,-28.980637032688254,0.8231539627270168,23.300923611248056,-7.231048815304554,-37.864824785263316,-8.64991531413106,0.28287558681604985,36.60630195140224,-12.007460482994,-12.138101887124014,-0.39356435646012233,-2.882480252592172,-0.5839661813055299,25.70154777501735,-7.72280747439787,13.772408780687213,-14.802584012786642,-6.717006886791138,15.710603720348402,-0.7113182184043341,-18.52252610745196,5.889579953731262,9.688198397652565,31.228988229244592
1,26.524484580058633,12.245340724994334,38.81733425542187,-5.567413140612505,-5.241656596744024,-14.775925145125637,-18.781994183232854,-16.265391088161103,1.9290345006867833,4.186625041090327,-4.949053224723583,-2.5341129637646933,-13.564469245835184,-3.4987870344950496,-8.032342933641296,-21.25374306543633,-25.93472854449158,-13.295049365719272,-7.118640498665946,2.736063956774844,-13.278936864979741,2.5887240613865283,6.812385818929077,-4.640150675435022,-6.768006034020418,-34.04558572761327,-8.426997969259938,0.10728955099054627,-2.3177663563774162,2.9265868921422005
10,-29.184449822685153,0.3666969914137952,-3.617038564619624,-6.933703898328362,2.659038790094959,-12.470591464524365,9.839188785151276,25.104037176898462,0.630799543797866,-10.755621478477059,-12.695505439655715,-7.866806705798476,3.3616933826609894,24.682415216146765,5.038781844511944,-21.88274248284567,-0.3877938812616146,7.554188584228706,9.366523628681028,2.8439465698162456,7.797772282744615,9.506573006777398,6.721663627418034,6.944581579148553,-3.3234485887022176,8.273394538185189,-4.318842968481498,-10.890364075344669,15.572884346383875,11.5584563295748
9,1.7009539579661321,-12.25033726481531,4.103459039508464,-4.8405741075076145,3.7050076440680817,-20.749375872404663,20.96906860732395,-32.45633501298402,-2.2182116399152907,-10.135972774938327,11.122856611268034,-23.977153938224767,-10.935753087940807,-13.621363136772658,-4.116330559071345,28.345953314035476,3.6847107351571315,-13.286265369752787,5.042026944619344,30.456490711946245,11.545214090782977,-11.570045092629687,28.502265716478814,-0.9132096933880534,-4.76423863987414,1.6510021009309874,-33.79580527944252,18.99314430323817,-1.9818022337285237,24.66436418655053
7,9.22851351469597,13.55242932281136,5.4272396165745675,-1.4967671073533235,-2.534270867460614,-1.7938404933923255,3.8208627623659077,-2.7806668708454207,2.321558613555731,-16.72968198675392,-1.4111887274231232,-17.659556477567023,-14.696785477542113,-25.94118051787835,9.03045401699066,1.4655040002698585,-4.406254192152666,-0.3790031228530465,-3.4670966964323426,2.831035215427425,-3.9445966416545226,-8.11271587436261,9.96740406640025,-6.749424684011313,1.1185239560166071,-0.12346827148401163,-2.840872847293676,6.058375069074226,6.050461116323989,0.698379894484221
6,1.682977097332273,-1.8177044362477548,3.16281975095203,-5.333535920765603,-3.8867856831738474,-17.980550793117867,2.899279917065724,-14.95770206776791,-2.1070686609526383,-24.462304403123692,2.982386859776807,-19.309750127432523,4.653196743624959,8.618656117459272,26.90906273625707,5.374881997047304,-17.109923755677805,-12.737363980364474,-3.832582734122694,-31.795131575819802,0.1325720466001743,17.506917445371908,9.183727157008521,13.552413107794374,-11.89969708847314,4.286500696733357,19.150247880921135,-19.400354158383255,1.4547972233921607,8.474832013904503
7,8.898867706053224,-12.397999766478796,2.9694954516992405,10.678902770478619,-2.7790234876925846,-1.0604327461012968,-3.213961040464467,-0.40303883403135377,0.867677294095749,-14.452720932144663,5.12599250576256,-13.069355464136557,-15.016979835206621,-29.489673169478767,30.86585792119557,5.201814899717385,-19.9490895542813,-1.0607883231117747,6.585466086810822,-18.7841374157085,10.313881570488718,4.739424296998793,2.31701126830297,5.257160694133129,-0.6206718770649193,-7.0529306625468635,-3.014822046613529,13.75948399002524,-4.006397901008401,9.460824897139151
5,15.302298186065936,12.521227073614893,3.827934557933384,-2.11908028857542,-3.024369692213184,11.060183404518662,9.235797080373594,6.048166137288207,-5.377740086828759,-13.959445066094942,-4.631084922063996,-18.160683192986422,2.6270517301394376,-0.10162409684209606,-4.562522671926732,-14.871652694481295,0.609798769912296,13.550322401727318,4.820246659933129,12.725020198041454,-15.639257652706025,1.6290675012830307,-12.12926276557703,16.56295491775303,-6.715853003286211,9.642731741116753,0.23303193531027566,-3.7992765688184758,-17.008622838516114,7.590532114094986
4,-20.500916736112536,22.399196442551535,10.765049901644803,-1.3974019971341147,-6.138840001933107,-45.45648994082324,5.340782409587595,-3.7536287583864407,-21.650852616053115,-27.44595498805686,15.06014987422152,-17.13858414225111,7.937666900997256,-1.4123738826383652,-26.566926355177596,-15.626646350463357,2.8070128767463665,15.99723449149685,-2.9264115186633175,6.458184793427551,-10.755782392028427,-45.657540780025535,-13.79579204808815,2.332875299409218,14.06660358943156,10.173415208101204,-28.835856531978628,11.413045029115048,-7.491937278674379,4.52594968296707
5,-12.348249924186005,-13.980765753955097,-0.4354124024736279,-12.161086200360753,-5.100045251027112,-6.60139436991548,-3.0124028827310814,26.02470249537415,16.47067084149812,-14.251620335601228,-4.7899900762639875,-39.916605863445184,0.944929318122802,0.05212374169777467,15.434148609415695,-22.586502752139584,13.451909638098705,13.165255925066598,5.904808376050259,-1.2779650351613068,9.52983215577456,-4.797201702954428,-10.218743862376032,6.316185146924282,-3.6041085533405925,-4.6429913846178765,-3.9902637483860928,2.712017065502229,10.567113112748958,28.457058098424678
7,-0.25663024322930417,10.322866151908567,-15.367906006552277,3.07506389655926,12.931903234695334,-12.354516414981788,19.052144487277406,-0.780293337440189,7.269959144217437,-13.29535454429568,3.655029967254541,9.610746169454309,-5.191539163977443,-29.405252842872965,-1.1509278261907547,9.901970055814228,2.9264350073919454,5.390952295683199,6.265048252956803,-39.12538558480257,-8.106446613555097,5.405633546350247,-9.088081734998651,6.394354428005887,2.089645010314963,17.111946431683617,-2.2883053219080636,-0.8142347191887911,15.374416072862909,2.3328421356328164
5,20.175317735141146,-9.184857131660607,-7.851572757764292,-2.6829927399784337,-3.221555476855682,-19.36235820476621,3.400758128119218,-19.56665355196024,20.912118962161195,-2.815584724285432,-12.185260350063405,-31.937482173536303,-3.3707083897161683,-2.5629032598718653,20.06994870573447,-20.41162609311912,6.606800702082837,-19.83592135525341,-14.65543161890376,2.0655501146738047,9.838567060320353,-3.9610595294169553,-14.181111076431852,-8.613330769739381,6.13291473303229,13.026634364231748,-2.7501405502329574,-5.241179312923491,8.233963733146059,20.97028567171084
8,1.387246783475353,36.105584257583466,-11.372583149642114,14.241480733687048,28.95581568828228,-10.682927260456813,1.69181223721867,1.7080699657826959,-10.911295094590308,-7.061058542779063,-22.077070085926543,0.21679476375091689,-4.158858144742051,-28.68142174715232,-8.498866599501811,-13.45847019002646,20.92750083136218,17.306657681609572,-4.988468897403784,7.562966224399303,-6.764411873611684,-6.07596951506528,4.665715271326926,2.251655876325441,5.967653094099363,23.808677841254212,-3.1588302453603103,6.071100361377652,16.869432818618552,16.20246488407547
5,0.6678994259898636,-7.335412097297167,27.396478158268003,7.751901869318048,-7.698512365956761,-23.82796625476029,-2.8142883316690113,9.165141005828998,6.192806285630268,-0.3742965556822586,-16.24918044018417,-22.457890098179156,-9.98534856317304,-0.6550741717663349,1.754134461544472,-4.245125119544611,-10.950082177244184,3.6966298478844717,2.7176965982400176,-12.732355673288085,3.8939123681653363,10.74773874274121,-0.3055273574717573,22.569868252366206,17.798903633195504,-15.94817167794248,-2.476969242098732,5.887417645375023,-12.51886898409352,38.20994717792373
1,-20.04710780298891,19.239613380649697,5.013706649905209,18.481611460778865,-12.752192904547385,4.013928426383024,-7.080894924016423,-5.603335784117667,12.371760226753493,10.30352096643962,-19.573218642075872,-23.16379320422532,-0.8352738417968235,0.3683809716022699,-8.25227598836076,-7.774135035742388,5.327738194345314,-4.844434154954971,-4.702996370306392,34.467344666894796,-8.51187981743659,-6.924877971557089,-39.783093744265976,-2.3301022600579286,-4.3568094854606185,-5.564368387283043,-2.1533195443286997,-25.12887005939494,3.3670269306314706,17.026857237791987
3,-6.789635383410072,-2.6375346759393232,9.595558330733544,2.655034109603928,-7.221277481461529,-25.411367796915066,4.7027619167666534,4.2607425439708635,-6.844089326486508,12.963537786890642,-3.2646545003392564,-3.345517772793246,8.381136740401615,3.6412278132354556,2.7374570941987084,-8.990157761480129,-3.307642801020053,-10.442638397215491,1.7246098289292324,-1.4783058825450681,9.056414322300075,-1.0556972332770156,-0.8521382487882359,-0.5356547428110507,3.768488087194357,3.2198667948976394,-4.306932899221959,-0.03769784139899429,0.47897869474446053,-6.471498754247458
9,0.4268611477639288,-9.278017971844406,-1.323943396314404,0.06422132304524819,-9.120190096172408,-13.060507451370388,2.585015391524493,8.293679458678488,-11.786736539996323,7.7002962527023335,-2.995057633514772,-19.0542385737676,-10.734571417605714,-19.81325482451029,-10.598789510252102,-21.80438720551218,3.1661772809204054,4.648846635998167,0.04174535809989144,-1.0155310546911922,15.269004256491275,-6.553772554058466,0.11698447708949888,-17.27174767245204,-6.75950334239915,-3.2426385974908634,-54.88008561769588,-7.286551387282341,3.712131733580999,37.26737838910687
1,0.11481852273104476,22.62916529120867,-14.715546828671945,-14.57559497556647,-2.01894922559113,-32.136135248467745,0.424532439229399,5.255726294020543,-1.2585138276913685,7.576094948853674,-26.727692816955454,-16.727107616456838,-23.301226291084387,-5.163909466587522,-21.49653261145768,-16.588941255286304,13.92623325121615,-27.066648311205196,0.5716578583333138,10.33985973723265,9.37406855958827,9.276079786301194,5.917768132565365,-6.744634232476285,-6.095828607694343,-12.870793561498004,-18.253853152690407,-27.72381536364624,-5.766803582980543,-0.8338100840506826
8,-3.271230521132435,33.31132550865682,0.35490267166762435,5.388671262282254,0.9018241178589321,-10.793073956537324,24.83921953837049,2.756732923470668,16.177633804448114,-10.381234904978571,-45.49215749871399,-4.361720047085639,-0.18516458255512336,-24.388249469129473,-3.1218640813888427,-12.898025269937381,-38.617871058946605,-8.393542240110643,20.751109997587037,-34.714010687023226,1.4274389500313416,12.945605778710418,-27.398089576274725,22.119157350931694,10.038942035566134,15.4300524842869,-1.2010666595603507,-2.1976513622470746,-28.949457770115817,13.008813644766816
8,28.685937543676257,-27.993859855441176,-19.011003414899747,9.672414294574956,-4.221777979601054,-28.538475435724806,-24.36007000379701,12.965971909300055,-15.837242316009618,-10.126838238947203,-31.798933233460417,-7.748241057461747,8.047277839292057,16.491322799010618,26.873549636349875,-0.2216986239548031,13.32889792298704,13.602797971315905,0.30246059935986835,-3.4476016359945474,-4.494152685110969,32.99946543999986,13.762481668123558,7.543513376278286,9.84986814493459,-3.561104648436504,-0.5962822990130281,9.419605040435712,30.426341824914402,0.9407650942470855
10,-31.89233087702261,-4.009326159816689,5.21152910017017,-8.13634840741021,13.223088929765387,-2.459442399287852,1.7412176936508605,3.9386210531063206,6.938671981157284,-16.179063459707297,-11.349207216431925,-6.035062083732948,4.311677897636137,32.37351318160967,8.739297213459752,-13.922885523978568,5.941758553533932,0.5957191723318043,3.02851375723545,-15.074481122349088,0.23516899735138497,-6.998691812226239,-19.788097353545293,23.390158001666272,-0.5776017167258409,-0.5789463090890772,-8.707129194975305,-3.1598459806979604,0.13633809492207738,26.422173981837638
6,5.3790517988780335,8.534721160852335,-0.5425744706395321,-7.704032376461314,-24.226560310824752,-30.905673948740287,7.333785713063801,-4.492290363413844,4.729988796272782,-0.3332532038915872,0.2852572371332678,-17.627701009745888,4.226149707745808,-1.751645989307518,11.109359316288026,1.569377055167131,24.581666226797253,-9.345134744457635,-17.63141460142448,-30.67375652619348,-2.1125968672218614,9.531615977554758,-6.744743718877518,0.36829954324414776,-3.835737108353064,0.2540251686655266,-0.658612400469316,4.79929678953752,12.818884197528044,13.60024993096015
9,-16.1487794015351,-3.0352324789801273,-2.9303885425668783,2.5655594798445875,-3.6847551127667355,-1.5004723316998554,12.9641950787421,1.8341645097915982,-4.540719336569622,-1.2306143605721873,-12.757680479046314,-21.73751341227618,-51.782508280924205,22.14987167485598,10.500863458203586,5.248937152916739,-4.027477542884607,-6.455884225777549,-4.9805381095753525,-0.9596974424111169,-3.3444394686774768,26.641098966797944,-16.284736187669733,-2.794635653373568,-7.209386351298133,-2.6459098419459357,-29.271133017641656,2.5963545328216604,-6.303773233092731,-1.615075221893088
5,13.003287819539594,-28.45029903319055,-5.566203014230927,-3.5649102554990364,12.838107504092925,-21.80236371980535,6.681607528834891,-10.237433993158858,16.093894479850146,-6.4767667526037656,-15.406077666423137,-25.3447160307949,7.157279447451489,1.4309933048065893,-4.966735504199244,13.529607648073045,11.414566745587802,-1.6039298090523393,-0.6052578840508531,-9.190882705958126,-3.3499523095094332,-2.2081665683839695,-10.788639417754867,-16.914486342983988,-17.240564243603544,-13.021443330967257,-0.36556728629859986,6.555233711549127,16.271564623002824,1.412036677217496
9,2.271850277360772,9.121114316977945,-9.91857347329962,9.727231328475785,18.225654336853594,-33.22808617352304,7.54715253986284,-4.093236712848583,8.179120299703264,-13.532745032043525,-2.6335740580662,-8.736200302696902,29.738911118804683,18.90749628478983,2.5884039166881485,13.754150558861893,-3.573056653825465,-24.85912935107034,-16.174863560141425,9.000979523948658,5.057926600333518,2.7528119695971935,4.611544215114317,-36.08492405785954,-12.712356569415174,-1.5769912746158592,-25.543537168263136,-0.3790004005790344,5.1924827472103505,-24.17138864472461
1,-34.50537508679216,-23.34038825243195,-39.66919661618671,-1.71278163966866,17.11952379009745,-6.51066041536299,33.68859804850203,1.5926685070776125,-4.9202601038791265,6.750400230629568,4.70897793972392,6.14677855149733,1.5500945150231114,-7.857436558627183,4.867660189850364,-0.44302331450321786,-14.997184465802725,7.327771141569363,-11.765130382892679,1.7676293166924717,21.490932388854834,-18.921098163986144,6.135183497612208,-2.3825525081378895,-11.238675880762624,12.588313160449655,8.042219514317534,27.907063632201528,-5.560336429532489,-32.019082202803105
6,5.35127373402774,-11.657200234800214,5.637400449156494,-8.756387967426827,-3.246409387805729,-9.29276105948233,-5.745268744463725,4.341964345778414,-5.495362246208387,-13.493979374490127,3.1420617179597827,1.469948604613771,2.61184673770832,7.608890361768717,-6.513512319252333,5.61486900802293,32.28803446002156,-8.336504064531923,-17.03313340713336,-52.87097021383631,5.962442589994187,-8.447359081801533,1.3845834490978748,7.333291164894185,-7.193697714174251,8.874473712457135,7.275565133007729,-4.523754928803152,13.336584361665214,-0.07713949431174516
5,13.525380994886401,2.959971689305517,-0.350175164753209,24.2927018280784,3.928488035938908,-5.0035368398016296,1.6326387630570305,-7.603255812864166,2.53476761037682,-11.123168225926518,-5.729883247819869,-15.459673458537601,4.940190690392422,-1.209559396849592,-3.439094166390104,0.30428390186519777,13.528494672564845,1.905977060314942,1.6838208055258432,1.7174049057859406,12.473066335456846,-2.352363957231578,-2.2717203253139653,6.845410122208527,-8.755543910072676,-15.819772512213156,-9.659527670522062,4.336863642536839,8.120631166052387,13.036127788848288
5,0.48725217585129976,-1.551572733907957,20.889701350224417,30.167871807074533,12.15671087615433,-11.38104679822791,4.651732022812714,14.784856249808465,14.382280473804425,-7.232565669157583,15.324560709320327,-35.93367673476563,-8.247917354759222,-1.9097024400365123,-4.329937997842238,-17.86261486090486,-21.27292590455029,-6.430209651947036,14.935945477121809,17.258581251002703,-0.7495792248057417,-14.365947506980325,-1.9812672220238463,8.183724101420795,12.803398230468407,8.782529148621457,-2.6162193656572232,-0.3652697800657283,14.627788654810566,22.880187222125606
5,-1.1570648816308111,2.7245952269261497,8.589647646483693,-11.077464960500462,1.0163647060512715,-1.5738409114596408,3.8626330344550177,-21.573038531222956,7.0111890616027415,0.24082947370589736,-3.3111465942240175,-39.10165764100371,7.168999081954635,5.43448885039086,3.236888693991119,6.878298531378131,-16.30569977719278,4.666347381455257,-28.778205089963475,-5.439189114889722,5.136399339900174,10.93890381773727,-9.243321281955144,-1.2738238457160194,2.484219817998006,-7.337242180875194,4.385124801814061,0.6946733305836323,-6.079073662059781,6.503506317752253
7,8.152635637194795,-6.862749842588388,-11.522960289004542,5.1827120976761405,-0.5003100230897153,-21.338907596712897,21.468415916251654,9.727363734127154,-1.4826169313298478,2.4551570345905365,-9.407804308343682,10.304716470835919,11.535231003747409,-37.40884963124873,19.559231050806318,-3.830912859512414,3.327413394862845,30.503570500433927,-10.984408317868883,-3.518993063136982,-2.094961962185347,6.390548121774682,5.4227531907823305,2.889569074981207,-7.302819390096132,-8.845644223751728,3.351460231689967,-4.945219259388794,7.5035682816515425,22.34106331155981
9,21.441131992917065,-9.294793047987174,2.9351800504919927,4.07932814347882,-2.4918604531804966,-40.19468104361691,7.158751496120188,11.299597121298703,13.208762467747317,-20.7315629511252,-3.9413271144269544,-16.701541818363324,13.889472144285767,20.938290016313722,19.465308496615922,-5.331932890956958,-0.8334808354854735,-14.327576092019191,-1.5727668989872987,-3.479836355581781,-16.442544647958215,-1.2993486017116205,-4.977300628458149,10.097291142943844,-8.682064386612147,1.8403023555391602,-23.999467904925282,14.643618526378264,4.962342968857195,-7.018945694708382
8,17.041767339244856,0.1806002972877851,2.4480787601258394,11.588585427062709,19.49229662883664,10.39251827063935,2.9218931944978963,0.16973244723529501,-16.04727925163993,-4.183299277238555,-27.973055459239394,-3.2248499663973944,-5.296960326300782,-19.244739003514372,22.43747055879185,1.0486886087118985,6.742351053330049,11.49245965876422,-10.557980167764022,-16.871399677643648,-16.715141956850317,13.30538481397941,1.6034752387344824,-22.666103233567316,17.92149409684958,20.229981922830238,30.22045481908004,0.16379591895273604,10.42779396020582,20.690219134320404
2,26.338873523972424,4.577094514704993,4.009475308317753,10.285652482681208,2.118917691971361,4.464397277211121,16.254641849661628,4.451298751768821,17.812401978382248,-31.27302761065283,19.49465189170111,-9.35943351320643,-14.285491030604735,-11.11621687062405,4.501147525226963,0.689386507098785,1.295580841198003,-19.81551025519554,-23.9410949131288,3.1024113742962416,-7.849827151550314,4.706668293854353,-21.562535143630114,-0.7928056220780384,1.855295262312246,9.91499746729188,8.203779338841896,4.456305197253146,-1.5002643494854242,5.588399626289464
5,3.0566416002485295,3.034681677462737,0.17225686827186837,-9.667238200066025,9.948246630488036,9.748067058433348,2.2427012272922577,5.771564670851925,-6.338777538580801,-4.791860465026917,3.0181729271610758,-17.032714028135462,7.770791932279518,6.7846667339206155,7.784612391451558,5.0742298400071775,2.182702220957356,-10.249953413864855,-12.588291595560843,-10.909146036988984,-2.0258431788182047,-4.716628357134261,10.973650238603126,16.02685826500909,-3.9607450860291444,-6.55970612571297,-0.28862186808196005,3.2918246183112867,-28.23553462817695,13.923150317718271
1,-5.098639481460859,29.91891008790402,24.157629951826813,-2.5715096050298625,10.239537343313216,-11.11258996777443,-2.1193266378334013,-2.78373079546681,-2.023645264204283,15.065478115936386,-2.750470926349433,-15.085357980996559,-6.757190042232667,10.355483208445651,-16.344078198708452,5.014288577483521,-30.7354828070731,16.773464247176012,-3.5903963179941796,-12.357636252732275,-9.754028657474723,-37.4603131093746,-1.2015695295554114,6.436917825191318,-0.4649262663321112,-12.591908067167243,12.822690899468038,-43.210154615931145,-4.34574043232632,0.8179505077507105
10,-10.787978726446081,8.8301078275573,0.8209676076734145,10.870956087586299,-5.008822964617453,-30.69952531415415,5.972186130374431,4.797378623814819,12.549920707870518,-11.307032733731775,1.6023335463094237,-1.7470567770229168,-1.3723660462391432,0.4536128432413009,11.90449199535488,14.687016701134715,2.3673855574795954,9.649639482559962,11.565706155412245,-5.67715395975159,-0.26012421704427824,10.78991425250216,16.9178115118891,11.611645191366089,-8.332701544266644,2.690667169667823,-15.53144964189082,10.821016544495844,-13.889231861454771,28.589001326857563
4,9.217523604836519,15.725235607071626,10.625611593917979,-6.167534244920024,1.8204996268346492,-15.868124856033837,-10.29009030525925,2.7116538453645567,1.8233618719492988,-41.24859819871314,2.154704021216043,-3.771595467229261,0.1320118498018164,30.140140613981774,8.838917154053387,1.1303466269001046,7.8476154186908404,-0.6879026187385133,3.2402767715862932,-11.155698601370657,11.539280730725007,-1.2489422178310905,5.596705616683932,-23.954353734320332,6.045469730911598,-2.9600767433015296,-33.107902040631416,21.25568127798471,-24.357264279278507,1.528413558672474
9,-0.24893602226803813,3.35951205076012,8.25005945696275,-3.357317873289343,-8.700605198860476,-13.24425559267544,-4.1791227578563515,-19.21143057160139,5.375176395466486,-32.138457017292666,-6.498039012348334,-29.828616838342583,-17.06599352220091,10.101245181125096,8.440468990912006,20.446148467722562,4.77994373572,-20.794761144288888,12.06660005783339,3.0993078365659414,6.83930542658779,7.3880134992972515,20.307398747941296,23.938331649939244,-7.265521459306794,5.672051288827787,-34.919932558222236,-5.134465897366345,-1.6339708752854065,25.779999925205367
8,-33.189015483141524,15.864768538929912,-12.71764585744178,-6.105669302632341,-21.2651621373785,-6.071354141696231,24.096588196647488,-1.8905663410556302,12.005973192342688,-1.7547401393347926,-28.912113758634923,-3.5937396244095026,-2.751555756689739,4.028334363735364,7.483152399419196,-0.13724345721441455,-11.488237521402418,-21.879876195173917,-6.0896122635149865,-9.664933913765465,15.48258969803198,-1.0150822524598784,-2.0672012686084744,23.045394497671726,7.274984683931744,-16.55057865171607,12.349070979573943,0.26513705008235844,-33.74688763338701,20.294440550353393
7,4.7701806661643165,-10.986888048576828,-2.4394319137437708,-2.145106703719539,11.823434400595826,-13.840095056931583,4.51118885253408,7.854454522918326,2.076471180545534,-12.34790316338874,13.452078864386849,-16.264185066683556,15.66971861969537,-33.12387610922266,-15.030122941809887,9.317485444655809,4.985883981800914,6.272799282229191,-1.3514434344510415,-31.0894081892912,-12.18942987187018,9.114335738404845,0.42699447782055056,2.5082799099290805,4.098385041023799,-5.1532099263869995,5.525414623484853,-12.442619860084013,-20.112069875834052,20.157691419940733
6,1.07866688671049,4.74351449203365,-4.1402154628683085,3.2320333336851172,3.865645744012111,-5.018866960438993,-0.8805351759529078,13.66818079222333,-13.815532142179674,-5.922551152040555,1.8958861741365625,-17.10611208410908,-1.1508563081973036,12.621131207151047,2.114742737634234,-0.5455233641307446,3.3030696933410955,10.350509490237181,17.63803606403843,-33.48605931368002,1.4810367688995658,15.366466019070009,-15.013982651196775,-12.630858366874572,-25.507693191706004,2.551323676915707,-5.809279593627585,20.827438994426622,-9.181580670617135,11.49927058695251
2,7.256834244255607,-1.3468198188020777,1.6641870295362597,-26.709547733363532,2.1075267208456907,-14.666019603716716,-21.612786926923167,-1.562413682907243,-8.114024647579676,19.25692623919757,5.854052035848626,10.672297680346638,10.476261427819567,4.040854047967677,2.623684123267595,3.176676489057236,20.175059423207095,20.530969461844137,0.6170226167734842,7.627204730374246,-5.036954550451239,-3.63859936123782,13.369121293848039,2.7824173976745574,15.758613855698698,2.4689822391794047,-5.34023556050939,10.584313049493106,16.4355522379004,24.368248316380893
10,-29.676357763101425,-7.717154487144919,-3.611335098220395,-6.4083012208561385,27.93359846791653,-30.492485857629163,-0.19462021033786336,-9.918369190143281,14.900307585107809,-2.5093287611558868,0.6947945175679662,-2.8891925273841483,4.253388615333229,16.440256611358407,8.261758111729021,4.444888516200836,22.598198347915513,10.148326536467394,17.03325853178007,-3.4657070052461902,9.691332674519199,-11.242598496341392,7.849084486893197,17.871918090563337,-1.16735784552872,4.899430608136681,23.474323662347985,-16.08978403651719,25.666955220194808,11.188757829583778
6,0.8312993798207224,-9.424476866513372,-15.343473486792167,6.2163351751673614,8.252142562574337,0.15759829522167124,30.662505140910046,-5.701017024146003,14.881901264581442,-8.439608600634372,2.9483964098416973,-17.369233073840615,2.858836026313896,-1.3731070298497987,10.71694482031289,-8.694875806141146,3.59621665118273,-1.7771508471570034,9.919300998755087,-47.3460479443432,-0.19154951382095864,-9.951157804946854,-4.517022847250065,-25.698678293615966,-9.364551877315288,-4.713003883970465,17.42711913495979,-16.935651663897044,-0.630656539582296,5.070937425555058
4,25.25881967082629,-22.026049541737954,-13.203032393447534,7.1490436147011405,-0.8682982204170495,-26.40914827507737,8.871429778195703,8.530386806394977,10.260124398948355,-49.325909070402275,0.8188869897013996,-33.54816618092155,13.866533282500399,-24.271839765601598,-3.0351905785771747,12.668902729229218,-8.074962559782133,13.05231291092734,-1.459702082116744,4.822902865247693,3.835761792168393,-14.264115367560319,-9.741677402447758,34.806482217373556,41.737410290590134,18.76009577362099,-19.800986171152747,4.005047513018901,-8.252326734716155,-0.7654391814022494
4,14.062964979113561,5.189416949433122,-16.75426468820566,5.184212983403006,4.447570898343531,-17.40053655810173,3.7776130157555086,-1.5792226076889615,-7.192999965998867,-46.80116870036394,0.8434489962996081,-6.9839353354676765,-5.079757165195728,10.136363869229463,3.707228352451714,3.3156140125712987,23.63612097497573,5.185329721828764,4.509050870941786,-3.484110851772958,-6.950240177326878,1.2608345260110205,14.05125302029748,-2.2547766687217097,-6.033550369845881,-8.82551630882467,-0.25363924572269897,7.576475517969083,-7.314875855234249,-8.029061455909645
7,-0.22470591741084744,13.54534514832166,9.75449053707791,1.7955522887699873,18.460632242391224,-4.234593782847764,30.737654310430074,-1.7368767174817568,6.079653367271893,-18.42846073976817,19.74127565855402,-9.362495003669475,3.243705889939949,-36.79778010902485,23.502726185840885,-6.051909740647263,-2.6001303851142525,-3.374956954479671,5.486097537134461,-6.196729546255713,-0.5304909773541748,1.5803246713463122,4.788370120182275,-2.2433621627784364,-2.1933253497765364,1.4825707349384292,-2.641344011417665,10.229389543415042,11.417933084586075,12.98627656848809
1,-10.86947371197813,17.241295335101228,-4.290673408659517,-3.9133809141045393,5.112818811207231,-13.156602512791638,-7.341997312369081,-11.128497597913931,38.681858084701034,-14.462370866162333,-0.3261620231913769,24.738086367457726,19.164198724645747,-13.428336025431289,-27.659457274603838,-7.721097346110984,-40.51081167911913,-13.167507654664327,-5.468041434707824,8.379567684110407,20.216417646230994,4.679740362497768,-8.310882735435257,0.18969097416534186,-7.471206952990771,8.475760443875782,-15.184280512086614,21.330680388188945,-3.195581338310771,4.840140768359252
2,0.8526957327240527,-3.0626435851351355,13.877984419370375,14.403468783704536,18.47723393494128,-1.833729417258209,17.086877483999466,5.151842411031206,12.63170392788825,18.550242402348918,10.758021597421864,-9.217034671112067,-2.666772281230122,-11.701904574570683,7.889655918314958,-0.00944013523286591,-2.9628324780173285,6.155897139534742,11.622128636382797,-17.26021304634046,-9.015530274239854,12.854637343297945,-10.77887759349626,15.321956466642554,11.871732696368944,7.931575661224427,-7.407219305963429,4.790115097251505,-4.639692827410511,23.957805970084152
4,9.621926446675085,6.231443039219787,-1.6549690421035907,4.161930585170165,-6.2865167969475335,-18.953463481719577,10.322656272658664,4.701182082441536,-3.5188390664929163,-39.64856810743187,5.5371913295796675,13.727512057514796,-5.324208169920955,3.2721886653680374,-16.019787232624655,-1.845862540327547,6.497824513109735,-10.297713185737281,-19.036314970995395,3.2850850575392796,-0.34874493891567654,-9.151190836568627,0.06467022100581014,9.937601111888746,-1.7215997807694996,-9.550267492051129,-26.39906486956793,2.1178842784348793,-4.79832943372538,17.834688853738015
3,-3.858443016082803,1.9662792397439641,3.770703164860716,-4.578562461338792,-8.6540124610857,-48.38848317706318,8.271571840456128,7.752805980103911,-0.821276998878584,3.8842016313371124,-0.38219212932865015,10.579274885249028,21.12721890114949,3.1612055252538283,12.855569316924322,-21.50715944288561,0.446224464078123,6.939764431702724,-2.9754895205653082,3.1439587002225586,-1.066151141330498,-0.5446858837560827,-2.52299281781035,15.116347279725744,3.979296213503023,3.07220297432688,5.126799637790046,0.28565811241661304,15.03272283539708,-12.816306851435469
8,-2.659568522683289,9.52869133227766,-5.561858980597003,-6.406640208838297,-5.121442776396128,-16.48811199886525,13.743246845971937,-9.995706141273647,27.82998418056956,-2.365764792779146,-19.22794550034085,-13.990200207779019,-6.545138997051962,13.020529279146054,19.506728344536484,-13.06799119774427,20.00896751161806,-16.775241885299103,-15.053561477927294,-16.265358968831887,7.2201920259176156,-16.632789179467593,15.83355170063963,-0.193347441587854,4.247889395591017,28.713383591622335,-11.324790060971162,17.90466748153301,-2.566072573370533,3.821147146674299
6,0.892414530198098,27.76317526925755,4.275422613569454,-2.5185768507512853,13.092158793342572,-19.387064511531293,28.107333472207355,-6.708296165908884,-11.626806751574476,7.440664442324961,6.753089347255046,-5.271834950404418,3.417469579299804,-8.948637445716555,-18.558284560828,6.846602842038475,5.008082746636556,-7.21622606258771,-8.92646124424471,-39.313930730453464,-2.2792279542450267,-31.825823927243853,-6.636274065857682,24.31453811589436,-18.22672445573478,-7.587226526588964,-9.29479544920441,5.130688855238272,0.018308425560763175,15.117696570489061
8,-6.556217126086958,8.074963549931066,-28.16150074107838,26.742817093879502,-2.6379402813427304,4.924305816872252,-16.562611946418563,-11.034727601328338,-5.10763704961782,-12.169528242580737,-46.79718086591725,-12.023711964586742,3.6210187859705867,6.120056613770619,4.325080619530529,17.529101185508654,15.895225153364763,-4.770443498286204,8.846698518029246,-1.4504529941411946,-11.886419121353017,-17.60993342574385,17.786905923404476,29.738297626708864,2.446634099821796,-10.008335513573655,15.637562513964038,24.79492741490482,-43.72498245151594,16.022220873650934
9,-7.181255156599224,-7.43137408606592,2.1367032871141762,-1.5617642889131071,-20.0254471082968,-25.474127071395635,-11.466264396300806,15.467102444179353,0.3054183455507191,-19.058489574329208,-5.392215104715557,7.021199804072424,0.9784033839695576,-20.416373688894105,37.561694462170294,17.859715408634255,6.4016709051893494,-1.629958207227186,4.4913755310350565,-15.13167534244049,21.69139988373962,1.3176654422123488,-25.089852503518532,5.967926748105322,-9.622974807970646,-1.0982521918604504,-40.02157406303373,10.256894871248939,1.1200893785465424,17.984788307369396
9,-16.406708122157454,-5.738628281423119,14.793552569555384,4.00967429883877,2.003074298165019,-26.395673413540337,-16.899393568496272,-5.724596473734996,17.08296378133916,-12.89706609012889,6.403629104054913,-19.985564954584135,-3.5749739522020105,-25.28115408422636,7.9353552803769585,-2.1427972525452876,-1.9226136196911994,-13.691806614493254,-6.215208376671764,2.575633008114125,-8.159660302845614,8.595220104387911,-11.39543808517297,-23.423377605740022,8.640779615277172,-1.8773508437682513,-29.30015781217804,15.599687875220459,9.054111962660073,4.399810502487924
7,16.22766084980426,7.702952229520039,11.505252269055664,0.9787146444084459,-0.19066142204992254,-17.85791193657564,-11.79420696360844,-1.8745343672353876,1.6087467591034308,-16.178801435260432,8.161664368990838,-1.6923090905432403,-3.972319612795305,-30.24208926903166,6.200117797450442,3.6072535662532443,14.57543233042054,-24.665888247875543,-2.209863792743522,-5.451275352204888,0.7781084921023338,6.2731959020743595,5.005110945543998,14.93650469543616,3.0329744051026033,-9.584897324901307,-12.866354219795184,2.9641877940270493,7.738896133250156,20.975484266318052
10,-9.084172819141408,-16.345772422618595,-1.4714321192166397,-6.3667901919086525,18.511538101034976,-0.7000409267597298,14.180694044255265,4.864665400622197,2.217425605565287,-7.110867824474196,-16.405829025856608,5.762518061904885,3.9470075341724127,-3.1662639361488996,6.890533805922418,-16.889691529536865,0.21788338670247498,5.0834681832678505,12.196672276895017,-7.283895294235715,-7.175452192602881,4.92273889578308,-8.695062561542708,-11.604221369489842,-2.8411307320711154,-8.378176958883259,7.592820580589761,-2.814098672156829,3.1471934931376397,33.14288815551707
4,-26.577572492994616,13.230440517201991,13.922114793512671,20.200282977685283,-1.3708789631521718,-17.465605293048938,0.39981822840969183,2.4991162827606295,-10.754119566810921,-45.40624289373268,10.702302559615909,1.462966320209505,-6.586093306279356,10.051631146962785,4.9165132055662335,14.849579478606193,10.882512654437814,-0.255145962308061,-24.651958217982752,2.568486166484441,-8.532879804496309,-20.96568908546102,-2.8548879581422506,-11.866178623452267,10.89842837232908,5.339828932168299,7.120043841402308,-5.616142761684156,1.7127643108783746,7.853694782026742
3,-5.723043024460286,-6.294140293471193,8.18829457138777,5.268796543256786,-5.153907175658182,-37.64335237539383,-13.256979027495904,25.912430405021414,0.15633863638826456,-11.141055244039563,0.6807841248838198,-1.1045564781620998,-5.019320995922948,-9.80351978101437,7.486404760140447,2.8894994948001864,3.4662836893654205,1.2475180185652226,4.409190769438079,3.874166183781506,0.3580244940043729,-2.3464292498213175,11.502157626859665,26.16403736232209,-9.75405988517961,8.432048680644622,20.714287618868674,8.826528733013623,8.490693512497197,2.2556132089455208
3,-11.098394866949143,18.58663948140047,8.673346244677216,2.7287377292525767,-4.713650746177641,-63.76583989749531,-4.837316354718231,7.2251100820118985,-1.6332877776705974,-9.338145421686916,-0.757991846844746,-4.480167020966195,6.852923214850054,-6.814724735565313,-1.888714569640602,3.1292750085234147,8.133870125712008,-6.3530774550661695,-5.562370033647078,1.4521816617732375,-5.544268310017419,-7.3336248145362255,2.6525883168258395,-14.048192041618453,-3.2937852762496345,5.8833983191896735,-8.272550786504587,17.472350114237607,-2.765815843165188,5.5224154779562955
10,-38.49128037030968,7.968649559993432,4.469828670892744,-5.406617649439618,-0.44003055936168867,-15.406655321375862,7.667681086053416,6.050208198854563,3.557005158187141,-2.983922170878035,-5.3729406178953365,-14.731387760466808,-3.336167079331243,-19.354343377253766,7.859591069812535,-11.197769386014738,16.20753292886488,1.6624023890290773,6.5521246906701975,0.36586854822914106,1.5691509985784662,8.217481869950493,0.3607251897265565,0.9333122727359606,11.975570877415187,1.0234362395520977,0.3241560647835984,-6.990844171117693,2.034559792436809,22.394046733522963
8,-1.0974453516558604,-3.9718499056417333,11.721110712668978,33.352233488763936,-16.21882669941708,-24.570713181167438,12.84710696409668,4.882157486986536,12.724603677375931,-21.952250223230422,-27.574595949333535,-1.21051585850853,-3.43408595313395,22.219584921272155,9.530439802993953,-6.417099706185162,0.8803029525882049,-12.47315263836867,7.783955983963451,-7.535224458859881,-19.73014936976084,8.519330340892795,2.916201147698488,-13.552581212338893,1.084006539460399,7.122538948013458,-14.929873992448515,21.18547529828442,4.239618821267454,-2.0986511476555965
1,11.550548270031456,-0.46367348213888615,6.483678031026564,-7.581281341759658,4.967369329487911,28.406971550791344,32.11734708062836,5.533409362440772,6.2731913737617475,-2.420430124424969,-37.86442948516173,-22.43895053438963,21.0931104312954,3.6428721666639374,13.466577745099071,-0.10187167802835928,1.4620904007337927,1.287450967429891,-7.410506999687801,11.115683453089066,-3.2732715334600675,-0.7634711219236019,-1.449729296325366,5.087097708106897,-6.891195003230745,3.225438406370337,-42.47482719920098,-14.766822184628092,-4.857228148873219,-6.60177512278177
9,23.174954496269745,-3.2763742164621212,0.6728460731013493,-4.488504026905057,0.6742379403791923,-22.810380177570593,13.755153315545279,-17.12328993987754,-24.130879814128352,-41.04724215130862,-0.8385796076465923,-15.252366387051278,-5.198253354194464,-6.678449408016377,10.9321400334053,-4.504860300808939,7.184315296615753,10.551601305310966,20.067501153583486,-6.854237719503259,11.508548055890024,-14.464780116892607,27.375155964384337,-16.35868902215522,-14.989033245559167,4.457687317821365,-34.675106594815595,4.239568166499602,-6.324803782909914,34.64609063066174
1,-13.377621962842696,3.564190301083661,21.785341582520875,-30.133785733635452,-5.204641029704844,14.521816916998485,-1.9619525244056546,-0.9438745301344755,-5.020338751312793,-3.461731996912474,-24.261842763683642,-2.56857851181376,-6.564606601726995,-7.9300889742623015,6.176414823765622,-10.374312085626636,-25.70672735749072,16.13490736009962,-10.222949391094776,-33.282849379575815,10.609742932113186,-30.21027805957207,-12.297842297659855,6.381923073446237,-12.49303800811563,3.288722022878531,-1.4919446101083302,15.844766787048547,-6.030391357378606,-18.394066219021152
6,-0.3902162933538853,-14.157618719964914,12.653932319578228,5.111325330168412,19.44768168594068,-5.53011835366925,-10.55269940206429,20.48005227499185,4.423976363005997,-0.6262287185428939,2.7926916939963204,6.552518116802608,4.782925070109249,13.066157096184217,-4.219564258498174,-1.2336967988949081,-2.2889314874400455,3.1059550536676714,15.154461293330014,-44.07397144791055,-5.262587729861867,-9.773002152049301,10.563589093993611,16.98205612574551,7.855113258736182,-3.397013971071593,-3.6540339301629583,8.706754548107648,-2.59369820648875,2.4392784422726743
7,12.800309997351476,10.601434894269916,-12.500658579866402,6.40443460618225,12.6362328075659,-26.31391220471321,9.351659536746096,-2.628808587010856,0.19293549792486164,-6.8143904922619125,-7.046336704455329,-6.940173209537273,-10.23720643487313,-55.25248579242393,5.34182936642508,9.609380968267208,4.600842901739166,-6.224845202188322,4.017297460629165,-21.39354339898565,-8.04419859491782,22.256622694272966,1.082453830668508,4.188234424935565,20.138339853223503,-7.781919800052165,-0.7772187318242914,24.25112624833937,-9.13357824752817,12.11602203246261
2,7.555618688732082,5.452875624081674,17.261346537663577,11.323974808548556,18.613074725505655,10.751810161706478,-10.875381506943183,14.188763558987699,5.697783089579659,2.2976295164883584,12.390134176870951,15.33880245787826,-10.211633889158149,8.551339381721204,-9.271708536620965,4.5237710652745875,2.726396355812735,-1.969549365279207,1.5537238291463131,46.28767358133199,-8.755258936131483,1.7612327599382056,0.22386268404849669,-8.006994974238037,11.597664545040237,3.4452348270151605,-13.571653680330668,13.041696725329249,2.8443240083177854,20.076714916195684
4,21.099949662809923,-16.11881367379356,3.3412002922707313,16.32488889076749,6.408636902832312,-1.397480099062026,-17.456569602151834,-2.158634510518322,-6.621494179526781,-27.714533395288754,15.593018598004273,23.181217683995886,7.705503730379807,19.696254300644366,21.89341055726015,3.850258811690694,2.7031728235965544,-7.177540704794018,4.635929971199413,1.9002188495435959,12.476373371442362,22.558777920563152,10.277200363038903,-16.085942857418875,16.36306057509184,4.371241500038072,12.270733807991478,-7.832663402050475,26.08918470099791,2.6517967681748913
1,-11.546771655229545,-3.922963059416392,-19.137748435698597,19.533850662790794,-27.814597467395103,7.397620602669009,9.83425914230526,12.641279700626647,8.552288738257975,-7.261253616075441,-18.653212616861666,-10.337220106971586,-36.54767187406995,-6.418166629395509,14.021147892593495,-8.047038305224032,-29.53095022007132,-12.455668302110837,-3.74933060681686,-5.71093005052715,9.873180676030895,-30.082030264668294,-13.660984514638535,-4.918503654750733,-7.312796014435588,21.761095899566417,-1.995560252717752,-17.6936211062704,-9.376393360689487,-17.33724024569043
10,-23.130476881556373,4.082862679865428,1.8941579101481296,9.835259643633472,0.812763096091079,-25.4486993426074,9.31622672232522,21.103146471675107,13.413812942650894,-11.111756458133435,0.625698394140116,-6.690430545341832,-6.990408083293854,-1.017957663702884,1.89147285799783,-0.838438957485717,-7.800480807365339,-8.985203953839594,-2.2367596127030422,-4.503177401998704,3.6084286640107774,0.07474364800073463,27.914402674086066,16.5113790036601,5.8987163554170845,0.6106317955456695,18.66195856237323,-3.592379898902523,17.139499258054425,18.44758665126603
1,-2.7975241151065653,14.960685571903,1.9831524195200103,19.984790005278377,-4.485201284243652,-9.329995381878117,-3.9162783321816432,20.86130313900025,-26.030286125451653,-3.8463900146453063,-6.928124789425041,12.55449176948887,7.61092418136713,-2.7267179698498127,-33.63802423091568,-14.057510324184594,9.890421430439485,0.6421301958114456,-5.452206910853702,-15.609124339507792,3.904734137153558,-22.88090014088684,26.088794649918185,-2.4281655467453396,0.7628209923277449,1.5620914248761437,-0.8164530858549999,4.353146682937725,-5.171674350416645,-13.368197379788455
3,-4.2515667519821,-16.23173832309939,14.36146115853539,-3.7607584124501874,2.4401169974105796,-40.83297473628761,-10.859220200937834,19.718006009218094,-5.876888257102489,9.30278997138443,-2.5677899377209874,-9.023205017073995,-11.227172998083185,1.902907850011371,-3.3714750654262575,-2.8985211437440794,-8.12067668751295,-7.165123203502365,-4.939418282825175,-3.7745494620803983,11.407195369784306,-10.888954438983774,2.3745182776898854,-2.1260369502907377,-3.2406148237960717,-2.649313700969773,-15.004871635364726,10.53227377628679,-6.821021944214885,-8.952726623422308
6,-0.07566178090932918,-10.194484558710919,5.718309361521976,12.161671465780433,-1.78558419566532,-4.048893231631153,13.119236238216176,-14.882638412576217,-2.7677283675124817,-17.032093335197768,-1.0619541256095593,-25.286210381611028,-7.872206885697193,-5.920012460413222,28.725182665335574,4.589712301447278,5.298905437483393,14.70347211463934,6.549649972559619,-52.14909068977964,-8.71514539237599,-26.50444477378529,-14.14470410328225,11.010092055490164,40.638903038414625,-3.806092504646954,1.286831858097321,-0.7469343411144034,3.950271478344788,11.588478159259541
3,-0.9027707629693884,0.6249543127036374,-4.321955102872838,-9.169843996519553,1.5168090649565693,-28.72331703018856,8.329588384860548,-2.357564050846315,-4.708468818917739,18.108911618074615,-0.35897159156412933,0.45379113897673207,5.035494022826808,8.413153414855145,-7.723869608551768,15.04832347389571,-8.595325317681533,1.0689567673601377,-4.975239199227371,-4.747855106292515,2.991849684348216,-10.39177929380858,4.045125829162926,6.550344405307658,2.2793403732374506,-3.0740682630820992,-10.370287477312877,-7.327721350839774,-18.53046939095932,-1.007881072280036
7,3.69039434056451,-0.9735886132173602,3.197216090217882,-7.067285929062498,6.386040611781468,-1.9984181222592419,19.66095566659047,9.699181297321422,8.173140539820428,-9979522854131062e-20,13.47838412311651,-22.207214121858293,0.20191053992745822,-30.310094974663894,2.9149970593424612,16.27591083973936,-11.785989927366622,19.73138947189538,20.49266365143868,-20.53459948027128,-7.7979474995430635,5.8361942874039165,20.42773304086057,-11.006255643593237,3.724538965981,4.932418389849907,-3.378307228416698,13.148433346641486,12.119429110395425,-4.769113938678403
4,-6.86458977420947,10.594473962395906,-22.08465392262319,0.10942431198133895,5.504362469780356,-19.230570455525747,9.790451789558139,1.3819963628506633,2.085358981257241,-31.994153436940703,16.451077618701795,-1.128348971809669,1.1659138067116284,0.5042099290482158,-13.438616215573555,2.8905823760061167,6.523812058641686,-14.403806099965696,17.74760951517029,5.875300588804986,-15.89938318910027,13.915310889834867,7.646102527816849,7.329230430675963,-19.805691644529507,2.7242737155198187,-14.81952279015397,4.845759415912625,11.765331113057442,-2.197480137959931
7,4.309611966071859,13.220861391594767,2.6963332578707093,1.021036562058519,19.83080281252076,-24.170572721612224,1.1681340626273802,5.014035285781039,2.3699333350472545,-19.057969237738014,6.528622377923714,2.846751676420359,17.279749370753436,-22.953292520889782,-14.306412581480897,1.2093262790575445,3.9768937141463176,-12.091568803154212,19.684866647779547,-10.954089055554675,-5.875778320053481,7.195412238694242,-8.1382434791973,1.760670730323484,-9.985493341141009,6.235306953390558,2.5196385270785835,-1.8449172515883294,-11.512411456202553,12.580510963907367
9,-7.43466505076699,-3.78000711684909,1.6272961766717362,-4.599130292147811,0.9245500049007435,-8.205228487409926,-26.600555276545514,-19.07876486875555,11.270735856262206,-13.752666590965852,-6.360710213090458,-10.275954320428216,26.184728739498286,20.197726705629034,-29.64723640036068,-2.2787733400555608,4.470735296644051,-15.493170699905571,-0.015124387314377374,8.02079493494743,-15.08841464687533,-18.34725240625604,14.114879969012149,19.05401928044465,14.352521441726552,3.8463938655330585,-27.542576668403303,12.576056904885736,-3.0583491589995733,32.40837827504904
7,10.35442819334492,3.5168682916951592,2.5594345435099455,-0.9242318320759939,-11.058996086225871,-19.875537173079465,-2.530564474669337,-1.3655220689153715,2.1784858284828394,-19.33186266316594,-4.725166225139847,-20.37503860304942,-9.529638405080814,-39.73854733338708,10.046609244714446,-10.090505214126322,3.672870780641455,14.60530286228069,-6.271430288973627,-27.717395240593643,3.338702527182648,-19.682085561332805,-19.999156949680433,2.0340529735144965,10.052159562603572,5.028432529595084,-11.633950431224038,11.31966508476088,18.158634062257097,32.22419435606095
8,20.904669045157796,-1.3599468132679966,-8.465158150683973,-11.24924603320545,4.469926854820342,12.016518430452376,23.531479125604584,7.5984678703212944,-18.45600179568569,-26.51988928427373,-19.976010935415626,3.206664921728451,-1.454088634881576,-9.96183674764625,-0.490385483306373,-31.455745939935728,10.02598884760256,13.44882990879908,-0.311440490609467,4.301757829969882,12.48045090035808,-6.7210147718558595,-9.580732078097354,-3.0427896758761497,1.1334226374843084,-14.434786475554407,10.026515318395388,2.905195794767131,-7.659713994653927,11.450407449500055
4,-4.859934509381129,-24.529646174730125,-3.849457486343343,6.564161527414257,0.6655207785134314,-49.29719917216056,0.02399813522574669,10.225603453166011,-5.780836005220886,-32.66756331044413,14.630982253456034,23.861108648538544,-20.39119113959361,-4.482703103432398,10.985482692893923,6.393219937394617,16.276879905736525,8.073817206027377,-25.054238326574882,-0.6915084661419075,3.4172989038875747,-7.218443881368828,9.069179105079442,10.153186066539472,13.220003644294392,-7.818056154221737,4.308506854029804,9.155855193754224,8.704450436307308,-1.7224725551832138
5,-14.107385055735161,-5.204290476069306,-1.3959354138317892,5.039918395979811,5.582205225560773,-26.492927996264036,6.632201449612464,-0.8255715148535989,12.574968878341892,-13.62113176717128,1.930175008717229,-36.52383698595979,8.004650599264684,7.167077859355354,-1.9642225279348167,1.9655093643185633,-18.548137940909427,-20.683395713704723,-14.277220228740308,-0.8617846452996272,-4.009779106302863,-6.416081966693783,1.4257813648344997,4.211182369674057,16.354471126247585,-3.49958387458709,12.216782827392386,2.7696702781981264,0.391913064447028,-8.396285650010679
8,7.472312171876871,-17.25105189706586,11.756137225219163,-29.52756532866132,-1.4601152961054447,-28.53730764241956,-18.062434287347866,17.817211327125587,-16.87227663007245,-13.918097545072104,-27.5300713205801,-7.525590986657698,8.918435697929329,10.574948782442213,-5.363356711003991,20.944023498966633,-3.805202132379752,-16.420992591718594,19.588122765461186,1.1191778991947023,-4.11175554915378,5.33383683675431,6.916214640301908,3.8802063411415846,5.9168314221821925,-1.606023278172228,18.82264038319662,13.732271181068251,-19.629055803828415,16.49982515572271
1,-11.67921887096064,-22.666424819156294,-60.880186867396915,19.594943021004944,-11.08999311364018,10.026451872624605,-4.68328306573208,-10.585971656921286,-11.318963121125428,-4.942829938738348,-20.55758385245339,-37.97939597595824,-10.2106568988561,-1.7043764844073284,-9.224547622800669,16.163849120131374,15.23475666410479,5.957706656501395,-2.21883602805813,24.765379670996488,9.975014290970815,-30.730718411304355,-18.667833184705625,13.377466511943034,-9.818323997630248,-14.66408898573696,0.4431137774136593,-25.464539360692214,-1.1468910101365792,-11.170826125647093
4,-5.040496722053396,1.4771541410227154,-26.158318490372046,-27.62415044172449,9.638367156989293,-2.7503766466622093,12.30426605955439,2.5575138731560183,16.006968149610678,-28.890542794514523,14.863679554250883,12.520614189784787,-2.734900209939838,-6.985961868315833,6.786930084183675,-2.007234735231045,12.010969062643248,7.071088903798366,-16.865417784254735,1.7653325902660622,20.738745465751922,19.648362124218092,1.2236241690985141,-19.740469127919656,-11.959817342864415,7.649407453921536,11.206601936861528,-2.75342311336325,2.5870588127057146,-0.47833139888055864
1,0.32404082316427996,-32.629354334607314,-13.941601244120342,19.058218638642664,35.26690149006809,0.28146244366582596,-0.8123173571261266,-20.227066357572397,-19.079539777874018,-4.240825081840805,-26.552874795771515,-27.100000345105247,4.71301732381033,-8.736935442162665,-5.344101263015224,4.912385580266399,-34.952786163006834,-14.998169497269421,-8.235735239090712,-6.9615776381792935,-38.95575075272429,19.509049346609544,-15.525988068439093,6.838123905403131,-2.317647726573071,-2.3170802856125627,-5.133271549490494,-20.7076418707489,-8.259756227427662,-23.770837524147936
4,-18.94391039632773,-4.704276584908133,-22.43236800884988,18.95239499545267,0.6919464774303641,-23.044897106641436,-11.690186571580467,-4.52909472368134,1.0019909548707895,-48.80410440927909,-16.989050858270687,22.691948670609094,0.05306053371319261,14.727507549099336,-11.478825989919581,5.363970858643344,5.853906554528171,-4.437548899593722,-22.207330023895672,1.4508346739618003,5.087017474463005,-12.508373428977984,5.091819693919994,3.0646540873209576,8.42448962323968,-12.7756725822112,-6.609595289417093,4.3620484371579735,25.983795318922436,23.70653805872827
3,-4.594273932976536,-5.530220581006183,16.9464270024757,5.8761691031131145,6.354385025691819,-33.733640028496026,-4.153998178500224,-18.585311076269374,0.36528528825183426,0.723719586702358,-0.046485250789829624,9.435045681429832,-10.535218814730218,8.598295052466987,2.557600390828756,6.549125276298253,6.42651359694376,-10.90609213502696,9.033556874144573,2.1505453787169673,2.5099963996794914,9.212253766818183,8.3542268719032,-6.583804413313223,8.383636368028316,-15.08594374540482,11.769554021777495,3.878426706694478,3.6645486755380285,-9.669613105296941
2,0.02723480954861035,0.7305345075485903,-8.744906348383077,-4.578739438467107,20.947856610583255,-0.660262929406112,-28.849129207625698,3.9352038721831617,14.467889657471185,-17.87597603426917,10.595663853452992,11.087652328672238,6.657903348018422,7.723072352553973,13.41805130980692,-2.1040289278083653,4.559210059150873,-7.757626788130668,10.569364955885856,18.8975124385193,-2.6842643055518662,8.030531754680156,-11.903824086763597,12.189255563481414,3.2548232401810466,-0.471077374678484,5.751202865045055,12.458805184088575,3.7669823326833156,17.91602438984865
7,-9.594190212664376,0.7437573347566427,3.091716926118381,-3.8030967292699165,0.7904689629734813,-10.895189904126017,-2.0188150057444765,-5.699852624238986,9.22809241501535,-3.1252008567041303,-18.174954241384665,1.7878020069445633,-9.209344748509169,-39.399086862768236,6.353199159638546,0.09799990380074919,10.168004398802946,0.4321515194275187,15.230726403231227,22.837514881378954,2.5702459781342277,13.853359294900017,8.66355734374676,3.4916939371647135,-15.707247952000486,18.17911972096197,-0.2517726176776607,-0.7333251766330422,-12.542589841764235,3.798023249982621
5,6.161432321482511,0.8081784345058896,9.12163023970007,-8.759514363233876,12.902608680450182,0.6822361894441347,0.6531500188680901,-16.37421800536575,-4.918660851726987,-3.772011862951148,5.310144774709885,-27.985306923307085,8.44244955271015,2.326989431576019,-13.198480554251548,6.6776397894917725,-2.868843408369755,4.61879882077795,13.077600817745386,-2.7562816406717054,0.9766461648488975,1.8784083183864575,-1.2989761019481754,5.780116506306138,26.376500454051566,-0.6207785993659725,1.9652756512630492,8.86003320535419,-4.264962495604151,-0.9519913679911838
2,-4.9906190490774485,5.144957414782879,8.444446895007989,-3.5044101734608137,10.530902799667931,5.823762321231878,22.87662289874189,7.562551800172782,8.78818393404936,-17.802041398682537,6.631589734041865,11.23930505080935,1.1991750413441553,17.45201800394627,-6.023123804025765,5.577181947340529,-4.526403598933459,-30.92107821645135,-12.857125559171946,7.078380003207138,6.163235598304978,4.144348425307893,0.8996555862719116,9.514843846534156,38.398618736067306,14.604861158658451,-4.412851872077626,2.785879257593313,-2.069465818276109,-15.491812113868145
7,11.637435981946453,-5.423576951080396,-9.780298046481327,3.2933233617468787,4.793658672231414,-4.537181137904096,-7.207302480833953,4.4005344605057575,-2.03141575661156,-7.747219279635587,-14.087285838213571,-25.260294569342896,-4.977724254322138,-23.106989615234106,0.2786388890937319,-16.378396913967016,12.164317606245877,10.985022672054765,-4.467319897283352,-12.539287929206111,0.568749510310888,-9.054339209966173,-1.3610927306175258,40.54784000757392,-8.306792432249415,7.823444598688197,-6.5684041926218395,23.212049220799273,5.6591782633670125,3.363838972720689
5,4.569768610799979,-24.98099581033394,-14.55841599254321,1.3396453007713252,10.247325493275593,-11.09107095553531,-10.397280972666099,8.54405983997839,4.93569377118434,-8.535300197914285,-7.560283540447908,-30.366748107843172,1.5125059266779055,1.4260001999587775,4.065120249985095,0.80070948913518,-3.5783823646022306,2.0022036255569375,-5.29585269135019,1.6450815065213589,-10.390180112553194,-6.816645948088448,1.1767180668760373,8.05979868466844,6.447678147712708,-10.463665470838519,13.03529075591426,-2.132552012333739,-18.32667089135619,6.493820295194746
2,6.06841290731977,0.6379902666628398,-0.32237515691524443,10.99572528108033,1.609569415654728,-5.180514810662211,14.177275950732911,9.939950776310571,1.926533729719226,22.666701443635336,-28.967905278052974,11.391423138138514,-17.625304476682366,-33.68522919034078,-8.240732157160943,3.992630851112345,6.282793877197704,-6.045011502998875,6.9646100283403705,-6.736595652607079,3.2078101540810535,4.760934652288966,-4.706689170422094,12.884122832217447,7.075546590369367,0.7153432801042907,-16.060226192749873,15.131160441897352,3.215764051273937,-3.403711066692056
6,4.6558562260367164,6.28580748163136,2.8649290329323964,15.422036919466764,17.9406170442055,-1.7218251534409585,12.991603453812528,16.169400814389704,3.4730081409368987,-21.980171064522168,6.302861754318502,5.05839220972979,5.195994119591833,17.185224507423335,-9.701464566650243,-0.5171839324771945,-2.9358431171377326,8.201024542228085,-8.312575293100165,-39.300436077912366,2.4175485625644426,16.973869065341066,3.0841863467407475,-22.624077876746846,-22.558094807601897,0.6771758030125116,0.23820262970730247,7.0869816304531845,-12.29968453238579,17.270673417966673
8,19.5937748434103,15.783783942935282,26.116435755411814,-1.6803969095019546,6.725077664599171,-10.634912326627173,25.2406449160547,9.666428801632208,9.690872002476288,-20.18550365932886,-48.37369909823376,-11.29801094585857,6.947954816450534,20.73407740716766,-6.3346485450815795,11.806986420029045,27.796198961039053,-4.815951086910625,13.883659149020852,-30.160050130921523,-10.975140577276347,-8.876975002675096,30.022865697960246,24.23483120233072,4.740969437538562,-5.835721890432697,18.98576691928642,-15.357043202737788,10.141924105792997,32.68048143411344
7,13.03956319423552,7.243834084335049,-4.324394227493672,11.76771595841223,4.703104203899626,-22.129352567718158,18.4468754205613,-4.3037180434394,-18.75964888716325,-12.73311326685426,-20.807747347072205,-7.459814347310696,-13.863608420668948,-46.40604131486747,21.33168560615758,-5.2919119778893755,1.7591935997533266,14.538522946702827,-0.1052688724310582,3.3643888879899295,8.864259475316217,1.5008313783650582,3.5448449673365237,-1.4687902064770535,1.529427970058215,19.890114649037343,7.08506028759102,-6.252544479011272,-4.120560103566281,7.722454683217013
1,-12.723051201792334,-31.154407739966835,-6.357117667151506,-15.53425348932453,-24.23686193518992,6.137867652762753,-10.415064035752886,-10.765272709030201,14.609203313847845,0.6954066339945921,26.582618528934752,-3.6328455809869062,0.6040631581819182,-6.945994673057118,13.902592787844606,10.710313908536014,-5.363790233476645,-2.825237405168301,-9.530658272953215,-15.390726990107224,-5.7008323122507045,17.05123534696518,-6.538355555699577,21.47261353620984,3.9808053656354385,-6.406380551406219,3.358326943891079,-16.110202064463046,-7.374192873375969,-34.12597105312255
2,-1.599781052252494,3.2507131622778975,7.194952236127783,-16.16480014471918,0.02495451829212847,-0.01774511962241343,26.14438114803861,7.763350034393083,13.63839881280101,-5.810763356726566,14.009515464956177,-0.6542575532432018,5.027039726862842,-2.6649007043453157,31.444776925576917,0.0805769148386215,10.807139201284848,-11.75504771726275,1.4305611808282848,-0.500883376082855,16.31366463309154,21.160404376566525,-1.3073573455137912,-2.7516444168627157,25.898857683019806,-1.9484404360601015,11.250952014430155,-9.093749667875725,-3.0452379856861693,15.412915784312311
6,8.06316121406477,28.085208890600207,-9.83479070040092,4.391163058562715,-2.7941988190646883,-22.207508426805838,15.353325325737785,-4.28295120410788,-0.7247481122648429,-4.993960029074943,1.80543620467796,-2.5249701489661143,-2.3490056058409907,2.7312667309114977,-17.88423657601531,7.670246338777446,27.33725571432744,17.553399983848248,-19.091808419128977,-35.18240032076131,-5.4974073462374875,3.3778791394871206,23.923704443325487,-13.951520790561958,2.0366023918792946,-4.540352953831793,-5.868707972703003,2.1641400916159537,4.95850962856075,20.418596842381675
3,-10.192478631245251,13.911002831800936,-3.8758443014280846,3.656890510531519,-7.983108339104466,-45.11394951973095,4.0374756439018595,-3.8040481554026737,-4.551987298792164,2.608181870766627,-0.2259437367234695,0.1417623428170636,0.8191252792034999,-4.261186285829822,3.4287996303028185,0.7751124135974546,5.6109101337659,-8.217702053939124,-2.9272767332521106,-5.1721214630056345,-6.797906980042359,4.702807204162402,10.30152038000208,-4.209493383930768,14.874518634291949,-4.008681206831049,12.275661746320353,-3.6570165637176824,3.0546997206214095,-2.8009581268734993
9,-12.804655422395092,15.83038460257675,19.3533264347585,1.8037007360627746,17.812952366322488,12.79761530630816,-25.89038659302068,-4.368061941581956,-3.914240433549698,-12.641073677110516,-2.9153599152452894,-31.334719544543027,-32.322221133642195,-0.15063331347857778,6.143743707001908,-18.05895505053858,-2.4153390646094763,25.52592867768921,-5.724574028433237,22.408618358693765,3.3564832124219066,-0.8444598088678825,-1.4302186575500246,7.575338965576551,19.752960249696535,-0.3481139853383619,-40.94659976460348,-13.166831489612434,-0.9015312357341237,3.327701542685385
9,10.063976046718304,-13.539202455170445,1.191310021742635,-1.548176455873007,3.288066249660595,-13.473261242665055,-1.178949519497888,-26.559106397506845,9.254354613491278,-18.19360106996496,5.18005986622995,4.117867018831303,-12.227224141876384,-8.910543259536572,2.368653603739007,-12.756812924149301,1.1823146521935914,4.5421971132664805,3.3655702551076834,-2.144892729164609,-17.485200986965264,2.0485511792154045,-30.598341967954042,11.600137968557808,18.76925512211729,0.7828048637545286,-46.885092727346205,-15.401741866693852,-10.502012209656932,13.27381071302616
3,-9.513402604150993,-11.63480781367927,4.928882664542772,-7.32629436570385,16.934234510670684,-29.951485358852054,-3.399005538193093,1.3706202935302783,-4.372891086447652,4.242675747181534,-0.1428902620848262,0.8971589388846568,-0.5753917212897546,16.673935853546,-1.4570539325507088,11.905440626903061,-6.388852781855678,-7.8162600052124604,-2.5758476940918213,8.453943397062087,2.9104648429184987,-2.5272540298912274,-5.441816337312675,-6.503828255267535,4.922854240913555,2.2047260632191605,11.409145498014423,2.3901047261568014,0.28939474645831226,-11.668907686929147
5,2.4021166540614733,4.153226085772142,-8.112086158599393,2.655038826542236,3.4968348249694707,-16.998001869639165,1.0059551989816609,11.245683414390486,-5.445716057174572,-7.28763846901078,-25.044906768134272,-40.21536835238137,-5.247025858756941,1.2301792681705181,2.384515702782755,-3.76676044814125,-6.942151192096684,0.49746297394846206,1.7569527801838118,10.485392862614336,11.469162248241611,16.977768100699123,7.182313102128108,5.034936124983486,5.685005601793014,5.815372842494082,-2.638432346245928,-1.1449841255021285,1.527689278634195,15.593742166348786
4,-12.54383819052024,-11.999527118619339,-0.6420040046073663,29.968654677066645,-6.953860442759418,-32.65933008223403,4.548983259063168,-14.268082179156181,0.5844093815451629,-39.48367210846137,12.831199957603648,12.537048246465076,-7.572064057825808,2.386287292528115,-1.9493871774930835,0.87024437756778,8.79173953122806,-0.3435039030409574,-39.27059356065832,-3.8851500930331717,11.505495740224855,15.807082170028899,7.909552775749233,4.425861976123294,-1.2556667847775933,14.246707449375188,10.948628095369813,-5.841224076942874,18.86546372552651,4.416174573058422
6,11.303222468691168,6.492258676957072,-2.3788222540340964,-2.8514817733436493,21.613595692027555,-4.901316025869672,4.0202034411351155,-11.375658263105324,-0.5347595295903111,-1.443402885890098,1.172317082336328,2.6374430349229048,12.74656047084483,-0.31642981631201605,6.830970248491102,-3.6517149946729996,1.856469530824632,-1.1423420592115454,0.023423207567680127,-35.467261828757415,-1.566670178332385,6.909287709668573,23.3215661094425,17.263958710953553,-0.6987839953056569,-1.7477707524373243,-8.475352732102213,0.27419105619790596,3.603562391943792,23.479976171099764
1,-7.14731405998502,-15.701285170751772,-11.479504581950641,-7.624279883731804,9.326717599297805,3.5991641786802733,15.031843060590003,-16.67953031710688,46.97927283261893,-1.2534589754329528,9.357485055421154,-7.385908403870224,-20.091965179770263,8.701404042056303,-16.33980531904797,-1.6025376759654515,-20.410318813908017,1.0354138251640537,-8.57755174422783,24.091318680087447,2.33456754733704,14.069626540037104,-14.713084924261592,-9.936792912524751,-11.720761213625138,14.884549736070689,12.212374797618379,-22.644437975781116,-1.8562708905805634,1.424012635346867
7,15.081022330275754,0.1303853653807509,2.799031931659608,-14.024815677719014,-16.853798537574864,-10.67830429787536,9.029891930144613,2.1722974107941004,17.604953352402436,-10.790563040716513,18.41501096313583,-19.639883761868866,-8.859471039503186,-51.875891149808986,2.7236638485923987,-1.1249646657349424,5.020970726608676,-32.99879912810029,-2.1266493767161334,-26.585803938070715,-7.276424497685973,-18.880151011266413,-22.785198433370805,-1.8634851353914668,-2.4470287701876243,15.7000681603072,-15.71991956491371,25.37553365275039,13.648443669579768,11.399479403879388
3,-0.1928323071322986,-12.127470177973608,1.2781789619619837,4.316223131027004,8.065795640120632,-55.54655008712616,8.086869072207756,-14.151528976027082,-5.052097597798889,-2.835579282102925,0.46681111987497953,5.12955947732886,1.4130450063575073,4.994618634413891,-0.739773625963659,-16.91246119668641,-3.2021900628410607,1.4717817476114263,-8.196817791855008,-3.710712619723175,2.7837226086675955,-3.0887538929513476,9.795723457602655,19.33936423507946,-4.319111052628311,5.360856011304643,-1.5814273148689435,-4.263209492990974,-1.345936221975826,7.2815404043736205
7,-12.600766186383982,11.896848051506156,19.829834270926266,0.935913237077354,6.616132252347525,-19.84157801626362,-5.717556155448007,8.562187888964424,3.2465234589624004,-22.995406707019733,-3.7497512712258363,4.505216536942132,-10.480085967065394,-39.92614591161791,9.776091175263836,-16.256209648657983,-1.5911028797654971,-10.227050994738041,9.43389835379277,5.419872005470084,7.737941600477887,22.330363100850906,-4.833808005695536,-9.578737555957778,-12.458484079267103,-21.335348589882972,-5.850404473387844,13.375707359693216,21.59740029627796,-3.4610301628281235
4,30.566569855961447,17.122200791067538,-6.145734078140552,-4.551538221451551,2.33273848547993,-7.504952612675378,-4.637512961196282,-12.232388009168389,-18.31022009308556,-30.87176330657016,11.564607491690792,24.722034349284744,-12.328574103825355,9.093824537140232,5.298944049092798,-26.596882383327294,13.547406092863351,-8.861352258655486,41.31434246887902,-5.8528200281797575,3.4428080579515496,-4.917431525407273,4.13999414034501,2.3492393084628054,-0.8815013707366371,-7.557795958213421,13.625819465534013,5.150209785032948,-2.957857895890211,2.8580994970001856
7,-1.2450230804208955,4.403409678535945,-11.568258265889613,0.30471869454720113,3.604206772996985,-6.370568251895962,10.325295804410137,8.077730916909893,4.73475716114159,-7.346435146789991,14.649239437608927,-0.6613034940660363,10.672998468438108,-21.942532430276838,-20.968644066455973,2.3020186877817963,2.6544282699381196,-22.400242607148396,-1.2344544481899518,9.372063650710238,5.99970628880571,22.0932001646812,-2.860847348103371,13.614251772371487,5.237449532789403,-3.1606726361804878,-5.47057634594101,4.4496025192454285,-14.729969822184628,-25.645018828550224
2,4.344491336943479,5.361200083810242,5.20488767128492,-1.2385523751337262,17.803035453126174,12.604681067935587,5.1344100499690235,7.551493633279112,16.129599739631768,-0.6996974139820709,-12.184528032655926,16.09512909360786,5.545824937697456,31.940706394457525,4.54273596670154,6.763475407848121,-1.8890070911329735,-12.055798021258438,-14.053210939981424,-15.320966356333633,-8.702366781530525,4.343277556997857,20.4129219987642,2.58848013034051,1.324937382045647,8.981610426414992,8.757445586401916,17.548044029286842,1.934850124173863,-4.510439115807211
10,-29.45859423809808,2.6795193533679917,3.9003072786487514,-2.734712838377898,3.0938253799425937,-10.697239877097285,8.92877827055532,-32.09896651568998,-3.114992700943878,-8.341612915841814,-5.982735873190526,-22.81669541829148,-2.5688517133291304,-10.787306264874804,-8.198555921284528,-20.186701818511718,-16.919379080365285,2.5575864808074043,8.732606332584606,2.913682309822682,0.19306549342956414,8.27421638721203,13.81879041508513,2.250891529263901,23.144598173529776,5.493169033521762,2.3118346425499716,8.880546172306923,13.388890073112277,21.18222104656312
2,4.918675902223869,2.8347190715349053,-2.88314478238828,-1.2053875338563769,13.896369157739084,-9.099192963696108,3.8804654631636892,7.024099863331555,13.374409812646878,-19.67348578758359,-17.10125478140035,19.629230181326076,-4.530269316643068,-11.004244366730045,5.027624863375647,7.059822452750836,-4.90169807876132,-10.376804864544361,0.049949835900068074,2.1088590765956443,36.159376922707196,-3.31922008755568,2.646755438844105,3.2511133631813607,-22.856278917328748,-7.669701515934503,1.5958169487612617,-8.811123057701936,-1.1800210492788752,21.43474263083406
2,4.451789862659867,-1.5566735572887413,18.224582066101455,-2.493692099763078,7.720022355129746,6.816330858558772,-26.506005731841253,2.840728518239258,14.233747649489077,17.324799519994613,-8.651795846619176,12.387991069739748,11.613027727578928,3.8711052578641367,6.2281281920360545,0.6496064528249961,13.69469262051336,11.361400310949552,21.560988160513432,-24.601796812253795,-31.77810901012146,3.097542003464908,4.273202773138409,-14.959502694135065,9.602808972337328,-1.6532236088118726,-0.7777402434640373,0.9140063785981098,-2.3280713242437434,24.459854374652956
9,17.02575451902281,7.805775529887598,7.369488717240819,1.554517976873034,-12.044064879237283,8.556309054467164,-6.898868495846189,8.44483882787131,-12.63286436015865,3.2027252646871602,0.5886154019427212,-29.05881560442742,-1.8642874402320266,2.0663812110877955,20.929909714476498,15.19555943465265,4.519926897545975,8.800260073921756,-5.00911197981623,-3.078939527983212,6.904899740125549,3.4723271005653986,17.47678463005371,10.786480063167796,8.521811279945151,-0.8170536141095619,-25.035484660917703,21.42035158076076,-8.44736682393981,17.51346577685848
4,2.64175911398904,1.1765493808960727,-33.23622323447163,12.060899031608168,-6.065783237542621,5.63489769165521,5.1582248478484045,-1.1672528739426706,-4.418684198040351,-45.3435222465404,-0.7348799348963453,-1.1399949747310867,-7.79340558571051,-20.42052023578958,11.199792663497108,6.792031604481308,4.406141299905393,-5.713307152562813,-23.246273331528133,-9.624423632232537,-30.659936983531857,-4.130918206730404,18.451898969909163,-11.097427265512767,18.358075257872876,9.644813519299083,-0.9755407183060009,-14.63249304899488,13.68270674979308,-6.452304479832982
5,12.123891350074173,5.240429738853301,1.8842642851235503,1.8822751687179804,2.2771483051454497,-14.711597681157123,-6.96866943066113,-21.1595912001586,15.070716103942232,-0.8283792215188743,-4.368095775720482,-37.87953335526753,2.3406071425328787,2.6164604495644186,-7.0153570144031505,-9.955166655500397,-9.435626026424073,8.89603665457219,33.163629804403925,23.341094555215985,-0.5704031071062161,1.8960164512596456,-0.9256650530316074,9.946816097958957,-5.258842544953167,-0.4910732356034493,6.749249152556334,-0.07969466742460662,-2.9632789551693084,-4.101220629325388
6,6.00560702072624,4.869389660878903,3.3962046599513283,8.381142133377598,10.152558665321532,-18.963752325800712,3.2887433505675485,6.348127638478328,-23.65393631557208,-9.431669938631522,3.8330684163393065,0.6106031486411903,8.450592684851571,3.78308824998762,9.718687531240452,1.5607449522887815,-7.557637162669199,-6.643051703445861,-9.596564178554303,-52.65001991018609,6.303882232072035,20.10103903125212,-2.4144298969977473,3.3731073410838674,-5.604130210755924,0.9145182802301624,-14.103118981058245,6.111296448089945,1.136733413503885,6.836447220615715
10,-15.27295275753429,-5.6635891937559,-8.008162535247028,3.817891413803621,12.548360663610792,-25.264025844402262,-4.46613052883759,-14.693942733331676,14.901592648522927,-6.635441068243413,20.12895140128086,-1.8960743277161742,-10.47477360769377,-17.97504894752483,9.706631995559981,-3.6746631914470105,-3.313895754379144,4.592163449073743,1.9412870109226472,-15.428465294432192,13.066966310149118,1.0927502826909907,21.46903173192666,10.76819945524073,1.923716246679911,3.5365886235995365,4.322922312256055,3.5482296346707143,-12.439589565303985,27.726996780679407
1,-0.78460481745834,9.817713791249997,-18.0524803890695,-23.91062397055069,4.050097907038302,16.532243730405025,-23.31518747802896,-8.610386940758096,16.25562023969823,-3.7288323732542574,-24.147389332857166,3.6458387330994926,35.30600622500899,-3.327918441457121,-26.747988886522876,-27.929331607331665,-16.629300179211736,-8.919061637765601,-5.246152302614504,-29.638327879073323,7.094107019482917,-17.44067760814969,-1.4323080433519413,-2.5769535270738153,-4.1912853170605695,24.631626660552747,-20.016323511430524,-7.699920340839224,-8.445246055567008,-8.312251365804093
3,1.4720305032530976,15.68152760997072,-2.32330799165784,-3.821115614250537,11.66661241964554,-43.20473646151207,1.6320009821340022,13.03331276723002,-19.972988055925512,16.62507276723529,-3.378570998789349,11.548909901355437,-1.2013669788238794,11.47255182626098,-23.666151210653837,5.570810612437857,-3.9527438528770578,-12.824743844310484,1.5984482485394906,-1.992945330582893,-2.067490326548756,-14.951847663337507,5.1453938321980335,-0.7592168089421278,5.3090835950628845,-7.950545144327087,-18.081345550350537,2.5243191547710366,3.190371173732798,-17.395630156686337
10,-46.735181052206514,13.12617229820547,13.336405100200418,-0.7139738166617835,34.57217664878419,-13.025235147706494,-20.498923255402772,1.1810518869665523,-3.5148667805444465,-4.758028135791694,8.537724657842375,-13.448830333614511,-3.9456602048962304,-19.54250993654332,7.142557886394531,2.8232125078720385,-6.718555754673396,13.997513980169838,2.539648542850782,6.384924914565827,7.8221398999713685,3.4241892003846806,-9.94066061633974,27.968756767248614,-15.015626032162523,11.755983564766625,8.948934908892898,-16.74257312737755,29.588759652334357,13.312477189136514
1,-48.16238671175339,11.70608075087502,-32.684416226037975,-8.86990406986504,16.97547715232406,3.27420140463334,-13.364053841072872,1.539042032709684,-22.954173948135896,-10.205115513640399,-21.88638317546309,1.165437534020099,28.67408758183314,-1.9132378471441984,5.508511987532209,-13.276867146850696,2.1975118353876733,-4.014848506781978,-2.6556605136894715,9.870107002657829,-4.163082045972402,2.2725827575153548,20.497800819045146,-0.6500224742253704,0.5958989550431921,16.9667332139328,-11.561124402092316,3.690825534315655,0.15777291328401866,-10.095176110695828
1,-8.550804984348122,-3.2028055483459483,24.075643762586132,16.04170795291077,-17.018446071280046,3.340941563161584,-14.471407579365879,-0.47779588554887953,-7.4964143486718235,6.466977798536632,3.615216904689471,-9.359552705994115,0.05160650250488841,-13.545838892404301,-11.836146783318757,7.222729340973508,35.01003360788278,5.288365056285652,-1.6294423980143433,-25.540083262743863,12.761753845350338,-17.966519715129714,-19.376504316016817,2.467089585514459,3.6959391918426547,5.3175323366274965,-25.692266155321526,-36.20128978981193,-6.773449174847952,-18.6852947611101
5,2.184255115752607,-0.6297793565219159,-1.6850323051710008,-24.473992817658782,2.324147669109352,-42.1245214738482,2.2772852862614403,10.203758895716215,3.1623055165843836,-0.0089498759739719,8.058488417964728,-23.196839841655844,-12.898345952842911,0.6852644879055736,4.7700585349063855,13.630828458335563,27.01193667918321,-19.568728157410103,2.685900525517908,-2.637452386180047,0.8488533709460011,-7.124955666307254,-1.7686662648672962,-5.677344703919501,-9.324616315563658,-2.7605121055809985,2.3611619725076753,-3.7595724709880924,-0.755441892447285,23.504429662519954
6,2.7236774471056,-1.6736372211342194,5.055095227102156,4.122461913501841,-9.439860945987252,-0.7149920472680886,0.2851202697193887,-7.347918138632817,-3.2213467150079103,6.669031480123024,1.9977744204249464,-7.0673252648958975,-1.4134933163724648,5.82135227984698,-15.054647441274296,5.652304089720891,16.914804205641673,14.154073738407456,-4.968876830187751,-37.27860935272978,12.157386299591424,-5.779264510070994,6.675841189796387,6.79166016178554,-5.988515067600334,-5.329340569208895,6.057526446516595,3.296257179596288,3.8320710479727365,12.319079447770362
5,20.13653393158897,12.750790705583125,-0.21803854236012132,27.375619677629135,-3.9465429731621753,2.9143775428713337,1.5671740972678005,10.635264216565973,2.0234427593870468,-11.039439406565162,5.145094358602293,-16.122051087075697,1.818721264360986,0.012742811280078481,6.886290315126603,-8.57281094475814,-2.6680894210290864,11.414406311727095,-22.90573873075228,-3.596955754192289,3.369172047273928,7.984855579486265,-4.043634934724982,5.667115493650531,-5.738939751087893,1.4154571832576093,-3.8437732431127745,-6.9990689809006845,-5.153445942906233,21.374949766735554
3,10.327962031860563,-12.610316783348049,10.928501850829923,0.04420302158704051,15.092161957284752,-37.07529123558862,15.848238504811983,24.795931966912672,-4.627900534286593,9.794465581487636,-0.7913715468076783,13.567735589206446,-4.555219014409668,4.029051025116992,-2.5839218161272215,4.397740537020378,4.7493142563598925,-1.3779759229097746,-11.401631263161544,-5.898850587011657,3.6321165539554507,0.6444218178349428,-4.337650726577331,26.421368086400523,4.316281967785788,-14.723157400558808,-0.21814185121272264,2.499675847076359,-7.612990567122711,-18.879185717698576
8,-29.69186408917097,33.81140644666247,-28.383658715053315,-24.275499423019507,22.776148909700613,-5.323279258412627,10.360155106054,13.700254734535925,5.667478850391389,-3.8415901632255904,-22.202867134766667,-8.040618997214505,4.924725829875304,-0.008382481258649488,5.01835917058661,15.198688861915455,-1.3734649800915442,-20.493190851155223,2.964640201775368,-35.547934955902804,12.439246407630089,18.393467996173666,22.828954087136434,22.09106484232601,4.102956048741463,-14.365996453941026,25.144158480822405,1.036122750385818,19.400976551483453,37.753414050815
9,-2.127962535308185,-8.78076105595186,10.15109433194735,5.122684119784792,12.56775254143848,10.252640421459663,14.460197839385545,16.187851517933538,0.8342262147086023,-27.000465920176936,1.5505748616639576,-6.849502360042648,14.204599712207608,4.049586292535903,-32.886884542964594,15.146519855032297,-2.0067418428161305,30.941544488900377,-6.308138301537431,9.650057341286693,-22.216692292617278,-18.419271427112154,34.86417574413463,-19.04466568564018,-19.19110805277244,1.6741047598114094,-27.973500850217718,7.145432132447954,4.131566430596441,0.050579657696570024
10,-21.13004742885747,-3.760808862807017,4.319052306303023,22.15945776181493,1.7533610209825181,-15.036867622118411,1.300693502780914,-26.271260012671437,18.10489384025722,0.6502777396282173,6.400062036851224,-24.119548334734397,14.226762764958202,10.193098807798382,0.3761087797721805,1.538610061565607,22.42716025347281,-1.980088016704606,-35.61577562034632,-5.360502762025675,11.581563808897629,3.1558354722274577,4.01866177961372,-5.9596926406681465,11.723908602094347,-2.7997695477377387,-4.123703875732231,-4.121260407201543,-9.953107849763898,13.366498322828972
10,-28.128059850923094,10.068522428287947,4.481577930786712,7.963368803494105,8.23843423249033,-13.15829792158741,0.14262599475788668,-16.139209049244425,-2.60948073715641,-12.485587669289462,-1.0329621593845748,-16.989039292481138,7.901614812061625,-17.93202720553748,12.396270104221056,-3.472506561611533,9.171327635115698,9.376503716194726,6.658365399340475,-6.16573812631917,-10.017723472580657,-2.8354557311039477,11.487350951762458,15.572732452506326,19.562968033004005,4.043264309771303,2.871336134338687,-12.912527280392517,-15.763149017570843,18.165120425052297
9,2.5268318944187285,-17.81885181115546,6.929388703092272,1.7781584601453837,-13.896751029811849,-26.779483256610803,4.181764329655328,23.972221430285916,6.929775229178291,-4.529530829626363,-12.376950461473266,-20.750753572828494,2.248128726100693,-25.538025129586423,-5.9602399675237585,42.58345322980623,0.6229169821255542,23.110522450733747,-7.43203625354306,12.989040664776178,13.469739662563137,-5.630583279176673,-3.6462529910592925,-40.524721745369796,16.50869148374064,0.9017236315173409,-39.400112932102836,-8.222273717457215,0.12126124433813867,8.16871206196815
4,10.999787759955382,-16.447428848622305,-14.397816960640435,9.446213958803172,-0.16737044616997543,-15.56220617252707,24.363074715169038,-17.07349562142871,-0.3223313379292173,-24.379177474542843,-27.571536709253,-1.4813150527310555,1.5170484065915772,-5.33402000202528,-6.038753421076502,-9.292976053197606,0.06511997090531663,10.595907390381125,-20.435302125234504,3.326500596524162,12.94148942941922,3.1886051933645136,-6.297620269075616,-5.7138997102277775,-1.9801636983380195,-4.750122341162487,-2.0415975441929657,-4.414348380508767,-10.13971956297556,13.079629888862101
7,-8.262306051431864,11.916999028172015,-4.927744578220675,3.4544049481825887,-2.2470929758835068,-15.035038590935264,-3.467116712263931,6.850283253153775,-7.329918271947383,3.545931127562584,-16.249802506751426,-10.342297017869143,-11.626136179682677,-45.35289032268436,-3.380811366132049,7.606133992702001,10.113840544045193,13.440322944985875,-7.96898560255345,-3.183530154350116,0.7473798769841129,35.42787533659303,11.290178528617018,7.1577869056551275,-20.338440011290167,16.17647957177723,11.714260407331931,-6.039115240963493,-24.96837909029347,4.533494994546032
7,11.315821074587305,-14.527787664006675,-4.230977921902286,0.02676175331137598,26.008915912463053,-27.48650982622489,7.250195641293677,5.212347975020627,10.96003063540232,-12.303174788297342,0.09350896267155684,-7.797716063299389,-14.077191911756419,-28.695936742052787,0.6575638208790995,-5.889660866595063,-0.5574637720859004,12.101952582910368,21.62827782927643,5.0901992999157,-6.921027030312242,-2.978985726489689,11.227445983547367,-2.7066291060736605,0.7615200889205422,-1.9218195091225836,-5.284900857175229,8.31147716165681,5.686103163426364,4.051352481772505
1,4.332172736366779,7.250817299256555,-13.523143667314248,38.399213388159346,-32.68975380491918,-30.945930017126766,0.74668101539373,-3.657174012010625,-3.958971867617011,-4.25382512396027,-28.853738800820544,17.724170603633937,-29.571947475827102,-2.1366212729594896,0.43030866190418493,9.437918506511298,-45.13733916299741,0.14525791651015396,-6.235798929029834,14.411305114353384,-16.68595452078993,1.506306392120671,16.08026220785133,-4.713221431961003,-5.7722748972383675,-10.122660164576267,-4.921643788861579,-34.10245161181113,-10.659605193463399,-24.32077096624304
3,-10.677451238376662,-11.736383214867972,-5.904379390597216,-4.053328009775711,7.309152160730638,-17.77007212479632,2.289669942642379,-15.55144505896248,-7.230697499776436,-1.408681089207137,-1.071420418971684,4.597421727828011,-4.12020192845439,1.2964122692550806,10.391347578700843,-0.3845687553528647,1.581309638539801,-4.057585484973531,-3.9847471560009913,-5.847584501434392,2.1244569905026696,-15.69598845144125,-2.9954666750599745,12.656918349169898,10.845904636124166,14.331518571842848,-12.831324452816139,-0.1907235833287041,12.479635512194095,-11.920041303247075
3,10.951784921921314,-4.3087751850985,3.804982656419856,0.2408945490630477,15.284642035275615,-39.18509579326557,-6.369113905897573,1.1183679370465331,4.823685724546803,1.5751775333979707,1.8237453568903543,10.283399033736927,-5.395122774764488,-6.30006494033633,5.93309732132509,-0.4797317779718101,-5.072469052538627,-18.032915102853188,-6.6211615106629935,2.8549841327718353,-5.702018595682655,0.7814254244841126,5.000149029747601,-2.2103624334850354,-0.3061865177545409,-19.29161753749177,-8.312758452551723,-0.5754494283484695,0.44074485012142994,-0.8867143180124151
10,-25.230863828623527,6.16521427580748,12.420693298820368,-11.26935864904347,2.492275365200326,-24.14239403421096,-0.5769166992724718,13.293567734911466,5.618525782365326,-4.1850526372112915,16.644139044467515,0.27880817382715595,6.463548904692763,-11.146311601830181,9.794739569709641,-9.789362137059195,-8.247482719180589,17.825685997617402,14.096464092489954,7.926863222492475,5.59832854242005,-6.94594250753814,10.036542049447718,20.811632527919073,1.5856592896912969,4.248093078028006,-12.2367950443146,12.773787736281765,-1.568507320246689,-2.8495176533396425
5,8.233850516769543,4.745906937112365,0.02612524520823012,0.9161933151141656,3.2957450166258573,-11.358247482238669,11.596271755208031,12.742220635335377,7.413734206155701,-7.87986352668945,-1.9291534911439268,-30.85081009553525,-0.5429306938265109,1.683432218283401,-0.36606979682014673,21.102228494968333,7.4391579100708505,5.352550803496943,14.528884262491587,-2.8027846093896605,-4.700922950760544,-0.879919885958464,21.642845589354536,-10.3181924024275,33.2887576328607,13.101249029172152,-7.2616943500819096,-10.408114393954262,2.451225809791582,-27.203161188293265
10,-12.242767156711906,22.41934900474953,1.365210130512281,-12.991754015554012,-1.7759845923938635,-12.444458521157395,6.844095749288671,-31.252896127039655,20.35013431802335,-10.261773882364864,3.724527236958963,-5.098461677459177,-1.8759100146932606,15.774521913775612,3.1380564926086514,18.723777517526425,-8.836404752076943,8.63699851832959,25.415821186183315,-14.062457780592846,0.27561111777115854,14.015123730177157,1.4352232955875377,1.0599582047974034,-2.9504369307836473,-0.9603440568424935,-6.6774004748557685,46.77274934509024,-16.04380723922854,-1.8926130854644754
7,1.5312088995971125,2.7124475030539963,1.661882356553702,9.45790284691447,-8.632533809779183,-12.172747122397862,-17.96349613607508,1.104740417989789,4.198032040248578,-8.853570825188648,2.7276912211012525,12.35461500910806,-0.2005927627623577,-36.96119143613366,12.778770132673644,7.40777768590703,10.932639003687283,2.8049999838977135,-5.488551045783428,5.911725798402981,2.4164437589238457,-5.635202961419688,4.715880719003701,14.547239260187899,1.2068196563746283,-5.500117763383224,8.946871773995378,4.6810008984391125,4.641125039571573,11.598503289409496
2,-3.2935248354787117,3.9328373250311808,3.1520871538742252,-29.155859536852436,3.502838495994124,8.384171236166315,13.040265534942312,0.7807783964068178,9.409091782185392,6.600651131706689,10.050010764711612,0.8820508742119397,2.554405958501672,9.795522290809451,-2.3169440614592425,-0.8625984930748216,7.897847505298573,-2.5232586076531898,-9.325273497373393,19.56171513144384,31.54266218137087,9.306925745312036,5.379148935200833,1.7971074258082969,19.83420302274571,2.634091251805277,-12.541164116359214,16.06005946246507,22.28702999032258,23.140206485998704
9,4.548441766195062,-2.9900755525537233,-7.404665410697117,-0.007570130878503889,11.117685483250309,-2.9187223191160427,8.360676897006684,-21.97522524500635,-7.43620348894821,2.472368264767491,-2.4984464488428273,23.073872993974593,16.31238745883103,13.302994257213353,-2.9059774880159117,-10.296032741353555,2.8908107371506118,28.06276022563237,1.380619591205952,-11.561756708772988,-13.863357235051463,11.805561489253634,-25.074329929125266,-2.542144569838632,42.59200067142733,0.45323777408485155,-34.35639732713273,29.75746241447642,5.475687434097039,6.006218366146646
6,3.0274024485489788,15.333916462371358,-1.8528634802814195,-13.81011862806532,-32.9933999518373,-17.518870077835615,-4.8879413660628614,2.0292250757712695,4.244231448983662,9.090218588600957,-1.2690647269190345,-5.965531758043496,-3.1841833667913537,11.633230073121256,20.27840121942255,-1.5995478478023508,30.800220181118508,7.9221019572024645,-2.768393178186335,-20.82696592397892,7.062105593341962,4.930397271144903,7.039004331990974,-13.420192768368437,20.878635675905475,-3.379072466424958,3.9464779247353485,-0.818373371577878,-5.478113529897711,2.6427024096575753
2,9.699401068329825,-2.725020049041104,8.731454304111994,18.339755302434547,-1.228240875627213,-2.506044484193013,-3.231910098750521,5.307609878357105,6.575831880431088,0.804059576958293,15.62535320205491,-4.900766039533406,1.9165074761507774,35.25432538428072,20.791638804690457,2.639950741602821,15.786051996774255,24.968936018421527,28.64536600942715,12.641911407422025,4.710037488913231,5.303137829246197,-27.23541936471482,-1.6152154751658268,-9.914288885575406,-3.076766574255183,1.2605413552450675,11.506578205741242,-4.040040813926908,-14.39794221704343
6,2.18026031831147,-21.654651676506557,-5.0879850876103925,-9.359881238881533,15.611008139844897,-13.977115384365188,-10.377221732402841,2.729033640043454,-10.220231898187325,-24.413761104267383,3.9694968804392565,15.45608756677273,3.435617262751437,-5.14897858075712,4.088954861207798,9.301193822156238,19.34257940942602,-23.259599503645198,15.853146344994363,-56.061707276721755,-2.298830517936396,5.823664072784007,10.434660988845556,-19.19012566003538,-16.405903955239328,11.445186562805572,14.062368630765684,-0.34357884676952377,5.58742348008274,5.873696328596777
4,2.8301979052342054,13.901022649990821,4.991257831729672,10.521633435455385,-5.390971125784501,-11.09215333580872,-4.381496367741325,4.930254947992565,-5.951374309001995,-65.11947660543615,-2.783885876949829,-26.890161917634636,0.3655804705047239,-8.202282554269209,1.840134221608111,0.3620747253466705,-12.189004261743115,-10.39727065556636,20.319539482434788,2.860391705054118,4.827995577891426,24.807661661511503,3.3220873910380884,5.034333426098892,-8.916083594640247,-7.476832423299473,-3.941491843227539,8.14796315510551,-33.92821559470556,-0.2594569196006442
10,-52.157567152964674,20.33169185667449,-5.311115775364193,16.815342957917597,3.8316016734322615,3.5509777885204414,-25.097043890266466,3.2184902188112585,-8.345386671314415,-10.092445272133565,-2.75198433358641,-3.8007188795999394,-4.27530280701694,3.7956757558774727,2.739612903637205,-16.44959565127891,25.1534927202382,15.67538956569706,10.114441962928154,-6.693161018899216,13.012129211275708,0.9821214569691122,10.175511436344298,20.707696976886623,-28.053186546461326,7.1854397852506136,7.6207212062025445,19.413654760554213,2.531982922008217,13.35834372865536
1,-20.506412827206105,24.20780032023144,-2.900886813059778,-2.5872548363386922,2.7671866293962273,-17.54917603307496,-26.516180231681375,4.697321498774493,-31.300233492362565,-10.921951421029387,-7.892076061581777,-21.99601720858648,9.23144860633643,7.634856543483573,15.88861504744967,21.2481661580182,-0.8863297026068135,7.053287949053155,-3.4308113048460536,1.5195571448571723,10.279630790880105,-13.196227500331686,11.934262019819128,-7.967937969595764,-5.766768004163664,10.200124087353224,4.139106400824449,0.5871832787785314,-2.572813933723859,-3.0603559921927705
1,-31.81338865772803,5.758563366794877,-31.864112306018484,22.782673355645485,-1.6863895112505913,-0.4234610607804322,21.79161360489364,3.257814818170429,5.004677687812244,1.8335941402170883,8.40001548874973,6.297242161588247,-17.46854145429464,0.7549255518063154,-21.537247174003728,3.8758028416424595,-33.37981784879521,-36.044015290700344,0.7528212297073624,-22.786388439381398,4.947403246739813,4.827571857450415,7.338918190963396,6.023322882459595,-3.0548027102264097,-26.66918976713722,0.7346031525646295,-60.421154013794315,1.8049156715653698,11.280293026470035
7,-1.2881523327236084,-5.485416592135364,7.985003913824765,-8.796061092872018,9.044104150952279,-0.06631325637268404,-0.17889315426656505,5.320014278180603,-3.802613295478209,-7.397867732706511,1.6756274367694437,6.276595839841864,-8.475684340227588,-40.74577440359199,-9.0053554393499,6.8823437122717985,-9.841053849272454,43.461443907950155,6.331213222106593,-12.3003891969698,-10.262450149186414,14.48973220559617,-17.728303092373316,-2.1905738849601883,19.391978502343918,2.804348528653394,1.8873037857682717,-0.07819397098359016,6.381176563302591,-9.884716470010872
3,16.06738704941427,3.072938570521358,13.616922162770791,0.9500503183224519,-7.741197611003764,-35.69156887739352,-14.934469971674966,0.6737916317394432,-3.8011757211645127,0.7528466312299062,-1.6607338374924805,-1.8369978467251893,16.55452054159892,0.7906032680570269,0.10372149808269598,13.290113073037215,4.527262461470309,3.8348111568789283,-2.5079011049300566,0.23389967084549804,7.619877564415664,-3.970164227406871,-0.5526646106253679,-23.925943847303735,-0.20648870737089614,-6.251922851443377,-21.957672992200035,-8.751374803351732,1.5883758180235323,-10.780958326436263
7,8.993939559805105,11.529477547619075,4.014993900690823,-5.410023101147386,-30.30108744024147,-12.414587574234117,-1.5593534091396775,-4.814113679120785,-1.1773423190088554,-5.810591577432367,17.368809885544756,-15.2207744515918,5.033245010645951,-39.105635758656554,-13.230627282275899,-0.8342287043379564,20.578044043379165,-19.66552794001961,5.204818782584597,-23.494249987901256,-2.5551080453438226,8.35840388809592,28.994014513813696,-15.552379493895096,-12.080140146024679,-9.418607444581749,5.329992563200626,1.0098435981737524,6.058152670976321,8.513226871362981
3,6.307643995433221,6.709919241054785,-6.43362867150278,-13.169034856534378,-6.903458130409783,-31.412630340882927,1.4572582741328821,-0.8804135135370466,0.7861965070781958,13.281932672354838,1.3592855688039391,-4.422446063966122,5.241740238041518,0.2662841779883286,-7.918778667738058,12.090740253791791,11.256951237233118,-0.00352073567656519,-0.2589387392250989,-1.1651648579496838,-3.268162789405184,-2.786491801264885,4.337213023248955,1.7332588509819522,-0.7543968779797547,3.688627241199554,-14.19563006099883,-7.700489322891823,-15.551185952208328,5.649048662248916
9,-13.95411126438253,-8.0372811624796,-15.591618074687336,3.6039748413306016,20.41413095623472,-15.581912514298622,-6.542039594687624,16.805409323168114,14.725912460509655,-23.43008185810063,-7.8259934521400485,-20.816403369748414,-8.773360633062879,5.643513437806249,10.15425046360565,-19.95012132255745,0.7028375724999754,36.88425177906095,6.0569695973945405,12.626082073453256,33.62743735924411,-12.125196485370806,18.063787223571605,49.18623653866955,-4.5903265393963535,0.690117677333848,-35.733753468528825,1.379632005799865,-4.224701342469119,-14.633115187617355
8,-6.82488882156982,14.090585243932741,19.12194696071797,-3.2365386655428146,11.419550506922935,-25.842545720508934,-7.743548945307994,-8.588212971524772,-14.300603277273492,-13.225061527942753,-38.96999926791789,-1.0159260040339495,4.965629196220667,-4.760510606710836,3.022800493083204,18.649992135334994,12.49578400150035,-18.09850084378091,-8.89382309538488,1.3548429886529219,-38.864237091804725,-1.9886836515684543,-4.153777510101206,-20.217131130476485,-7.65693971985045,21.829395223430858,-3.35482747537122,-29.267900399922613,16.473480762995948,16.511904470342365
3,1.5884585019662527,0.9919118164841656,13.124621824161261,-4.456753478164651,-3.2236835663875514,-45.26592858392842,5.393098417198578,-8.177659815478489,0.6857959454372726,-6.125879787078101,-1.991284261802931,-14.080487121077862,5.9949618010820505,8.313339000271235,-4.29993079618479,2.4230626159934525,1.955941232198476,5.731368208081207,-10.537737792854767,-1.472986421958697,14.935490547135254,2.3804884553885626,-6.152893171421091,-10.61696463690989,-1.3006931012394511,-1.1073175554390478,-29.527805771536663,1.6961967782086966,-1.6939043702634162,-4.054962880528809
1,-9.76940125595158,-1.5672154530978162,-20.666680164317942,-17.717325720142167,-19.31357258993831,-15.81306336027205,-10.477569286443492,8.944647416781251,-13.140153275672038,-2.7153162510207967,12.58819023339175,0.8720534792167012,-28.016256062477485,-0.5777634632348265,-6.2326870893529485,-21.052779089248357,1.9213611942819204,-2.2401671435036996,-6.848441782129448,13.88189449432816,-13.235481300697082,22.639211098999645,10.619841238851667,-16.0460789312824,-8.380995593527434,-15.931163265230296,8.893192272655105,19.748168525531085,-1.787635808844842,-16.711314416608072
8,14.351541768515496,0.8791796676851495,-1.219916939892829,9.981036735531971,-24.686521554643647,-10.4252916507204,8.23808753373611,-4.777418971531786,2.456494184548443,-17.17367599887606,-26.553579374013083,-5.708187397443174,-3.776346836331755,-31.632381190127465,31.95640346523389,5.726624710856176,3.254344808094332,15.839613763159864,7.60128020570358,-15.361919821375693,14.43525364834977,6.59003990733126,-3.9555673826838054,-2.8359295955599917,9.41993351774276,9.923267259040937,9.36319440946895,-14.954864374861586,10.012613058983142,13.103109449447906
2,15.228444375363047,0.17218485648021842,-4.005623722717096,-8.250911916788553,8.512616266864825,1.1609536364340878,-12.579631256303546,5.136515381325274,-18.439530058193895,26.68202926889793,5.560066382456129,34.10228683990266,2.583008773286886,25.135719677084143,10.551626480626194,3.0458723894572026,-0.6025862596544149,19.052801768417016,-14.466285748692497,6.474370013668226,-16.26571123527813,14.282015689134866,-12.527496072042402,6.378022176741466,18.796080371292046,3.2849768750772426,4.194427671257943,3.916663127239223,-2.8137137388820657,19.125345646079005
4,40.31570578293185,-6.660205895269057,4.71010395652386,18.37041344512476,-6.092254139242355,-14.05011680763543,-2.855997582489078,6.477406321383339,-5.194427471131414,-43.240861870457266,-6.40109237264901,-8.758906877294947,-7.587944644475007,-27.189423070385917,-20.90708282799016,-2.4262080489283466,-9.077940783466197,6.631993243965851,-5.099257958466412,-4.2960994507977155,-11.712787266348455,14.999045785844938,-2.516466799309006,11.728629681720111,-0.663784790796316,-5.931044472749495,9.959555758787436,-8.899096810239323,19.27954482136595,-12.089076770101613
1,-29.47325437678081,7.525108901335239,20.659178443023432,-24.83891285441085,0.10860780963975714,8.093444666814738,-9.599153139540674,-2.837385390866194,-8.000538181142337,13.565403734981787,-19.822693727363607,16.435055389231106,-2.9523838024976508,-5.975024099401411,-8.500387397271286,-0.907402298178853,-38.78849174692958,11.96948444351756,-5.20752542228093,-15.824291402071344,13.920620754837632,-3.3586607180323043,-19.549269237267335,4.382450649458368,-4.88810857135317,-15.369203610317665,-18.153230525963362,-9.311963325253247,0.5512330954352582,-0.1411349251410181
10,-32.2013020429736,5.728388619902535,4.335936869646584,3.1474248527534936,10.760294408352555,-36.26299929387655,11.76855018048454,-0.5810889914755282,2.7908728107741676,-9.594725570380222,-1.6779770296363519,-18.167018226280646,-3.004920672441616,1.7707583462266516,11.552437085604309,-1.0726826615363332,8.24278723542966,-0.6657697162243359,3.9238204526720515,-5.865369554620302,13.436556429145451,6.8598219132513005,-1.1884098848223448,20.817851336402548,7.560997276655177,18.305807446920262,9.686201800078772,5.627084335188689,12.413465286512537,-14.691657498839948
2,5.733647711404489,5.473303400784527,14.546727899375288,1.4794822459992836,1.822421378944136,3.408261992485122,11.446296665293437,2.5238466418785586,24.888008899914915,-6.495953564353021,31.92403682933905,7.89151454511339,7.2467673616873896,4.342949358085361,9.09597347744447,8.614331485544227,8.178585600007255,-7.214480193400496,14.47583084511227,-13.141715424376551,13.989819501263469,0.1737945721167975,-2.1682915767498683,-29.724908773226403,4.260636277159651,21.06532712698212,6.761310201738931,2.3251537026322104,8.585817123851399,-20.574721850647556
10,-36.167303647384344,15.908980968085947,12.175856542132125,8.344647011223126,8.91516632548332,-6.7104705820805535,-19.877918456066766,-21.258195195927577,7.8231170688576785,-9.517460256122215,-0.9887500763531883,-20.476317558244546,-8.938440453447797,9.912617431675027,1.146560842805442,-2.574472981866633,-10.00975236779735,3.1662155835619394,-11.940926714400558,-3.599659686379056,6.557633736161312,9.206326196884095,5.902135827019224,-7.413582464662079,-4.00429560357819,5.942395387658812,4.165692926091173,1.8648786253124305,2.1335816225619695,14.154302871144989
10,-6.33088720351445,0.86630536990416,5.873025694182982,17.220294334723675,7.3634985070093695,3.232223674685791,-1.8040365295514453,6.913023787686434,-44.10814231672741,5.938874608986284,-4.954369994267537,6.166873670272384,-12.968356011844595,-1.526553447567877,-1.5102493918012456,-2.711695829061559,-12.056378452457194,8.676506924104245,2.049907468862884,1.9863423129244344,12.638369231065777,-3.7922780342320888,3.151707705304864,8.502454913940923,-13.119055372820299,9.879668131779342,14.397609604647807,-12.967063027253218,-9.717882452214871,10.764852348944341
1,-14.899533778889477,-13.288336931717417,-15.769744550796743,12.78877287336396,-18.589910415523914,-9.177557569215207,-14.685233965828859,-9.515895288178058,0.11164405681644318,-8.966310337562886,6.929669325915506,25.393289351457582,-6.299095596402225,-5.223052498155183,-6.758603497243389,11.097692595173493,-19.240264153244986,0.5049338806123487,-3.094518930271509,15.186906368723347,0.0102798769787249,-15.265431758158366,15.29690226589001,13.47028512874666,-4.097371876053904,14.884996592020656,15.963661358317982,-17.118412991607364,-3.228727379033547,2.1817924770266988
7,-1.673172966678103,5.459237632058568,-1.856220884460594,-0.4737521342846993,-4.705759605059193,1.883647247831851,-0.09003433065137034,2.203536715985928,-7.119918455154208,-8.509076015406258,11.1235381944818,-11.795681079937022,-32.05273701557881,-33.57910388104057,4.729804047560211,-0.938929908609452,7.469047013159231,-15.810488024693951,4.312214177215596,-29.88532727686304,20.440911046454794,-7.988321430564607,7.092801180167418,-5.66473005435728,6.800094279075284,5.256805348517162,-10.978890082228101,-3.7502844343869777,27.9656292187686,11.765101595040418
7,5.696389275931132,11.208758446212913,6.0066377336238395,-3.3778007147826843,-5.5021284879967585,-21.60654972257658,-32.281732060809574,9.784601522613281,3.1861904578975864,-3.223261420963804,11.100449796523979,-15.905489077852094,4.184591123162251,-46.17913746480958,17.86806862044357,4.898530419818676,7.070633523649859,34.319191734835805,-2.4930259183692343,3.081308013797071,-5.4989175425277725,-28.656313772650087,20.844382350349395,-8.244294990942862,-2.5963464922516337,-8.767665700857231,-5.2187522493234475,14.596655400135683,4.954491708479071,1.6346697289335808
9,12.978614038438769,9.99005509457099,10.232112082778297,2.097441973878129,-29.26080307296577,-24.60723809953053,-12.20977054768847,-0.36304018467529264,-10.021444395163819,2.8835047782127816,8.068087595150196,0.6474212779120982,-3.55036388497635,-2.935004370853758,-1.374604924789344,-8.307120583241193,2.177821796155048,7.020423890190704,-5.83961839818253,11.639304299663182,29.349440852351986,-5.243520751109731,-14.10306977815264,8.169370696360863,-5.089895677931254,-1.499736882163685,-61.381680618999525,-13.581619168146256,0.2500144479858065,3.3806874784529715
1,-16.853511458313697,6.429859294582686,16.845786761701074,-0.0675305270398292,1.4749977677098407,-16.489652660894443,-10.445094127816684,-0.23755340407893488,-22.360695682939678,2.6068164480238143,7.291227966195469,-14.712219280915143,-10.88967689172416,-14.42349833465018,8.333705279269411,-12.457433037898717,-32.88865629394584,-9.205943998865319,-5.938098924093877,-32.512983352150464,6.7017100381278665,2.317887818046208,30.441204256489712,2.4107493407193576,-5.62216477239352,34.66363714766608,-20.690720958835875,-9.472615937906735,0.33947144112234584,3.475393308846625
6,3.204706981070954,-4.742722575185932,7.103407283061874,6.26076648757383,13.838883014983287,-31.012690612264482,22.21923190350955,11.599445638335709,0.844238128498124,-6.369348371300552,1.784407150729059,-23.19802405877148,4.023240517735896,-11.835073424790275,0.23213100693863997,6.993237700565185,-12.746844660466424,23.536119010271342,5.947182724542069,-54.060995364519414,-10.899292012238458,8.320389624510806,5.766688087967304,-6.660410537690734,4.435468806569828,5.829931492023835,-1.7440873471879597,-10.095539528615415,13.745812099312374,-6.8281089080706145
7,5.600694780121934,4.314923383174445,3.551044028238966,7.865549430646994,5.142545522713549,-22.987032166291367,1.0740448363808401,-1.7179610504602136,10.644071082027112,-2.7258940197338912,-13.504325454671214,9.752357534362933,0.1362563523304452,-24.146917234090857,-2.535290691908164,15.254973579051494,-6.956720121190562,-16.031991740065887,8.565384720478143,5.354050672391744,4.015160530281232,-7.693052413698064,0.05074271320216793,-12.754409505356266,7.415234824797768,-11.66703560981982,3.7422355175337674,10.959543785819584,-3.130073443327994,10.413051583445988
10,-36.357990341350366,-18.471068120765608,3.2480690959250693,8.513796291666392,-8.45820059485715,6.82861698280405,-6.98004004414126,4.197764179459316,-2.9998085436495794,0.7795036857228119,11.99540957688545,6.893905850056768,-1.9159547382591757,-12.574614663362084,-1.089599888033077,-0.10779545859229733,12.246357676539105,3.5987322531261716,10.800575017974921,7.216078699027939,-0.8239566447763201,-1.3735509518601399,-11.439134457580005,2.9149267253800066,1.197326716001799,6.53641808473847,7.454261885233679,-1.2876543644069565,-18.016992665749566,11.710292887296006
10,-30.351243054560747,9.725325128542735,9.677761939562638,3.6854561291854524,-8.103667147310897,-7.5591277954474165,-6.7373538426025075,-32.789509859441274,-14.867588353762944,-18.38602983067958,-0.8713225911654906,-7.863496031641187,-9.092651045556709,2.2551959286648326,8.463836062945909,-8.238758152674148,14.391745122771733,7.930282754026455,-22.275270406126065,-6.90755784024101,2.224978492770095,10.922678893897016,1.8397035360211393,0.6593028513101341,6.5742225740602755,14.995016626528034,-10.381067974900954,-7.9975424011440825,13.215640844840038,-4.267738706372089
8,-20.774075953831197,9.05995774762751,-7.640288826936975,4.109907700706737,39.232798516798574,0.7071604080491696,-23.0659067778877,8.268474877704568,-4.569664154066748,-24.240944489429577,-49.214807389285326,-0.9224049986275853,6.477294702786714,25.31854371168364,10.992917337991472,1.2938431871226956,24.292112266579156,7.805118430866214,-18.135874967382854,19.464001305349736,14.603730064067111,1.4393221478362843,-8.454935290317612,-16.98569713625195,7.706075611688047,-19.06958231818171,17.73296936097396,-4.912396718145661,22.029107121537145,7.941299942801231
9,29.213697777301395,2.3731994568305863,4.201567852716708,4.150732824191766,-0.024986003347896357,9.019011745607752,-16.218368692963217,25.201070605335953,16.42464738497677,-4.973843852578117,-1.7127206886703492,-1.562969748107764,0.9179195499015105,3.460878775455265,5.3647665546289875,8.03414538182437,-2.1730300614885776,18.3020562276476,10.495313053759036,-18.674654611326034,-12.841565312117307,24.274484898025083,5.18048001583588,27.389360118126707,-1.0761825497233826,-1.1920485698199468,-38.10265913366776,-5.464223343974398,9.97099708626477,-23.164353193855078
10,-44.178754946695975,-0.22776560205132224,16.057171911110608,-7.335331272449542,-3.8724700156548244,-11.789143730507696,-2.6274711978095184,-7.623285140462482,7.9191597226676,-13.288475810535854,10.373253812704455,-5.900946234561968,6.087169423888335,-21.293349073334337,6.583104924948624,-2.07731639287466,16.19889026989574,0.11840960809723877,-15.957263650622352,-4.562694838012482,-13.49509654245429,5.462658725262161,-16.804239903515832,-10.244889744580886,9.4965488902868,6.856903599449826,6.912704208504726,-8.821430747204486,4.1801086258972,21.550616156026084
1,-9.766328086163355,3.72709584234054,-25.34082967673073,19.502930059771597,-26.752167692042853,20.20709716664379,4.108499877392594,-5.830578047123808,-12.285473811824554,-16.46607813213241,-20.14749075059794,1.4877506411662775,-6.382590492830098,-2.5608030306806966,3.333266665501071,-10.863353986219266,-11.775531944285632,26.286724918468394,-6.710996382478754,3.321819010217679,-10.273865235502548,0.3858708885074389,2.5300476583571427,8.976940881553762,-12.126418701273938,5.972289608209381,11.122448865732359,-8.706931848769505,-0.053886927056773004,19.38102235091482
5,11.269820264815499,17.314706286002636,17.319403232884792,8.364295882345651,-1.3475871208500507,-19.056947372030233,3.8231423098034014,-1.99481813936351,-3.0584470386573566,-23.430919504303468,-0.8828431208411112,-58.65562411326682,-10.66732238092479,-2.9074651276197914,-2.263679314894248,7.236326535387661,5.804093582575507,9.322027351077567,13.524511530846326,2.7031023086957564,2.6201590181004693,-1.3262145153429128,-4.2965605340891235,-8.606508998728245,-6.207539837170966,2.6994017897746954,-1.8738127430206382,7.538579800239658,-8.335584554316577,20.12711194675147
3,12.876035561469168,9.749131954277852,-19.474113833643738,-8.207853888227996,2.0704276606660432,-24.176418445103785,6.450104737858493,-27.08154765651454,3.3632551618469835,-0.8908228332114849,-0.5244142148886988,-6.154445457629002,9.860504542223811,7.4643551149048335,-9.098496480791152,0.8011524354764928,1.685356637728813,8.423819442120934,1.5720430201611955,-0.8481890747818016,10.632718637575744,10.252753971029875,-6.162321473468461,5.524653910345743,4.484914768839522,1.5711760149459402,-2.739347850157119,-3.1837501626617355,22.97400593202434,-0.28448927565481164
10,-36.256606349763246,-8.221772941461028,2.501818780612128,-19.952191476735035,3.662851099849056,-8.106390636348678,8.100676386589313,13.239092750765462,-3.6287418579859656,-0.3779109808756278,1.8123477601939495,-11.513138217656124,12.803917960512093,-24.820903764063043,6.1426063712091,12.412394312680401,-9.003965768464665,23.157530711716483,12.556129850593942,2.48399475492603,13.888123562175434,10.285086917845657,-7.899380683581165,17.80909976576279,2.302422189360602,4.274018640363426,-4.711184836442344,2.0875180486406313,-6.322400701195024,-0.6686905110512136
9,12.40740311621676,-2.8996460814682403,-7.164904878173705,-0.8514992080419508,13.406743898160904,-6.02741635392402,25.183941312039384,0.7754889282852675,5.3374518324112294,-4.232162476274296,-8.93609715119948,-0.020057077939620527,-28.4429440250628,-45.62361749513431,17.58641456438712,-9.472520187146698,-1.3626666962886902,14.74041036066308,15.299012941845248,3.6975019974857304,11.149180592860898,6.580218632405035,-12.170838962432304,-3.558038087132851,1.7326939831857227,-3.18584563074804,-38.08270161277438,-16.404561801717886,5.058653826378685,14.83944764213125
7,16.147980635993232,-5.859153806149133,4.590914083537334,-6.140229846374567,-28.06096061568276,-16.40573503481583,-13.558008825632085,3.1438228796960024,3.49118177123797,-15.584483774713144,16.88944127089971,-14.40080864583139,-14.445303498348517,-12.395342830672906,-13.533758477295178,1.4273555770282016,10.986256247796724,15.272745459842874,-21.577593357127125,15.589866868901208,3.02938978268603,17.092311159271844,-14.18169629935524,0.35288538104406975,-8.529617828145799,-3.597175454316858,-10.535112893113535,-11.24963880097225,6.606937206697421,14.093166234290019
4,10.844470861093408,21.76640606266433,13.377708039584212,11.268214508606778,5.905665959933972,-26.785723834551725,-4.529829764592098,11.32764645254875,19.415063809191757,-28.562951828248472,-0.5496245321871358,7.176183818314564,-9.842625214854731,7.2700950298822775,0.2550919942386053,-2.7559763112069104,11.91524637773982,-9.848052201908537,-5.209220632382863,-0.8258783802244138,-7.123476326519825,-10.10821329095458,-9.71227642939223,5.017631633176568,20.60313796344378,-15.88608572610101,18.425722721032294,12.53865557255147,11.880088890947773,-23.34086962000015
7,5.689976560932021,-9.20120562792569,2.7770381540071396,0.7394960398266212,0.06680222476432007,3.6381162472143718,31.256699066935877,0.3220559642842531,-0.20520378144026763,-4.997011002866875,10.745176773784301,-8.49175937373737,10.674662855300745,-27.914808916895645,13.973607147958212,-7.558185895680999,11.66358056584897,-12.591811354593297,-1.80800514418209,-18.848734430617416,5.294576500140806,5.086622156884097,0.10403248334631264,4.739144914634901,-10.642920989392765,-7.481156851484531,1.8608599031734785,-15.168077706948417,2.159636864380406,-13.59132760814473
7,-3.4119381254536894,-1.3349938323438737,-5.765573698447546,1.1021440489189054,13.618746545104607,-32.34840545659662,-16.592531289812516,6.06358923286841,14.82182979769397,-16.215073161830617,0.42241971520443755,-22.275597365423074,-22.950892365031407,-58.28105790341657,10.671459233068688,-3.368005244878744,-14.510819085219405,5.25072523578531,-10.023076215309164,-20.18057695423523,-9.8489672978612,-6.0282243155506485,-6.043753091691202,-31.943905696868743,-12.794911793503871,-10.752820761328945,2.259028605566516,2.3452933257995796,4.487123247133889,24.68786919548908
7,18.255308234147137,-4.855490365658004,-3.518826750392391,-1.9625673800023689,-21.92753197655525,-2.753822800126118,22.199183103705085,0.6448957914385794,0.11080622810644325,-12.361452618329466,-0.17682925318068943,-10.557959861577121,8.856616132703476,-39.22051932354844,25.93850765866427,9.74586238536294,6.156966225485679,-8.292603708292221,12.804304049243918,5.258806369431695,-9.521753701507771,5.219400797348451,-10.876067511763209,9.762627231719893,1.9395852858126221,-0.14931616118814217,-8.704653563125392,-1.2100979334215682,2.369530045068865,10.28677986272193
5,-15.603013862267485,-4.652791607684194,0.5088157163151172,-2.7414826298113937,4.474845063929223,10.441479100239464,-8.430104913548293,12.350520823364347,1.78609495649994,-3.5956387705576063,7.3318541565013255,-27.840772149931176,0.8369373275017524,7.61629020276092,-2.7387397057756444,6.296427523470181,-22.352617842378034,8.666184775258175,3.622726747143505,0.92236358501239,3.1010655359750987,-4.238278498996295,5.825686968644604,-1.966904948269734,-8.58237979837597,1.3006576034994999,1.2628325588838956,7.127175463734942,7.7269438164715645,7.8268609497069335
7,9.156111665240545,4.4930622057768295,-1.3436667565570573,8.785800315271567,-2.9942649805246058,-23.873188558616974,-18.706876560948437,2.7449757100496868,-3.722486503336812,-3.1763516464141928,11.870367087092397,-13.597006564394878,-8.531224151992628,-52.281545356166774,4.986798790841831,7.808233234593354,6.912630194179252,-15.613779029426743,7.537552754015937,-29.314013619102806,-18.72194294734053,14.296189814297845,19.874782913065218,5.7553621217472415,10.423075762374662,-4.691601857614269,-15.244426468602153,3.0838390224330325,-2.6974074657438774,6.972440317091445
6,8.89461331166374,-1.4848500015424535,-0.6002504769238661,-0.09829315276459327,-15.233817250231773,-5.168592401410251,12.254617948429186,-9.703270554022149,-14.412074592898483,-4.734693419576399,3.5689228364684027,10.285686071140159,4.36241035079699,-12.79392250602045,9.474048350637865,-5.4063577474858295,2.331802385092221,-14.96564723865647,17.45098642687759,-44.96770528625751,-5.522470869378182,17.522186427952327,-5.769085159901693,11.305826888461793,-16.856851658098428,4.456546202806966,11.527627689662888,10.058946599901981,10.40482863137189,16.926369163358135
8,8.099271404699486,-25.872572171873124,9.183111039258197,-26.562965838809838,5.271212780179713,-15.499776671382362,-10.506625114585365,-12.155567766255633,10.972833726956123,-2.686847795489606,-33.81182124972583,-5.677453764920937,-3.5319421636909,17.378391951766343,13.799256650426866,14.193240304931608,-13.001898619849317,55.797352273751876,-21.13326393938094,1.3686288495562007,5.160018563368451,-35.81743153583277,-13.824356148125698,-2.882663553237898,-11.789010354754804,-22.569593920736565,-5.124594231964636,-4.584109916384251,4.153178679493997,1.8177532603219575
10,-32.210593456341805,4.975444449762376,-3.1128055839626168,-4.322440841654416,7.575800056211872,-14.367773753348043,1.9668102972955555,-7.898333568367368,-13.120424061660325,-7.574367632703417,-8.32343655941143,-2.4993311837864556,6.467982000006794,0.8113213827487806,2.6920737862665503,-2.9923057918067797,4.57073061829213,-1.127612753595431,7.444244465251401,3.0749432499845284,3.6673341891068394,11.521304293036073,7.119737814670319,7.3367941174922695,-7.013200929199903,3.947979454058489,15.64872885043591,-1.3718566519486761,8.99598270141755,7.625974006367448
1,6.164296879777327,-19.070553567253672,-16.25491736100078,-1.553588899550291,-13.19083445001697,-16.47595092435884,7.644194583401539,-2.1494890634849386,3.99188997232436,5.426911361843732,-0.18345681783625167,-17.557472672128856,-18.689449064361025,-7.1089755074559005,-16.19812237456962,5.140613497662589,-21.74950033265788,-23.906842372183426,-14.18246584807833,4.396549168808996,-14.236111398838343,33.379581983457264,-4.5070594497028145,-2.281383526162974,-5.409882630321711,-7.945589892470075,25.023519964520137,-11.953917094132864,2.12702773480959,-10.912655822936868
9,4.83083924189938,-8.208643364537187,8.12825270455106,-0.5363131914426074,3.3309114850710477,-40.00937967106893,5.167630538110768,-16.175327588840755,-4.3243099905169595,-17.459007766594244,-10.67241527338302,-21.185606449372365,-4.937622981889174,-36.35995014759259,1.8679665278048947,2.0899438401381785,-2.222548429442244,8.15994073845166,-4.999587564471941,-1.6879674093508723,-17.92537632767589,-7.454194528454365,-10.143755670842083,-0.9503244608316472,3.9068264675967916,-3.7921326533968944,-37.98942009979482,-15.319320037975286,-6.230847714321576,8.62497339538075
6,2.640970765250476,14.567960533628115,-2.4001005758123553,2.938245257208709,-12.707953781035558,-23.03527471604684,-6.5983993144992334,-6.173768650672248,-32.79248277117214,-24.367771219488795,0.33469259025714093,-6.604261741594167,0.6152456384596596,1.9717333801480335,9.513459954283418,14.887062015003751,11.165673125433653,15.31564150375659,-4.211085852554055,-25.49605988347774,-5.634532262530195,-11.43620612816126,-11.3724778401735,21.55041600292041,-12.587612941046462,-6.941962430245343,10.725189609462033,2.391178239027931,12.266453090395348,-14.306476055742507
8,-15.582928296526632,-5.4243298094364825,6.214798398609769,-10.58899181866229,-18.648806127173266,-23.309648748543296,8.789631047631637,10.729201056627652,-6.092880535647636,4.45290257948731,-45.85512707075001,-2.165810701594479,3.2052348926032295,17.941764963042093,12.82247556728896,-19.552756814272126,19.807989155976895,-23.751920434739837,13.474101396375206,-9.234567291639458,12.565060471920306,8.66233876599472,26.813792583213164,1.977430531476527,-2.7578899862393973,5.918409498248682,6.481494411159051,1.2748932311070327,4.416167405677301,3.4319844558281414
4,14.413414666846862,1.3151104713317996,-12.073626621910574,3.0224147983074894,-5.194051679139192,-13.502837899784918,-5.676070779230134,3.401407087823994,9.971332047154197,-29.11126472754568,11.306137606932264,-10.047937010608733,-20.541817230257145,6.7937987101421085,-4.125790366836562,0.1787613838552323,-3.088565969207484,6.887118861972624,-4.560124385783479,8.794020929807745,12.03710839347581,-27.378226839164245,-4.005458086457657,9.980784365965203,-14.087524016214326,10.727779154490054,-5.365174436817474,0.9524056610421294,-10.9080125219562,-11.984495072773136
3,10.419382198061674,-12.31590645299406,-10.755607250386898,2.5473669673460666,-9.56814872881613,-54.125868040285276,5.370604449555192,18.818178728923403,-2.3580162724402536,6.652982236621776,3.9928942995861774,6.732811323980388,13.217394791569937,2.7726503724276523,-15.352229037102093,1.8020746634792384,10.208759755427955,9.696157056746534,11.997551486392489,3.4972103417961997,-19.911362136240296,-3.3836842114776453,10.216415182236902,16.85489567197075,-4.269916948003263,-9.014786185254879,0.2891596406012964,-0.4205737555327721,-4.330541511615069,29.699294285335384
3,11.096009273056206,-4.301923241816404,3.4438007031877587,-9.942391784441618,2.537325352134472,-44.578759737297204,-0.06881367345680992,-2.5052060281819792,5.032883811409503,-1.6056789622393197,5.802903223735413,9.393407693984171,26.22016855249139,8.499453246734051,4.257173723954949,0.021561770161405563,1.8733012024013649,-13.908137385293895,1.717629233088212,3.1780970743411934,-13.842726020891638,11.05739047150248,-0.4584964026916676,-3.1235056856640453,1.3739350104150685,0.543394561881857,5.2998684996716205,4.390962228765973,-1.4405755575835306,25.61902671327855
2,-7.418780519845212,-0.9494460469947281,-1.6745396021739003,-19.881291328601144,6.039560135836208,-3.6200956061324456,-4.420842751766525,9.09055319147031,-1.1230286301765808,7.922448866711997,11.718140785347291,10.945951181232658,13.78878221127183,13.526302518331619,24.257620351530726,1.1475242092118607,-1.9787557366772122,15.516430099793363,-16.095195450212152,1.9485259459420685,19.82138311497387,2.1900773711704464,-14.598655925068094,6.005002902579255,21.374640390295717,1.6199578895286235,-3.8470428556875786,-3.827970026160555,-2.1563127560418787,30.05502892039098
2,2.6434922968689802,-0.23668435431662793,0.6301540639849192,7.815304295998489,14.64182089232908,-0.367457885531864,-14.201065109848003,2.7171577269129097,1.2811387676647699,-30.024282875759287,8.169838749909498,-4.916613094893324,-23.345979076203786,-4.588740562048398,7.628223769215793,4.923003297811184,15.680022149327051,-21.982834855821334,2.1932045428276314,8.342035552920379,14.42289784441428,-8.008851403737635,13.302273569451257,10.65328259747142,6.072541005631842,7.36769660522322,9.653500533304143,4.7914937650421034,4.87359159362326,8.864833446579397
5,-18.395780113750764,-8.146250715431522,-8.488902166950965,4.339672615424719,-3.0117409001520863,-36.4275400097896,5.498356704936749,-1.4957944506006395,2.941721876997792,2.2369523752006426,2.3805609334803908,-57.594243318285464,0.33986178763898517,-0.7079159140623681,-0.6350138139298132,-0.23113653027800896,5.509555646346567,-5.632530737965242,-5.367633086543794,4.608714733907215,2.600358580534985,-5.988152181044104,2.9707866274575605,15.598323223008045,-4.2494710885664215,-23.73866298055108,4.106195797751148,2.760875121834747,-11.632354959093606,11.595916265296164
5,-31.46985250047055,-12.881595676095596,12.223846374421397,15.715575907537705,-5.956208419575221,-5.834724830142557,1.323211239989028,16.988831963293386,5.789228135636734,-16.182165029425846,-23.496676630302755,-30.386011850083925,-1.7470709676626663,3.1409613256249678,13.64452976226564,17.37260073583739,-3.240798949556541,-5.492951083787679,15.437260038170294,-0.4264252201843992,0.8082842806716208,2.9924001777311933,3.748217939985261,0.44151099892547546,8.887638220297454,1.7074108670395867,-3.8100309040262323,4.087262085492134,-5.699412378860991,10.534785809801345
10,-36.69825906792994,-16.442112620489294,-8.615561868419016,-9.439377271185746,-14.380149725137858,2.4221161444328345,12.189845980551087,2.6724006294507427,12.481411056570053,-2.455996438176485,-11.187891117922764,2.595523740458396,-7.920425943399083,23.434868417690435,-5.1625461716452055,-11.766730496452265,11.240843704296754,-3.249850489528707,15.559275376298748,1.2795284398237898,9.12666487244517,-9.499710605408925,12.002339455978351,-19.925282625895097,4.067548348540142,-1.178343289681869,12.593577519495415,-9.561307205597895,2.857934605102263,12.225559828632742
5,13.097314383953288,-33.424431347368945,9.40140355204767,14.09837142288513,-0.434665756075272,-29.037780622730814,2.471344770994439,13.454902258335062,-12.883860039056739,-9.327589331155297,13.572936706041897,-43.56399026668493,4.6852756530244015,-1.00062062929194,-0.9691030556888744,3.09184095077606,-4.900130987106854,0.5516412108801187,10.187035270182212,-1.8570273303336533,-6.83899864770562,3.686465122642087,-17.190253636069492,2.266088998034019,7.885139265562026,5.3388331174572,2.7724978034235273,-1.4518900849125054,18.212761529802442,-6.858496080328697
6,-4.1062911668891084,19.355128840460413,-4.829377455850048,-1.163819185692586,-10.580704287861947,-0.8686380906213902,-3.481354637306088,-3.464623515583869,18.62680187435844,-15.590225298223125,2.3409230327086847,4.553428363334744,8.976531337325511,-11.458319541615776,-3.9806801624663004,-5.169925728527989,-16.121834487819047,2.0459909252541824,0.22057801492075035,-28.72214924556585,0.4728389775802131,-0.1754034505778448,-14.124790813249932,-3.349105613237269,-12.728814397265342,13.762778580637315,16.811989663282425,-15.350163180898743,11.739581468055079,-4.988096238232796
10,-33.89126942534292,17.03980634827028,-5.38647535893486,-1.5828374106453433,-17.793047607180355,-23.2056447109249,11.840621314429894,-16.35204519534453,13.207784640460439,-8.608983869970473,2.291181828181706,-24.331657407302508,0.8312785834478545,-1.7502406196652673,-4.104657722270495,-12.330291233725776,-2.7176669470054615,-13.351454715082472,-14.629245347551198,1.6043134312899898,3.4164028116340446,2.8938948628011953,-5.5910300409605656,-0.14484052971796824,-26.035781099878594,5.2719908631963035,-0.8411105867177957,17.446066634598346,-5.674298149098304,4.814852979612374
7,0.914037904046693,1.54147033274525,3.3285312996808756,0.010682550132168567,-14.742259312295499,-26.228527177624443,2.539247446553358,-3.65309161155022,-0.5359458365465157,-7.752087073178211,8.78075461251518,-8.13365121981748,2.981355762245223,-27.55453261100942,-5.961260060197461,13.57025594993081,-3.132882535970589,7.229399145048842,6.974520115966597,-8.755883713960245,11.935605250854218,18.12620892430497,13.25594177810124,7.270529842309749,-2.5367719538310425,15.003051266784313,5.338565836791856,4.699515904277898,0.29477657971057347,-6.858720857297772
6,4.9345545895906255,18.78974699252089,-1.2921989704519818,-5.738024635987386,11.47532329937339,-15.16638662037298,-8.567285368514835,4.517576943944826,22.033358831139623,-25.30760146689024,-0.8746076977799908,-14.11894450999204,-9.726905922808625,-3.0596199243666837,-13.226452513761433,-0.5435173262160871,-0.8549729226751774,5.235053329499353,-15.208271752806546,-41.13815289068329,8.990362504757423,1.7889280075837357,-9.93007524567135,-3.687175300381646,17.14209288972585,-6.18229113266603,-4.959032486558066,16.56055751783283,14.917960374047743,25.16570591296985
7,7.319362000951906,1.3126678831908096,3.395201793101447,-13.002586936466408,-9.694442782432489,-18.01209262898606,-2.1847039617938906,10.179497955584454,-3.844575640049955,-12.93430241028895,0.6770001797418872,-14.65456093914336,6.895623883867412,-27.853967286875886,-2.082458834240611,-2.3797826774279214,2.981118845179404,4.68798833920838,-10.961033382905057,-3.129520866516464,-6.1944627509982,4.629750235867654,5.88651907770282,22.42084995999976,2.9474591130111842,-11.476413813353073,-5.390105939051919,-6.499506076987879,0.3832918747939036,15.335169016003116
8,20.29651977614461,-5.3716236722161215,0.02866774111435677,18.751351056023516,-14.603776165995306,-6.882576077072412,16.225017923938626,9.188291966903172,11.901345048997412,0.11274160094271934,-36.18482936808078,-5.314791531551329,3.9035823641621183,-12.168711209594775,-5.648079687511418,10.114527293110354,1.2783147751987036,6.344947421968692,-7.7040516121597875,5.386002048564094,9.810095178572148,-43.99341689705219,-25.091632241008618,-13.569832486015262,0.31043431954017775,-5.8499774764114605,-15.41513202575752,11.087985703484756,-21.12516725688588,5.971518207938127
7,-18.09669510988532,11.302485494773439,5.401161318354934,-0.9797397410681514,7.1265487017838565,-14.451527233448235,15.421839750164471,0.9085149046789647,4.060539937125642,-3.1392167684341423,-5.2917483673092365,-20.876833628263114,-7.214053632729077,-19.87645820193221,-4.797148403160239,0.6429390140761067,12.441964137007089,-2.4714692964764744,-7.31648151834747,-6.24169936979647,-4.818108448126033,-0.6152951587883013,21.077211801456745,14.399686937259403,-5.768575165844095,5.065371119294708,7.479015861771737,-11.158170655977957,13.471192340325295,20.304328737289218
5,4.981029533745713,-28.354859844153008,-4.055610883557502,-1.4950692270692152,-0.2854751925602972,-26.80480052433446,-9.508662631738868,13.513696256390999,12.367149477508018,-6.993707580292028,3.9888236469802734,-46.557797148224566,0.7964588762729371,-1.3982980933806104,8.834994633885234,-5.432612570565187,-12.483790144583473,-11.527935239873479,-12.148088401148696,2.491220362278609,-2.334848649635254,22.009335210755328,-11.356983512058042,-18.32960570048353,7.325845176048281,9.883982542955271,-0.05162715076998875,-4.19624716124055,-19.85160195518367,7.9190937498985505
5,-25.24186466651042,-28.199677157693678,5.229109469821428,36.60311067152922,-11.536803942761187,-28.239643999329097,-1.8105659102885432,11.886169674420168,-14.967525782012558,-7.448439300727897,22.131776952000646,-23.140609810574738,3.4919917712359902,0.09444147391389857,8.07465821179074,-2.2042859153042866,18.466963903965777,-8.114877647282096,7.67915246349992,6.655030036059292,2.264081588262728,-22.023040385533942,-3.602823471283647,-25.0317344322759,3.835858464154495,-26.149859706721394,2.3472095192011477,-2.2477930042603216,12.37471960707057,17.192803294819072
2,1.0140130880069496,3.1710993476664053,11.474232017393469,-3.0434917915832402,-7.11458586098905,11.145893154293876,8.989291266138498,6.16817322408993,-11.82800217341436,29.067013096663988,19.546418016478807,-19.870181394236152,13.696422671897606,3.208723051813916,12.17055979439174,3.589974788438197,5.496502081131491,-16.38145979906821,-0.8211984575554894,12.711768808133451,-5.20192023447521,8.829592786965252,15.435407239092022,14.758807011104278,24.287796360233553,-3.6588606446438536,8.113403793567981,29.94485680074152,7.971727887417735,-9.210684961265667
8,-0.530591650972001,17.907564242485584,7.445875765032609,-22.809861565996687,2.5171421792222706,-21.51026312954648,-3.8963015824993685,-9.73627744237734,-8.19592355602342,-8.794157292043973,-29.23245528778971,-5.511996794426182,-6.018348174963396,-15.297167183927588,32.30501280665982,4.064712494608406,-7.743156641446185,-14.068994346473195,0.36851774090938694,19.731602655008672,6.897772138947455,29.674564156418842,26.12397474390894,6.318908187275962,12.097110438929782,-2.488179366744995,-29.359361476936066,12.698844724773164,2.13498535042201,15.603294048106147
1,-19.201647206901015,-8.8457217078834,-18.68721371557526,9.625612940833456,-43.97240152825199,18.718370751180863,-23.464673646711528,4.897116634748433,1.7328712303861264,4.120752088315994,1.314530013563565,23.65791852316312,-15.079074055762437,-7.009513979645751,-2.942297431180582,-14.677337516857943,-18.792224054066036,-21.589506084362842,-2.9024679796338164,-31.401140142217685,18.6636919459804,4.944628407053294,39.671611982601085,-16.06729548823757,5.180764071483885,7.002675555251877,-0.4713139632883987,-4.317902712673629,-10.895619121396482,-11.402508302926751
1,-6.95330768265196,-20.30223004959784,1.4469648230070575,11.949958823331155,6.378877195679535,3.445251833841713,-48.65137509813022,-9.37538603205791,-3.9050499975163144,-3.6473267412512556,13.805752511907517,-18.080117472705275,-7.99373070945048,-0.8861209263707344,3.9122334207874108,-6.863910388348913,-1.4175379780444777,-21.45592701556543,-4.675297889476619,-3.1056287682167327,29.52689289975409,-18.090571150083257,10.612826077026613,-1.3467454770038054,-4.774047067063054,7.531233661715965,9.674118545600312,10.47294122506707,-1.8066619720029704,-28.836993828245795
7,20.47842660994774,15.081246479561425,2.0582973480520836,1.5083404429261718,2.3253304153632763,-13.170452650611384,6.4602170850211085,6.861648650117733,-4.094802730338515,-30.214625238796383,14.538544013509235,-2.6388172804412253,11.47615244410004,-38.5416874480699,3.8686237361645444,-8.056967822748788,22.481844432110684,5.5781033510723885,-7.203569715948881,8.285747834692742,-6.259782623682614,3.857250096481347,-5.8083293682158885,10.720798265573931,1.6596573027700776,-3.7660174669250166,2.976395625314917,1.5413401365626063,-6.074445320590238,6.494155817126379
7,13.687524565260865,-15.914402450725118,14.212881909343448,-11.794413683037279,12.5878233228965,-20.135219982973577,-0.5576292872462557,-3.864551173918734,-3.1564800800513764,-12.725702214276415,-10.15221645226584,-27.05117798855106,-8.062560781119558,-50.00785035252339,7.422988603464267,2.86975032837674,-2.8169718786184674,-3.0049578985654666,-5.782238008597082,-4.268367411063776,9.277649372580438,1.4455763985388734,-13.722738907870657,9.473361089442387,-3.0743632860241004,3.0884096216860235,16.57007281069995,9.939952916517111,6.140726317369791,9.8482516426952
1,18.75114207511878,-5.2068088653422535,-33.304932025909295,-14.324693604045649,3.0239787538993292,-0.3406703359768992,-25.665825846763546,6.050803587230276,-16.179962377388094,4.159108141727108,-14.288564954432758,-11.981675295847037,10.361550549097405,-7.460460365580877,-0.9250937556295566,2.4392955579604663,-24.313187341795565,-1.2808453074525574,-10.606934597784605,7.599789296404772,-6.334412721982097,23.270710154570555,13.213617076062047,-14.927375309007477,-7.812309359987836,11.335472700422379,-23.375666157501133,-6.303001544159217,-1.2625633636331455,-19.58379683757233
4,-8.296365121178491,7.549781750513593,-12.817850874943629,-9.127856469539733,3.982832136967973,-4.953665321748947,12.910446889464698,-7.279798501275085,-6.00046675037685,-30.26118911827756,-29.675680452008823,6.163865232189642,-3.73771335374106,6.996170235903117,17.324198791641855,-4.175960171551839,12.685909287133473,0.3814547626040282,8.996644886297918,2.79232817682121,-11.673859119859308,-15.360067026158708,-5.596461421469713,1.53586879737324,11.851111328150555,7.56986516967296,4.649835511191185,0.3080188795498896,18.529346816391897,-14.51279446675652
2,-10.952812439004806,5.112676873437096,-0.4148383208584119,14.29571113750346,15.065143877928527,10.16582358824479,-18.79161026307299,0.7313053203617481,-8.707489925325367,-15.347809127653282,-15.354153780553577,14.446693529125884,-2.700420981896705,16.158149559507937,31.452267480888054,0.5768855006323239,6.95184266609767,22.782576494157787,0.6259859249338904,1.543346795084049,19.393759546077206,-5.760108742054159,10.827167093985462,-17.287470227456776,1.527493449429282,10.476607729498713,13.39028993357052,11.679325628341253,5.782993577907662,-1.2153420888485709
8,-21.93240092542488,2.8458727973522016,-23.54939788570187,-15.10560407079031,7.598899141177368,-24.90001404750886,-2.005067698811853,-13.440120911472114,3.3200443884257487,-4.769600481519547,-41.68933799917551,-7.8877634895955016,3.872873979043506,23.666005097724515,18.774071164944083,4.1751530632602805,-16.56242411525879,17.020159311982663,6.259474102177222,-7.8516386073182876,18.204919584312087,4.77353052335344,28.394509249103464,-13.723125592161612,7.329539030277917,16.139165287129806,-8.926903964086977,11.292762491319321,-26.35343697991947,25.137153458915094
7,4.808160226205876,-8.477055673150057,13.154740245309247,-8.037336738342892,15.559580978149224,-15.734668171519054,-19.57178863155628,10.493270685772588,-6.21320757813425,-16.11072795163307,0.738483087185656,-10.70106861575712,-18.115725583000007,-12.201848528083925,-4.399023128774623,-16.930321679291836,9.276154984823492,7.05695195039474,-14.679578523982858,-3.6078229315048027,-9.661224692695596,11.68897110525061,1.899426219008994,-10.81746563349037,-10.254834109115789,-4.296406265832542,-4.206763503594441,19.668638163154213,2.04395581590492,9.440955204971155
4,5.713971098264986,8.799720022654906,23.66644302426542,-4.080959236525226,3.4797874244479754,-21.081441262553106,-19.38552308723587,-11.925042168702356,8.568831318400727,-49.26050636959211,24.397008601122007,-0.5664296069376297,-1.637102012860871,-25.408444298365435,23.910595956290525,8.293743099075284,0.8323552249775668,6.360619617126313,12.994176139690461,-3.9122828895416877,26.428019212562553,-12.984178287554522,0.6316444046802951,10.413534243748735,-2.4555403970561143,-9.582036645992888,27.783728406999696,12.40699465907206,-18.723188659036513,8.465541044341048
2,-3.394514720336417,5.449821978230064,0.6876438109181264,-14.05055666279841,13.218999759340065,14.153774171285178,-3.0626210321617875,7.253737476211873,8.055631097531208,-17.182305173129265,13.840168623058577,31.07100095992985,3.812620922020992,2.967782377133785,5.506707547952887,2.0037635051207774,5.063814659674033,15.901802856628708,11.218438438858133,21.42726330238507,1.6789630964253186,3.200269531819286,13.307251186487376,5.498551741038913,8.276237691371612,9.542095830479187,3.6319466112149135,2.010298282046528,8.72927000763658,-4.536736391447262
2,6.380937091056852,7.548633213720196,0.7195824243561864,1.6002794097218735,6.424506378956768,7.644547947552757,-0.4980940185106266,6.892013613256243,-8.451383390650598,-0.27107181850123707,5.948327875337751,0.5659881723395723,-1.3395474356531945,-7.326771409873589,-9.03723593263908,6.410464777356783,15.014504661361883,-24.758071143344967,3.3971616019321806,6.396154454127398,-1.0453336228372172,0.013319651327443172,13.177496518807837,5.174169690078411,-4.1323914425529615,-1.0152819965119004,7.675998108841013,2.186235190959742,8.753514052184691,2.438996550824512
7,-5.660397500767059,5.886489748660507,-1.010226249708043,19.33037813214841,3.363822071816781,-0.9772749808690318,-2.8527181411999543,6.040678193479925,-2.0540551526489024,-3.7585875582410972,-1.241807609675765,0.5479803100191747,23.72890445157603,-32.75939465332874,-12.926214988622998,2.4105801064919845,-4.617590283492322,-21.656732514426043,10.688102305255391,-19.728032632389777,11.87305488971033,-11.583662684414715,11.534383896970319,-0.08172360453293637,-4.922523594951559,8.871857288142794,0.5919217386958067,-12.786792954352693,7.840235515948155,6.858697379211332
10,-45.423205357608765,-11.61514355039844,-6.243050180735541,10.522061591024068,2.504901434891542,-17.614091046166845,-9.314564678043814,-24.3926331312692,-9.412478004684061,-5.447322655420928,-10.772936946761558,3.2102660030666854,-0.7529236177057621,0.3524197148503645,9.327198091844611,-3.6844985247461692,13.536866746475848,9.30369095036624,7.987845939759594,-1.1153351445276667,-9.881770033635968,2.436261356979651,-0.4205991829239398,1.8018299199108239,2.3528665802665265,0.23585548752905972,-2.411943896597244,22.077664200887696,5.334389559945229,23.849321775891752
10,-22.463246697758947,-17.24083806619551,-5.5092526306637355,0.33055353776276664,-8.684904220506638,-7.795313214479648,-11.754131785313296,-25.07260649814631,-18.72209813578025,-8.971813842327625,0.21764702917417034,-5.774931094326946,11.390299964978995,1.3544122448655727,-0.7515766997745814,-3.2168706653802075,18.16109524170565,-11.75680946147859,4.18224811107376,-9.846540282779536,-4.2486169845238635,-7.087995908579851,21.061982895323894,-7.7198870799541,19.869063663745916,2.5374544420087886,-29.68780917341325,-10.140963589453891,17.075396806487564,34.07252501838049
10,-47.382361314128346,-5.128493616232494,2.486511572733348,-5.78096501810367,13.574341953781781,8.66451348597063,9.68287915637959,11.970919405684494,-11.132960126583262,-15.2573037951632,2.650572142742595,3.5995281886660706,5.237267698358672,-13.636214511392712,0.8735178867354665,-10.344334453294145,-17.351071060252423,5.2234329208974914,-6.622358006281171,-3.0007305425750346,3.3294015493666094,7.145131383109655,-0.39161423273174295,9.746656667014921,19.96451310570987,6.526801415971681,9.21380223658122,-9.676182091214477,-24.558672737796822,14.230415468514119
10,-24.68826947564802,18.621570656196617,15.509535744747765,-5.304554728585632,5.950928600336921,-18.9221900124818,-3.963232970434617,10.01176109384342,-16.959128815886288,-11.955658284146887,11.145054675417434,-11.296050571687402,-3.8407794341825237,-27.064345746269996,9.282333188295116,-3.8924822554071192,-6.943141035609068,15.149885800635506,3.9307937006252995,-4.3746333860272655,-2.095278805677085,4.060974361547274,12.65706043127049,-11.080322635237163,1.989922435483228,2.259832121710368,-21.524499556618423,0.4288402206149198,-3.4360163256148595,17.923635433102483
9,20.929907434493256,-6.153093561252226,-9.185918610250837,1.2971454482786642,12.541972324854711,-14.393438142296468,5.697975301768112,-12.593982339945786,-2.398803519701124,-2.7201527589598573,-7.062538775013019,7.287587334624584,-4.071263986648235,10.965652192710872,16.24361580247167,13.346292702000536,2.4823867210150032,-37.266026295106215,7.1753741959120605,-30.752874559135428,-3.8329606639463756,-13.633219287157948,-15.249421193530088,-7.547838983353557,4.3982045950203545,3.8063540263327456,-32.10037568638821,1.7540382028045862,-6.833979707777716,12.61640005396039
3,-10.030042539781217,0.19766699631420614,-5.907062251340751,9.3926715912155,-0.08835863160690138,-48.09375264478299,-1.4105892019849466,12.332579160481293,3.009244019429736,-3.730812842679153,0.8514627033515909,5.938459253280597,-3.2953950295658796,-6.092173007703848,9.293468498440996,-4.891980624871667,-10.329791187210391,-6.8021947212687826,2.789494004833758,1.2973342381075736,11.534055460533637,-8.620222170518568,-2.864030023424612,-4.224085417128459,1.6746696040949482,3.0539902947030173,-3.963087909836693,17.15584554278226,2.7262362656423247,7.707278720745643
5,-20.916755620351548,-5.21464491755244,1.0867176846909379,0.6503834144775024,8.655538980473015,-20.53898809031194,-4.161306619490268,-13.117288583623253,-10.317350098884003,-14.514529462490255,14.003621872417966,-54.878423072269236,2.1608017993370576,1.0222862315449928,3.9860580662388294,3.819801177543186,-21.38778230691653,11.43433835292623,19.223801413566168,9.356672118815311,-4.439176828970455,0.0922785159806645,-13.356719549939937,15.110056159158207,11.97296913390232,13.91068652262542,-0.023373080983475514,-8.181627341141548,11.29804721335686,12.546679065421152
1,-19.538505636813262,2.9244314141978647,39.49631558367583,18.67444738317235,0.5478281192081873,-23.1545960975148,12.23698026005865,-3.7346078573071066,27.675554120180763,-11.0965121594231,-13.068613217051976,-5.673294626664514,-5.568480161358446,-12.438944039937248,-4.346846684461114,8.070815865722654,-8.015209354334791,-15.42620531805559,-8.823495840226794,-6.344874560626112,4.678141062304657,-0.13841968829053597,4.656762761825882,0.041252716160817826,-8.904243355570944,-15.329786512107681,-9.512169394617532,9.688399973885483,-6.260144694103399,-12.79148228231261
1,-4.854986593006796,4.071137322055373,-12.562415524528355,-15.750394619452667,-4.002964950736823,4.339229799232374,-16.311505969542456,9.549929901782413,5.919395751006954,5.940107957568998,1.017405901894823,25.39788688952466,-13.170331213986191,1.4818525569214662,23.751464214802603,-12.077113457785863,-5.67276729817726,24.48173919823294,-6.291816157856018,-9.972132171977835,-7.518610222733626,-11.339549968565441,-4.912302115469128,-13.929471724585714,-4.733910964273828,-32.35881031696857,17.992454204352295,-23.103693019377005,-0.28038191032622795,-0.13464211337848297
5,5.809528534413711,-6.727062147677671,-0.41920457427087365,-8.899168626203991,-0.8208307149295448,-20.69442721326057,15.121738748392595,3.751380230271022,13.337582924120014,-11.23716626933055,-18.669122083677927,-34.74938219154091,8.138179510334371,1.551474875065324,2.378989964755715,-1.3414688619035058,-9.035150721174587,-9.3365468874212,2.6349476238996963,-1.5148504463058807,-1.6184516770333857,-8.535788633499065,0.252192986150777,-19.294148802267465,15.76091818288436,14.15470390590849,3.165827706754396,-1.9330093889490783,-9.847982676885062,-1.6048398555847623
2,16.723215378824634,4.592664529094399,-0.4647844572981299,17.398984532992706,20.642147224749074,-2.929009497337269,-6.293306096372326,4.385530949284236,7.475609756546112,20.97730986318771,-4.116864931059701,9.291258612495561,-4.925082731538998,15.20360890817761,-4.494605540057448,4.178495792189403,5.473606426860472,1.0723355792903284,5.902726093735878,1.991389692576096,8.074250107351698,-9.946327539061613,-2.3971276743075594,9.161825599953161,-5.40399240114918,-7.983470944782375,4.734888925593354,-2.7334484917013686,7.356637078270786,6.913865593933461
3,3.056978588880847,10.797565339662649,-8.101927942139508,5.100277116154609,-6.863722393566651,-44.365462006739676,0.30658402645828553,-3.1243005560017862,-1.5796489842126438,13.249575515912763,4.971941573405527,-2.5616468669956705,3.0848896500670167,2.1464556608415464,2.299830057345104,5.839793416418351,6.751103388904961,-6.651969338505359,-3.991075275607045,7.540209491982376,2.123495224941473,8.028981040251178,-0.13965248370458233,22.007278463579237,0.4029399224660135,-4.507063411587785,-12.635174047996836,1.2507095972535924,3.4771358326202875,9.070353858321957
9,6.8563925358758695,-13.532124452633497,12.368825810168415,2.2809054888989264,-2.70240206793929,-8.990782762273389,33.729931228311465,-34.55590511784008,-1.4726070774450015,20.339006021598546,-3.6469336323259727,-27.115377698642057,-11.896250379045336,-6.000848913167669,-8.046154121552709,-17.52483423695654,0.6866537406266311,3.270212217287221,4.9941256414301085,-31.708744698203006,-12.349416422929792,-1.2904108591609849,-27.108858259262096,3.014089449529103,20.306471764836456,-1.5036161594395179,-44.64274706688541,17.94506324330763,7.232265672759603,13.90734516286683
5,5.450628216799968,-24.59517531239981,17.079254036609285,8.720830224952962,9.507319946730089,-5.319207472669086,14.723958317033492,-7.434683835991569,-24.16397078435361,1.7573730257007991,-17.08809198643485,-29.20999475290815,10.060317023075624,4.986834139319586,-3.9401822576085617,-1.931117676836672,-24.432338120373633,6.553542713612016,5.282022689171653,-14.815148433062662,-8.643533130131182,3.1192949937895884,6.773199338358345,17.71080640707318,13.707743641381336,-13.870525892468352,6.905545728551982,-3.7418599363095595,-11.855245314341358,5.055466574006468
3,0.3494862820107417,6.976520073328391,-1.9103215212887323,-1.101947215517698,11.962051219474631,-59.30413233640398,12.64867070694165,1.9842714187202821,-4.467468429224859,-9.724867523975243,-0.9097951698744711,21.49074270912705,-6.560343379478859,-0.4288063324721357,-2.164210246731355,7.917902468000128,-13.783655237713836,18.95726232746881,0.3925120059035577,2.1905610552351935,-5.171889259052969,-8.952494351247731,-5.209970966581846,2.045249249965029,-0.9481823121121948,-1.8851931229245524,-13.545034710497077,7.181633742164744,-1.1048458321968209,-7.491722353441586
6,5.2183632611277435,8.137142507422032,-8.046347772493904,8.78776229576858,6.433764285986589,-0.7013471450038047,11.493555158762168,-14.02770386427443,-0.6863057147680072,4.08137803972774,-0.8897037685787961,-15.630987666348853,2.3796219869731243,1.737874244064265,-1.1097263420716246,2.9015919935714796,-2.83687954512164,23.15306674323703,-7.495062971015384,-29.241805198543737,4.539537221848007,-11.260206585130485,12.026717959041306,25.710027347580258,9.192508651046085,-5.486836958006058,0.913282170001781,21.299187512438873,6.724751777667727,18.939482360199563
6,1.9358983999075863,14.361358024808652,14.658874875668683,-4.165995758558304,-2.0324226799383296,-0.27855293762183564,-15.043374612238916,10.299046056232141,15.560829635910922,-8.405217049523099,2.6503035135567234,8.423561511671158,-7.1499089186329785,7.649515085691069,35.47303317420538,-4.788891385848148,-9.837444727534537,6.0802138644490675,-5.18603147931743,-29.39319396057072,-10.145493335567883,16.159715159662287,-0.19668638806081953,7.120814490378149,22.48210874456871,-12.055133480575714,-1.848965992005867,18.64813038221463,-11.216693351950944,2.1134188181582454
1,-19.290034294210308,-34.595675907729124,25.999657168861543,-0.7786691753956942,-27.93882418787174,15.214085132145316,0.05980811981633205,-2.493205358576591,20.06920987153726,11.08179831384474,20.139598582060497,-39.213635168133514,-19.812924929279717,-6.164486653454468,-11.223811922915841,13.203050119187745,-9.829798711293392,-14.660258709443148,-4.018305065447809,-10.432471127245524,4.844339464822299,-33.94729591113905,14.042994575149747,16.46350999664534,-2.095359564173967,4.0560633495955845,-18.87490897960091,-37.74974112162971,-9.425646742849953,-3.9366060605838293
6,5.649451782873376,19.07899322446199,-2.7845315416538776,-9.826716810642413,-36.50515809641533,-12.297781567862353,5.2852685698684,3.47564437886016,10.916262012585715,-8.948629902904232,-5.9850121635779905,-17.82061871453748,3.438051307568543,5.727260028113978,3.166982382562157,-5.543593166822907,51.340462408316526,-10.67379904370294,-18.212172670745435,-25.968665883836174,-8.326761981587529,2.6433832298129065,-16.375395458146013,11.835995893667842,-3.0922466856643642,-2.6923036581729605,-8.891853120079665,-2.1539787498559,-7.329171851304325,11.469762712530638
10,-27.553582200920957,-15.973874090130856,-0.13806589647587364,1.7224664717606437,11.742671961869673,-12.378171405205372,-9.47438667871307,-6.241172656811971,-13.92725181313249,0.6935709248049218,9.762405930040718,-1.0040033820235292,-1.6969058576574207,-4.644435495538852,-5.55240871709438,8.386438493223633,-10.61920578653608,11.03675528664801,19.674058317994923,-9.446415294832772,6.201294563737442,-2.7813364903433255,-11.701619054154786,-0.2177124256234908,3.9313905223091634,-0.28171503620765037,6.41461417834317,7.627518978747181,-10.548626880131687,6.927872520314516
10,-26.87166704058472,5.592203072375427,-5.051999148037531,7.647735696769889,1.9861033209034027,-14.638959222283662,1.1971600080902316,36.092349180533674,-34.36535125706757,-4.045600734543363,-10.810503722983018,13.204540934047953,10.543683571605,-11.347921513288906,3.1582165594720326,1.246260076968126,10.503226369171445,1.7225600555602023,2.618124808327185,-11.906838729240473,16.034769141014735,-5.536341818439788,15.79111508453877,-0.3733296428204378,22.063829830069356,3.098947381395285,-9.831818751799844,7.526405440160567,6.050048920649221,7.144553284347564
2,6.774727453701035,-0.9806501320765086,9.91642080758286,-3.5361869768561887,8.6700759041607,-18.292523357805845,-2.7302655679491488,0.8900563719669692,-22.534645344202815,20.88605323714414,6.691043203327158,32.354468819184305,6.1419357115139395,-3.72651310284824,15.838747950241483,3.1446992158882394,2.5708410891584035,20.957039125298426,-3.278071556822086,9.612815403189387,-10.053637711374378,2.330825831846222,13.62362395156176,-0.7810601448847612,5.547677280216519,9.75774994627741,-10.686670560912464,0.6859969310847083,-11.695191293393318,3.2742648753317862
9,7.2075896270159685,-3.5476096399455264,26.983148041287684,0.4500208304577923,9.507318286505601,-30.707615032261025,3.761492590134327,2.6826743296142874,-15.713214895061672,-40.132376361302285,-2.5070304443929565,12.020911597342376,3.7776423913715487,-13.174953759491833,-15.89304513064943,-20.366962174629474,1.914950952286334,-14.423008423692421,1.8261825869482773,-25.66223505201654,-1.1789168408270694,4.349462532624734,22.866298347980184,-28.697776152391373,-2.443064929979392,0.6126507504458384,-27.439126002412202,21.573452447219513,1.519694024788285,7.984297946566209
3,-2.0451714727829478,-2.9446786965623257,8.68819990767945,-1.4153392967212945,-2.195146812989334,-43.44782095233126,-3.461863831355341,0.06459492883352258,-4.583851489458912,13.168880221748648,-4.4063605352077415,-5.654071786394559,-17.97433789426486,0.3180316889894094,3.8724576031765197,-0.2336821291945944,5.61401418201722,10.821482052097279,-5.056788977604406,-13.69473631669276,12.058513687380533,-12.093321049786177,7.578071677405974,10.13061898991791,-2.2770574719219483,-11.307030907235948,-2.067777303234913,-1.7579571518619477,-4.130707504202464,-15.37143350089312
9,-0.8226692650577685,5.796134456444559,1.9832427896447202,0.18536767009704191,-11.34054604685458,-3.4455635434376948,3.9196613360155554,-23.21607732483504,-11.920275720649371,-21.22973320273799,-5.0915194334506655,-26.82428687004186,7.187768716439593,-14.911171351627113,-16.297066862978067,-17.37002069298368,1.4224413461599674,11.58120260356394,4.456890682222681,20.661633821554247,-15.629136038795814,1.4960472268587415,-13.523851422847335,7.8834806843895056,9.523946226683737,3.207180041596043,-19.90403421746185,1.9966143815791657,-0.5453817414010828,19.622456678126444
5,7.143530884603429,3.6839636442024424,-6.335441623366195,10.493389065877924,-5.094258679409535,-22.10554875810344,-2.1003324854101004,7.757323810339429,2.1370812058490882,-0.1316809261548535,-13.729729579209021,-40.60850802630111,-8.100478319032948,-2.530273538771267,0.4324016495846539,-4.452514938214299,8.199513950261995,-19.509362346673964,2.1972733720085103,11.858266481536852,6.521578690717496,4.409110119693248,1.3231695154043184,-3.6336559554164474,-12.241556528244933,7.479510151755745,1.6770030411278947,4.107244994465833,1.6310827347046257,19.584466506840236
3,1.3505465737863411,-16.10200130124215,-2.4303852461231386,-6.255690338798389,21.765430217018626,-43.45671545378421,0.40568651583754134,-8.737544377035134,2.3178016191521835,5.839025825842324,3.5291623054688945,7.341779738601809,-10.53853703894034,-5.76874836952227,8.716100039056524,-3.5028593560058363,-16.73358208745258,-6.451627430108012,4.915533891246314,-7.058660922649114,4.456786272053922,5.702524009789956,9.95941708497747,14.964482669116467,-3.294822275510494,1.894777433609436,-0.9157933855052829,8.584699243797788,-2.7630181594546577,18.039529631424163
6,2.527016267147822,-12.809348114196338,3.7787258216362067,-7.438597135779637,-10.63027150419389,-14.90472655014743,-8.025966034517133,23.507748219813546,2.21116210639934,-11.676754068769455,5.935573298719143,-18.788892590173063,3.086496080169871,-6.33550381865048,4.124973219487718,6.722860330318262,-14.186962164186559,-5.604991795080174,4.156554690962235,-39.71258023814893,1.0808608195001717,13.842448153522817,-4.863487649469446,-19.39105841744818,-9.8992676800611,-1.5773624843683354,5.764898400547555,-2.677578362240689,3.856246471097286,10.305431238687696
9,-8.823563864756311,-9.379089520012498,6.736292922901617,-1.9633250524090686,-9.115945016740039,-28.96912060900971,-33.1908429452369,50.097356925545455,6.460403465499015,-30.23636103532389,-26.197082898067507,-15.925022541264964,-21.328734962711362,-5.103822380774534,-6.126074522759206,-0.4574042801107867,-0.11528249653510514,-21.389622268936638,-0.7927332057592416,11.24458432990143,-11.846417044076611,-20.31222065467964,-13.402964327038568,8.973743800058397,10.772242321926463,3.1531402962019373,-13.365923124856444,6.177505889173958,-5.972808647774586,13.92390846760501
4,39.12922873654119,21.468145586735826,21.82462781735903,1.8838528269268566,9.829925219938652,-4.383415198598874,-3.0166544905884396,-7.987449002650638,-16.30099018379024,-33.31631998273784,-6.489162988850063,-5.032191264475048,-11.449230493021041,18.065670387429655,30.562134439411366,-11.545798701677896,18.163042721885954,-3.7263318257499987,3.6151648130084144,2.281853407758353,-6.178199364392155,-29.279216069872657,7.891442885409146,6.674975465506253,-1.2224597350657609,-4.4859003733211695,21.995785396549007,1.0492442851426294,23.47840229300667,-1.8698259877774541
3,12.532472211253362,4.362786346375057,9.674190258230777,6.836083743425734,-21.81520421564724,-45.348389052347855,9.790739351679537,5.066733524692817,6.47576308226582,0.9788279526324342,0.41103410859799544,-19.986172857339326,0.030015713204965516,4.430644937149845,9.07863226169123,-3.3936785403249425,0.16572165917578768,-6.113793022270767,3.565128210678314,2.654851320073091,10.489352213242315,7.866531368517018,8.321826058811642,5.06667259285241,2.2462816893081605,-3.2389542102635156,-3.329251769925688,7.3500207224024905,11.664070062647673,4.182641033525783
8,24.093400035734916,-7.511527711704509,11.445729800363274,19.09415828721606,-10.268439271011086,-43.61747455089799,-18.26472332779936,-6.0840645497020445,1.2757685223721014,-6.9044583799025,-46.50546444030981,1.525903325038283,0.19006971587046273,1.6804272097990482,-30.892571331757257,9.034119918243379,24.530764952321856,-8.486610997751473,3.1879991369060052,11.530409228971923,-19.745079250705277,20.88293747900897,4.933242820408936,-3.347188388822132,0.1381975898877852,6.484034284347272,19.803032490907555,-9.994348158546966,17.915053339413422,21.00924800643943
6,-1.6307630005334364,2.2747906837221668,7.294185622837901,-16.485276437270894,-13.178410466319963,-20.597263004483114,11.582856893282704,11.954661101079152,15.917246797278548,10.92869490344747,-0.6222548602334825,-3.456921398414112,-8.686654256236976,5.2097564507820575,-14.187694838037396,-4.377695699311978,12.561455151709128,-8.305357923782676,3.920662323295666,-41.19389421318883,-1.3874431571354142,-14.265496343652918,6.963290984550886,-4.468860893747486,11.389514472926361,-11.027920661749981,7.171280264266024,-7.7000620257847,12.868202362472022,23.979562958208337
5,-14.583515131310936,-7.987927959946791,12.868662132260551,1.1867735027918787,3.86210176261114,-18.69586239193421,-7.725366819815907,-11.007576280307859,-6.04732626996162,-3.1242569145467236,10.586352433500348,-38.370283364360894,7.258650653707642,1.2121485490950414,16.710932711688997,2.448310805743381,5.201595193951741,14.993774850975733,19.0622973449689,0.5744171298278156,8.139353615673395,-7.367739223464905,9.67149963460215,-0.567835990675976,-4.159769248222849,-7.847336350631334,-1.6052440826046797,-2.152385035646331,18.693194442629714,11.995822773731808
1,-8.982087376607147,-25.310200359719982,-20.991552131866253,5.5995698479496285,-3.9857549675714887,24.78439970186254,-7.304210804252964,-9.252528607413488,-15.871071844493324,-5.308870604613743,1.0862108343404744,-11.213789476496524,-6.112137972041733,3.6405028225595037,-28.268544824163833,-2.250592569082412,-1.4623318482257313,1.7349569526680289,-5.460280338964007,3.7725823050585676,-22.561453492261535,-29.712629705829464,13.014393596384425,-5.7444331138798255,-3.218127804846825,-10.661436889747982,-7.681916888959545,-18.48618374846363,-5.508292980670982,-2.332621221114291
7,0.16170987385436852,1.3145132408448355,5.737245845241848,-3.566232787935725,-3.9998009099407454,-22.1636028103854,4.544950875418202,-0.4322220313483496,7.887138960149562,-22.337096097851884,15.252619611123297,-37.71335787345912,-9.666098471561538,-17.30993005886221,-3.133526320056094,-3.9562947807120112,-6.154546609316197,4.594371579471591,9.845608163633521,-32.76289214860361,-4.017008783747983,-17.725741378098583,-3.741031218745547,-21.385686681248668,6.923676202042091,-11.63280229816787,-8.24176431513195,2.512952206353584,23.264304243831447,12.802330049813502
5,5.221222764173918,-20.723132346126576,2.998610311500104,0.8338533075685537,7.737288795553885,-5.582397024665636,7.014865700244535,-6.083299908744871,16.831369825785824,-2.9832827228721692,-12.082493109772901,-32.65770828159729,6.711132501359506,2.859170526440128,0.8399389868790648,-14.75829996998945,-16.46894723556295,22.832802594511406,-6.589861289798368,-0.24892018064362964,7.166042098249439,-3.327585285086734,-4.722895062209842,12.011585698453777,-9.155879824432938,14.334551476276342,-2.1096648100810755,6.360015792538621,-6.112692954991556,20.487943550046005
3,9.39838666715627,9.571602663804239,0.13920476010913224,8.706739908148007,10.14145296969446,-34.52201501483311,-17.419150836174193,-5.40113947747431,-4.194710926825594,-8.851875596779866,1.2105006163732306,-9.305271482734065,-2.84366704167288,12.27562434359858,-1.1864836829740653,-12.634676358665654,-11.40814583074206,-10.25823845300393,7.453981360051032,1.5861684456279816,11.780213924887708,-10.515110351778896,1.9531911540538502,-10.807402965300929,-4.268835615961868,-14.458138001595941,4.751059657465522,4.097090512551434,-1.5549195783679066,8.431760791643603
9,1.9019005494437922,-2.3163278602260435,10.99964962112728,0.848712108495056,-24.797940225822668,3.867955967517041,-2.6466963780143455,-4.780961448300763,-9.249162980760993,-9.527863398984977,-2.019846138674317,-5.85691850191732,-16.588071598872506,11.695615042732342,4.504587444571117,12.821207093231745,-3.435107145540605,-9.62396514417872,5.721992889200308,-36.632534218790646,-49.36799988503689,10.165864696229992,-10.11457328860803,-36.96715703017788,11.913933631708733,1.8740705139356577,-46.21606935613236,-16.28886488626784,-0.5463175554211966,5.776843871991236
6,1.978757571560637,-11.026746646970448,-11.79339744660499,-6.828197667339395,16.17535687895255,-21.55185152468379,28.70885947021392,-5.652073063657777,15.545340954103011,-20.801332079479636,-2.9628367806261293,0.4739928826426647,-7.094431599839372,3.0450291021197406,8.965972099644729,-4.75635556794956,21.39491526106236,-14.817713498454724,1.203844686223464,-22.921015434240054,-0.8316870225851206,-8.249249973221017,5.029424191026211,11.151605459084877,-26.349790294144803,-7.8340841351651935,-9.030871467580807,-2.944134300754462,-18.542640013068592,14.571169490218097
8,3.3074598510518665,5.914693327748109,13.990193521451467,-5.450536010282983,-5.990029851223444,-22.886214895973794,20.63718989450756,-0.18772105796005123,2.7525180801206557,-9.061592435893184,-27.564522995626064,-5.163885553365219,-0.9012261733236411,-26.02777564723459,24.50256195891731,16.145564499918052,-42.74013216185406,-9.72609751682543,15.62115593856148,-8.706314902586426,-5.674911793279246,-8.672891637589302,5.109105024899635,8.63618686332946,3.01823087651107,-3.221568661573074,13.915448158410918,-4.610810109248953,11.865845324477773,0.3791104883858605
2,-2.501224038427294,8.141620216513218,19.26070529033835,3.7660698939351915,-14.693870921349372,3.137485043219037,-0.765889024960811,2.163102869989721,7.721130425789864,-7.518149173809457,-9.6329792633524,5.300562284599855,2.2709497895407957,0.5062471055866222,18.115224612565044,-0.7640465792389599,1.6655464223586653,24.840331648248124,-3.1628010427301447,-4.2055825381231875,-4.890253243361423,4.043942852972314,11.807983146319136,-2.9224557522945123,4.501631471613248,18.503789700630488,-6.797576253008983,-1.760107492849233,-12.137934316229035,-10.88565554281381
8,-9.446631142526012,7.867357819651318,15.056302413752842,9.20336145978399,20.224545737162458,25.3205508731688,-10.474961933949666,-1.263096134955009,1.6640502049562356,-2.1816579244728933,-26.275846864925985,-7.8552491863625775,-1.3237916058611054,-0.14813211178591912,12.389152968998653,2.375530254315903,-9.31750836518015,-15.359520414312176,-0.6160566261243146,-4.4969421211812275,-20.48687251511044,18.268883560242678,22.923737599877636,1.6470673814226895,5.67950214563618,-8.076765384444663,-39.42850878616275,-7.936531987878297,-29.016211467868843,9.24258011934718
8,0.23610737854898556,2.1179837389515366,-14.529301865221747,-7.064405402817899,10.14833881621313,-16.21229217889756,-10.199391454574029,0.7382262752496656,13.195180219229036,6.241601583168633,-27.705268126299547,-6.40366068907881,-4.7036266739784445,0.9852943858261121,-10.392239208850663,2.224555089867291,-1.4748037493637014,24.964274234712498,0.04910824814820103,-10.6915417432176,12.445264223212158,-13.716506663563372,26.705491694278756,-4.866297256799013,-2.3200260136352107,-14.046682634186624,-24.225588987820203,1.9080296941942763,12.773406865356701,12.44550039635813
10,-41.05054747082954,0.4108192165260276,-6.441053543058801,4.29054811320391,31.60343362159621,-15.361115036528245,1.542034963486186,-2.9993311708838273,-3.4124589002274552,-15.980662746729468,7.060394299104721,-7.2307909616614445,-11.723540879397557,-34.30269568591832,0.017264666579198007,-15.049517237487125,0.9715184854832866,17.24425994429848,-7.624412666235328,-8.802227605125854,7.004508199603449,0.7350614141108869,-4.194841024395412,-0.3235666411478231,8.243185033674116,-1.3343630048573698,-10.707167629711872,12.826049595885271,-23.245786986074915,5.10986569763811
8,-4.164359326272265,36.88854531592178,5.274492299179703,9.650383736589456,10.231882819521308,-30.744978442064593,-4.5343014498020064,4.286844057895308,15.523306812694827,-1.1372548385118293,-5.650305163138757,1.3542263355140118,4.971837378545872,-27.09109381231992,-10.283927336464687,-15.22601972249009,22.829436068320216,25.0007680211575,-22.659048930458937,12.418400459272497,0.5731055329951301,-62.21184764371778,12.141422161119518,6.260364863465165,-9.857559528146844,13.199130271236537,-23.07660695929647,16.58766651238655,3.9463511422796347,13.621208006538094
4,19.99447850296406,-1.557507968056784,-0.07555711896662759,16.118918185529562,-4.258724713933456,-45.76821615231211,3.033684455995319,-8.589247340756842,4.817777214068908,-35.7187148783419,16.52550162030481,-0.1905877232323424,-11.400264414604674,-21.210590121305213,10.379629362211539,7.613773394737328,8.305857048878599,5.229111216633026,-17.807539883410268,-2.958556064924644,-14.719565513631151,4.517349910842676,-9.443823666221807,-21.300765793613042,-6.983435075423684,4.13673529925723,19.74981981842789,-2.571780214047304,-3.307892678835627,-8.060522914622325
8,15.759567763374553,-16.356428675278636,13.941679589760898,-31.576938435458846,11.575094333033825,-10.721090246442806,5.71496182382429,-0.7710996657840843,4.9730680158108385,4.243937938695417,-36.262628718474055,-7.164190454677654,-0.9740769762145269,29.44325213450048,-52.83126008899387,-1.7152628831937464,4.485331051122207,-14.725071442117574,0.6835695607196182,-23.26048872961373,5.856315502270828,48.25797107538156,-9.724704919080414,10.47412617716139,-4.223605701701053,-24.194446950355175,-3.6018027767303717,17.0553068695035,12.825843646112949,32.06890077760899
5,8.873478994963975,-4.239780974591874,-8.397130508342462,-15.31653632668775,-5.836775438359117,-33.82982878695857,-1.1145635271766834,-6.524189908185742,17.992594693799102,-5.38220977210974,21.77568245493353,-36.375651712399254,3.3566293093329103,-2.200286786670375,4.700174906999383,-0.6770000672494679,6.5870664520441595,17.08819010759134,8.006555452802274,7.608128591631912,2.6253379666064,-7.672289104192278,-1.30439227104005,15.535872896716967,20.211173982098664,-4.659759381763345,-2.4809003876340427,11.611960654556349,-7.022004460830354,19.946614096333057
4,-10.498495399328469,-2.982184509086776,-1.91249808187287,-4.0082074429848245,-11.24053551204297,-0.9869868406634072,0.5442051518124874,-7.319320081090404,-14.990325202830524,-35.390670010454386,-9.552663792452151,-19.58759931476451,-13.23492911727723,-4.162502255625359,-0.3492590516548274,-6.636584168258087,-5.647516145285981,0.9490804381217861,-17.82374669268954,4.7521761927012465,4.8770965931354056,-6.422846433380231,-5.913791900171229,-11.185084721577937,-17.77201289269142,8.49090000686323,-8.299756916018506,-9.019479534227402,20.33462708519447,4.2233711724336915
10,-25.088336544017736,-0.45027579220214675,-9.813502992086766,10.16111502467391,13.895639489509149,-21.253639352520004,-4.769992595031333,0.9053112965052161,19.57376372275103,-2.981295521468267,-5.900003702992715,-2.4791555726048857,3.0939289152465435,10.10228755950061,7.358016284294919,21.702027423549442,19.776370510108823,-3.5210977788712823,1.6522718490595023,-6.966240645476136,8.328975873407554,1.5342994133960581,10.878648931848856,10.453244494079104,-0.1461517043399989,-10.227533798343504,-8.251800149270444,-3.0572644643458813,-13.983396304553926,16.399983924814403
3,-0.10817231564776064,21.186011720144133,9.283690733827394,1.5719688408745545,12.315649895369878,-41.99209901353419,-2.8376909920332363,5.623030234635112,-8.584052573015207,15.66213361774382,-3.0003865823091824,-12.385773628863337,3.08463115166886,2.3763026356879315,-12.71853470154602,6.782023222258368,11.793065536986544,13.202541335877767,3.7853667429415134,-4.891685667219242,1.050947093337764,-1.9618012517120342,5.150993106938772,-12.630426379099248,-16.641356424293953,-9.811503322116513,-36.64016672255335,-4.634655868804339,-6.625675964605073,-6.1788128743728095
5,-23.701278186546954,-18.086668300896836,-13.07407579820597,11.199908129027804,10.589101941480969,-15.276471554026122,7.094060421538076,-0.8865735540394466,-0.7060306460409493,-5.8899401677754515,2.523106662472429,-41.67874446749441,3.084260172303122,3.535327688032253,-12.2489639418908,13.92996532907389,-2.1445970046530753,-12.140493430684181,-11.539260813182299,2.9904784669340985,3.3291895488272383,21.65002532577655,9.483707484989196,-14.777099044401654,-0.6315750882984805,0.002015077749658589,5.083525743843858,5.533310335609829,11.959171604317232,9.335306917948657
3,-10.320328587904141,11.420222266446508,32.18117594800602,-4.458817432657782,-5.626369475947764,-21.80115535957774,0.41212988810224005,15.33091596684125,-1.4460370054563898,6.32609462489642,-4.757725356643238,-18.70466143442166,2.3920026789588746,-1.8157862164985663,-9.157156233291948,-0.6860759188220719,9.573358788187257,-7.01015792560723,-20.332219135846987,-8.526930258088012,-6.638453987501426,16.72224721180261,-1.3140146897640312,-3.930295478922014,-4.856675864486636,-3.481496880512111,-2.0633911234630555,9.826470222820511,-5.00095139528772,-19.73660459813803
3,1.1057769594202902,3.6686438035089677,-10.314065961171387,8.59622517817945,12.024596975890212,-28.532292183754144,3.529604243355277,-0.48629969687228053,2.0074849821105634,-10.490048687315513,6.103337915644968,0.20999488483638085,-8.718849272280472,-0.04179738765318208,10.765888917930726,-7.2349408517804115,4.44238402935632,5.880892268744713,4.63181766020527,9.005741891105515,2.314156365436923,2.544575327258412,6.125742725532048,8.88995474857112,-3.09459436883311,1.1227125971658536,0.21598651786301484,-6.342515271545441,2.8244718585813056,19.985872906245948
5,-0.786351536258588,3.181172406941696,10.252302869196116,9.128584609879706,-0.9836986382151687,-20.410978285079914,-5.259664702806857,6.370419202954429,1.019935706617825,-6.268146726309892,18.382651020379395,-30.885511070675776,11.093328044040373,-1.4464757322311552,1.9332728301279638,-1.8812997887821368,19.672943223965106,10.664170793265152,-11.147835410308797,-3.2719042249390156,-2.913629800201207,-2.4942377647087115,-4.953109060003107,3.625577318523715,9.027306710931892,12.08395543334657,6.6497786496021485,6.542040886727682,-16.166092563845492,9.46824852126083
10,-35.480190966001665,-8.65629763873029,4.037103155062933,19.39238987081159,-1.1558813925299183,-11.511082473721302,8.19565033176454,3.668264275981726,-19.48807268833571,-7.016707169102686,-8.755488118008573,2.0017967810199533,8.508497348564783,-5.73321753597954,-6.068398152555764,1.7261886755295504,12.813305130723384,11.24131026809556,3.2411976728669445,-8.769710438600596,-6.584201451084778,0.8802651441468701,-16.67578842298513,2.971822952816426,-14.116843820887318,3.987300635681364,2.594376266512543,18.823358029600097,-9.64940886179842,14.37776829093529
10,-27.940859093836842,-7.968264201070493,-2.0627908234774783,9.768854767235304,-7.000485224400391,-10.167818618051093,5.406081185557108,-6.492183912602888,28.058355398955026,-10.576673052083045,8.42681930373588,-21.18840491041184,-7.022283770445769,-15.905101844405568,-3.6224016216367048,0.49048130213344776,5.66162499189369,20.96239022992234,18.11743807697915,-0.057153708557448724,0.013792604860510371,-5.334840712066778,5.601696212227756,-6.678916605112644,33.559698136583044,-3.0780619299524736,9.89265288897958,9.217841544862791,10.48929132448282,21.31995562460456
10,-19.78182760203554,-4.0111633448213615,-16.741069542474307,9.525930560762559,15.668940202407452,-9.115647392526412,-21.30158865795996,-14.906630426319742,28.18294295604233,-19.27506423618729,-1.6156469627285204,-2.2417919855836943,6.620676329480904,-11.962710744934657,8.810575227740323,-6.86114560836679,-9.701341196437644,0.5346616136369211,16.83176833668788,-8.73291321435858,-9.53428576656868,4.104231128596277,-16.720356185820567,13.262807420907915,15.03966570864543,-1.882813217945364,-6.016306008749842,-0.5192431264075386,9.661267998823194,11.112908089672036
10,-51.70164997076989,2.961474420270819,-0.0765358708543955,-8.749674998687324,-2.0062741516272466,-17.472492301860374,13.620252070803804,12.891733875492303,-1.807479131153329,-13.943415948924493,-4.781899671132868,-15.792647116988126,8.321008613434808,11.525996723334565,15.28496352764827,-3.2817447694236885,15.49763269594396,2.8890598520657744,9.746198636169437,-9.073276111639634,3.0374603268520923,-0.4539778250169757,-3.282664178943843,7.515913393584972,2.2425046599084495,-8.438249159689388,-2.2990678522253494,13.243652438466885,-6.544475994536725,37.38222638876043
1,17.877523731739984,14.810573791998777,4.337317908262552,-16.775390272100978,17.668279745789313,-21.954055790379126,-15.71696652091094,-4.937312331556997,-11.047163517248222,-18.676428863211488,2.8105318337904714,11.64180072871796,2.8497107563729185,-4.76406800206672,8.11686608911768,-14.357449204780428,-8.920172968519358,-14.642597022569051,-9.038995234998234,-0.751494324842068,-28.469005912278384,33.893772548248265,-34.223692788863715,-5.020795477969815,-6.89246891744796,-34.66677324897566,4.887658738414256,-1.1685257900903485,-0.3875494727010089,-12.268806776483459
4,-6.634576915609024,1.061683526115855,-0.7731793482804948,-0.1298390075194108,0.9038222173906677,-20.182981930034643,5.339681253764595,1.8600116325713247,-23.794229460906617,-48.227270666373656,-19.7416966859318,-12.447599234084448,-3.222096015836979,4.1429031833707475,0.682215165580673,8.928183374115868,24.454300987172562,10.129081900098079,22.87680136277872,3.807333742773998,-6.734280677469824,-3.2534357312287785,-15.614543118776892,3.99218010076497,-2.6402947173957636,6.1814735844694635,29.366535984814778,1.37412764607271,32.81109921522451,5.063331838772612
3,9.197730749691372,-2.6792389056635373,0.5739147819046182,5.5523368250742795,13.55336676022079,-31.04724631983323,0.8615585307211149,-1.6362637424924,9.63857654470137,16.235189135116194,3.9867190908421706,10.729448236857733,-11.749051773790146,11.488100488222832,3.2583123559081826,4.497312992869472,7.590301424833543,-1.012181824125694,11.772664831526779,3.660601174985144,1.018216084440018,5.236001135311436,-0.3860040327769274,31.433983057162283,0.7822842958733842,7.620293471722377,-19.79150369261366,-20.834896920035973,1.0884201528032478,5.72517386418882
5,-9.83702206386918,-5.840802096200325,-20.89489155670896,14.65233016016351,-0.25014124225078893,-2.9492159848138932,-4.421553771133055,-4.442261616547994,-6.766823758623935,-8.871529941549337,13.047041348094417,-18.759633918027912,0.4961062858895073,-2.2871970133540698,-0.6412153558718767,-18.90458308365363,0.5257381760029278,-1.0742904808930254,13.892000165645129,24.765337561131155,4.306344013350767,-14.431508108329293,-10.66834464451577,-16.79925250196011,8.311308797114647,-12.646332810173508,5.776558064340034,-9.943010035649268,-13.054460918996304,19.644886135009163
8,-3.4034841400949807,8.920994115629773,-18.357148125359565,-10.91002293495336,11.658719896818322,-29.963357191520252,-22.75475090106129,-3.3018319801048497,-14.79951615929535,-9.548529732823448,-41.547661759522576,-7.297553370949435,7.151270116703941,-20.454484080095547,1.7007220827467588,17.866376704564328,20.141181236686176,-19.26386785751237,15.628425330415919,4.673334533435708,-8.291577153337883,10.145550299560345,25.590712617311308,21.942056985769195,-11.17371796759063,-4.797415892523688,-15.04957147284439,-26.285990383872715,21.810421527977095,-5.127476009418787
8,13.47980093966496,-6.621053304842635,8.64828534912089,-9.045350182778435,0.36700339974878027,-1.6110333945526545,21.121043913390057,1.2245106658547682,21.968180145315355,-0.28455800105446194,-28.197603427845326,3.1744909492591633,-2.9822234600994504,15.300790474621166,6.381037874658162,-26.63100525726434,-21.153175182507283,-0.0001806362185758914,-22.39620384689271,13.48666431831479,19.846341767551337,-35.80914464405916,-2.9211127251170725,22.29202208321457,-4.100673489003546,-13.394558159961019,-5.799645237900433,-21.08554006183583,-6.234910915043505,12.460067249997154
4,15.134311053196654,-13.157735257463715,-7.3461974218540504,-3.903769922389731,8.356029974865123,-20.13883374911051,13.018680330342436,1.090141964016036,4.797718150264943,-43.739088713562104,2.925347866327659,-18.730307533400985,-15.97365685187631,7.138444897234903,-18.971311661819552,6.713170427414902,-11.460586520281034,12.891013781065407,9.245640524985971,-5.479801078625311,-11.587164985866837,-7.0186299114009465,-2.389993367888066,9.537719800131168,5.607340727688002,-1.0583664506333204,-8.324262840107494,3.3295033740231528,18.47218478933887,-6.23230494368679
3,-5.047375744453544,0.39727215501029256,3.3654142081810834,-1.4644480819272092,1.0175051312392545,-54.93176351124671,9.5337176029789,-6.039133516501433,4.017704334562098,1.1195621941585894,4.683543008394022,7.026845788563543,-10.914284454998011,5.638603805161926,7.8993057760383625,-2.574404595919174,1.024158500832707,11.82224647175027,-2.931279441805942,-0.08041483161868093,-25.151014576907468,-13.984590544880954,-4.722564955643638,5.126813225150368,-3.463700972197308,-6.917476118225247,-0.12705182046298885,3.807063987691,12.383606560583376,18.20412246545875
6,-4.923895456675352,16.966435475803234,-1.7106580538776164,7.904996035467173,-0.79041872083021,5.715819687946723,-6.604832994072899,-17.54973098214396,-14.152934363886953,-1.395158862332745,1.5054004737300546,-19.771332251106344,-8.964453168568738,-2.712457642358657,2.277678535859139,12.622375792761888,-1.9935891027264339,-8.491280344797923,14.187916080548103,-25.603041750040585,3.504756892402573,-17.31539289853494,-1.5969570404553997,-4.20726802502623,-16.270083458920258,3.4645225611452926,-4.591283222581636,-1.0077436094613623,16.678106581541957,1.995818422806794
4,-4.869725402622968,-9.52777775583655,0.451418181823335,-13.551613581879986,9.774157108383168,-5.6807296390767466,-3.9556293854140896,7.069542775728509,10.834911695246511,-55.80077925456369,1.1418416332118448,-26.69851705505288,-22.06521688048152,-15.205157631238128,0.695737499315694,-2.3804880494475427,17.858030012992618,-4.340433425123424,12.937767464287091,1.821562550250067,-1.1596846175976467,-24.093595112223845,11.286224864303977,5.785932820497039,-7.853113352211135,-5.9976423046431595,1.0024142518198944,10.303185952319998,15.92681880349184,24.574970780182667
5,19.33272056047396,-9.582701028514684,12.468954360521138,5.7182136719872565,-10.480083089183506,-23.57123931770783,-8.444397012403964,-3.655096253225043,-16.952669905567728,-4.601974688419091,8.60809916791565,-20.72302711562615,-2.8290758629157033,-1.1151340867076414,6.430268340988446,-8.2337727064312,15.648347790402195,-13.236012630280229,-0.17079811544988055,4.0363539913480135,-2.1734181858207355,12.699323990506603,13.5674241408844,7.012746661289873,9.157221466016155,-4.059168635651976,1.2625829726167557,20.892066642575113,-13.323696033864818,-2.5321147317217374
6,3.5891888220072863,12.033588048693272,-0.7103684865437183,-2.857324198874302,7.678254417712765,-18.78911736586907,11.028255317248805,-3.2015741199097234,3.6373132419168925,8.140277899690686,0.07848529670828341,-25.448921087589056,-0.0038079859008083305,3.2418503468059443,3.301108138279503,3.7211766214920985,-7.028461889542182,14.960471285891185,-0.13452169484191834,-30.289407602509,7.544336879535743,-8.790264571706604,-2.3611519684434494,19.802462020868077,-2.373917023415114,-0.4195922996207433,17.997534577522227,14.407227667558715,1.8078032795382994,15.311482085777387
5,18.745677022853386,14.233957953383753,-8.075528365901462,-8.031342564796699,-0.7426596418034594,-16.053594729121496,-2.1124759673303197,4.2735566859135705,8.498931784490647,-12.856797918079769,12.911574383524883,-52.715128330385475,3.5296399616817293,-1.7978976599925263,4.703783566666146,-16.660641093497812,5.241735862369235,-0.6933562832604458,-13.537243163406682,7.574563618418843,4.675743300843763,-24.498545524787136,13.239659644961085,5.552038612398928,25.78510481742409,10.486751363999517,-3.5294742234521883,-6.2140383683699785,-20.398215067678024,-0.3743610801799857
9,12.02671311017231,-15.285293186294211,20.442098028088356,5.1869430234605165,5.820812308375322,-26.1881953161611,16.448735082307547,-24.276751570353348,-12.098627782520321,-23.71526576152498,-11.955215365427204,22.048002680281492,-17.448895672686167,11.882394770430194,-1.543260284381255,8.525230956172932,1.8006394230498093,10.581429428764052,-10.038786178876215,-7.740654958288872,6.595849502398391,21.289426076698216,-7.38913298839,-12.49452212988512,4.748436647463656,-0.10045322969450066,-26.619248129575134,12.723100670442886,3.4056144888028816,-8.056441272391138
10,-37.95000445169615,2.623793778177256,11.596121339369253,10.018080256493148,-2.572111135951341,-17.204310547203235,3.4123314257827677,3.6927644405744413,8.91522656118041,-20.424185434256863,9.522679440426103,-3.3643579369381644,11.779388623670572,26.209587626485362,8.89966065733119,-19.869116765487203,6.693717889259801,14.62857129938628,-2.8911956907297354,-3.0991017723025074,5.071170410961179,3.7251337877115027,6.878290695532218,19.795782276745513,22.807732860466157,-0.9678985581163606,-41.684888662392815,-16.57645448270694,15.088719272239697,10.823339926578445
9,-1.5325688930766934,-0.029984938279816964,7.632704724999654,-2.7888414247483055,-4.302713495930313,-15.356522584790834,10.637709921212064,16.348240448039913,10.000870549777805,-13.476763712725933,-0.17117847994085844,5.902234101685773,-3.240068457247645,19.431185843723814,10.047685860021128,-35.781753270458694,4.47445044759589,-7.229869150039734,11.746646888165946,-11.863148083559569,-5.135344929722869,-7.430065999217319,-3.275909010311671,19.07796893283848,2.781498004121162,-2.2542559260215596,-52.77714885613815,10.83597674087177,4.414767525573325,7.427999489154618
1,-32.68194385896734,-7.155139182656215,-15.167104442178937,2.047183936269187,-19.833994434241806,26.717141207170545,-2.4458950560816115,-14.93433383333576,27.05762724231593,13.266840574363696,-25.102141932042684,4.49610793023476,-10.038631064583186,-10.750720350695484,-32.01951044264968,-1.1577062484202354,-4.705099304499045,-1.5385045189938635,-7.56175410955265,-18.348929518966393,4.530971382511612,-4.060358885897774,-18.7691440975327,-15.02325599998128,-2.310845096269933,-2.332691524725785,-24.397801736289917,-15.523948405329648,-7.186689631981299,-17.142562161420415
7,32.06685092551281,-15.96256747580521,-2.271195116598115,-7.913177800257408,2.69942041734444,8.81819143252939,7.923441194471025,-5.65157230650642,5.449026518203131,-5.768848804661422,0.4954020465349984,-0.6850741339394126,-2.983908375833006,-34.96550956976113,-1.7743410137982267,-4.734233459420326,4.875433800207741,-5.867757316712716,18.202320134274824,-16.59099568557457,4.124687757727346,7.624926096138241,-11.456600630273002,7.413717998043381,13.99537360292994,-2.9451662922075554,-15.563861493929693,-6.1622669164673525,20.940451778439595,17.756476485060695
8,32.57627032155321,-25.614378728149468,-10.912448680714121,14.464601738702614,-26.92580724570828,-20.809061524124488,2.470580006680762,-13.29305441877582,-26.832650052124396,-3.6960698181034672,-24.762632242165992,2.708931498770057,1.126791270411083,19.657228642999403,-4.768349665903822,-3.6134770869569888,-26.803946745684684,19.73600132427773,1.398598183919346,-35.88477457699657,14.636080846415075,23.94151432268492,-21.579575290157667,2.9784847175220936,-1.48709531426245,1.9499949497587035,-3.237775683951029,8.865820690101067,5.904791033041327,0.5636230055760159
6,-0.11606087967999934,0.18721521237429425,-4.5910090003006765,-5.263501413666772,-4.380588147607121,-38.540093657936204,1.3296829687485703,13.3987080898497,7.216008928003957,3.5724485431697133,-1.0195900339797666,-12.622185561931545,-2.370875768118019,11.79781863366938,10.960754817471223,2.1851320490315604,1.8569498338856847,-5.558393292650109,3.0647291373947554,-38.143704771449606,8.041614654589477,6.256923317144448,20.750936479009955,10.875709858985624,-19.020533370188833,6.341463725609899,-6.25074882063603,21.29353085749104,-8.549705916069431,-2.7861156633825175
1,-17.33496899543285,-5.176230703730515,31.687330818998703,1.5294442356153173,-30.193768954372683,29.53820242712072,23.729079515541738,-11.076679143164768,8.767839996464426,1.8888086722178445,-12.30247254895156,6.802104659663294,32.866990989171484,9.095491230109147,-13.496828546745537,11.60598051647259,-3.8188824477807968,-15.349230549777678,-6.7774505140160235,-4.028806865308612,8.29521660055724,1.1729014116114933,37.700687789765745,-10.93339600775062,-2.73709923219249,-13.306820760212812,21.968331588280677,18.72785064889557,-4.666558626828785,7.2952849439862035
3,7.534281359392165,15.55574636934455,5.118808937655322,0.3385450221929183,20.19072633823283,-39.6386939982333,15.827383658946605,28.986672399091358,-1.08057660322253,-5.110026915295596,2.174248085363317,4.762951339623904,12.275481380960617,-0.5479683124064814,5.763080738447522,6.442702450428357,-8.426253942954876,21.18204359775693,-6.065496459070433,7.958294490063024,5.719371419532873,13.563824640187045,-8.705285926516627,-12.394092993456237,0.05249685232062584,0.952220111321995,2.3287344702664616,3.607120965966422,9.906802282629078,-7.579765831094061
6,-1.6219035447445345,-12.920368878874587,9.737314500171987,17.43699513257513,9.427740788466517,-22.695140714094137,20.97543208580613,-10.612061983796602,-4.133326612465566,0.1130528305080567,1.3445407372040423,-14.666466281150111,0.6145120601482558,3.8956318351395045,-8.379862125760773,3.394770088484074,-16.95551552575361,-8.899750795570355,-12.613806459424593,-31.86902482420151,8.902933674691885,4.9652699038545345,-6.682879794013492,-2.884535382514811,-11.679561454683888,-1.4793424580976289,-19.506863641406532,-13.986143239412794,-7.520799233555977,-20.408182041937266
4,-28.051808044545112,-28.537643400999205,-4.472061344067287,1.3396748625400527,6.838568484884725,-0.8284935108742744,22.332601166550127,4.815677156723101,1.5916836709125037,-29.756012431406926,-2.1149096837580013,-32.484913021823246,-6.389517355208554,-0.6991326311970992,-26.988708267563528,9.463826395792093,4.022652167755138,23.675385433195217,-7.904709510525014,-1.1070147901782807,-8.266023172596038,18.368462291580595,-5.318499867277118,13.748274293560389,-5.380282631074688,-0.7810306244014613,21.087962926068553,1.792858450810527,25.275552545655984,-8.682325408422534
6,2.208881660183744,1.9281637215851348,-10.783511027514892,1.3741253940719362,-0.155462930453806,-12.966424869414158,8.351883021547168,7.666116974175399,10.04337236607467,-20.912751942025366,-1.891104164598275,-0.134339609628773,-1.5239203057408008,-10.546849011953828,-14.052531511747512,2.6630338876584645,-17.520932994918425,-2.0082605099210924,12.983693932002575,-36.17742003273689,-1.745481707170474,8.885799484276538,-21.676261043628124,-3.759535449699777,-8.355519755318376,15.153552001211814,-12.255133151022301,18.51155542919052,-10.92099573166444,13.909342267340618
5,-3.106774541709246,11.16539613288852,8.171547609112565,-17.02298238862132,4.73678864715621,-19.59305509792612,-0.8042624012221484,-18.664162229313433,11.96290994203591,-2.464387443842144,13.003479457963493,-31.30199817605346,3.8649320959301816,2.2439958651089693,-9.432182872378656,1.4288556563883823,-25.16872084649733,-11.47936900812243,0.6367832878328714,13.046225631923871,-8.697512304664205,2.8190461796978914,3.8266233029886614,-17.951813483361295,17.140373657249008,-9.528813260425439,-5.286787011961118,5.696782005399581,10.902366998339607,10.784374838865554
6,-4.538048537728183,-14.212321965122502,-7.730586468769286,9.62940523558691,-17.95458329549349,-13.634498244062582,-24.693892006789877,-4.6410794812150336,-10.263811793697727,-5.83242777156219,5.713827597868834,-4.4737865558542955,4.6105359003484105,-0.41725214520360243,8.029805514163009,-1.4190346181631406,-0.9716741757362326,-0.6069352562217507,17.92287360510019,-33.090696070679016,-1.0801731806207995,2.02381339513888,11.696324963145647,4.287167062357222,22.503812221722878,8.511499273561396,8.22895202918215,-12.666634512696994,-2.568331355072645,-0.008108802552285077
1,-48.00423421722673,-15.507609042390131,-11.89353901158014,-11.971300332083818,-0.12466928834110647,41.65642317436526,-21.702889309207578,-14.608506935759582,-0.37481431444550317,10.751089950247115,-19.42411822063945,4.346956252084547,25.827151913105446,1.044204338715205,2.0415051812968343,-14.893712482339188,11.71541774007268,-26.598599362124098,4.628047401935332,13.619351499127893,-11.70021046519441,-0.7359834435897348,-5.601009518850726,-2.3733094780744697,4.554626074460977,-27.88503944513683,-3.1688405813716507,-21.97850063669538,-4.53100458648931,1.0870639540324456
5,12.559516212396984,-9.670299851642065,-4.727351192747926,-4.03855476298162,-1.97669392207826,-4.009900718098223,1.0307056334167126,-10.812949389860082,15.11497769667805,-15.81098288460919,-14.759850698304138,-17.76968839308932,-0.5322409499401134,0.25741241705052853,14.680458927729646,12.714842656391406,-19.039085238644017,-9.177917725572637,-21.27257618609369,-17.526047017434976,-3.6918903113490185,5.93577935669936,12.4310205211411,-13.529796325453738,24.871190200898216,-0.14016086680866668,5.4310769942725825,4.548567373675246,13.675264627742033,26.131262043141177
2,14.256061571377014,0.01708685957163536,0.9748162946403232,8.596758651433777,1.1498889128157899,21.01784807604531,-4.370944365118028,2.7453964870523775,10.452902513274353,-16.54187801317292,23.951778063547806,-14.499762906608293,2.4968868240235946,18.372977811671593,-0.6538000655630878,3.6382736317955264,14.850097037406446,-5.933341018802913,2.704556737380316,4.510880635801156,0.41895375378166366,16.660168306230513,-0.8804369144473061,-13.996147064172973,6.434714186136965,3.836083923638432,9.220367018606686,-0.26298418236271903,3.8604961578132917,16.890956790714768
10,-37.75540950015558,7.909992750588403,-1.5364791172079486,-3.0812696852042505,1.5378992093841395,2.801263139860243,-3.219875317996463,-3.3128382182326157,1.0595549183761444,-9.178891693654398,-12.286941903646603,-20.57434575148003,7.560281364717426,2.620058284216647,9.335577275247722,7.264206168922252,17.019102051833823,-0.9140203920148777,26.119305040330527,3.37709687479244,7.573948723835952,-0.5939873128820605,-18.341013842476702,-8.486779970253492,-0.7204073731062297,4.3101482756305,-7.3474712945081535,1.192918934379731,10.016289982943048,-0.6179006044041735
6,-0.0876584411082797,-8.460340444311461,2.9557753461015883,4.563252051037484,3.8843294621393487,-36.41075180928236,5.270739905700121,-2.7532602216777895,-5.336787199288944,-15.103329931520943,1.4989033397970717,-4.12850475898988,-8.637857003851664,-7.381340312598507,6.749850640389791,0.08628175336760724,-22.32416541797767,-7.840552797280111,-18.86427866946086,-7.477461019037381,-8.330031549330698,-7.102220592148275,-3.293765511420323,-2.430888464684082,4.960548606228642,2.872657501057623,-7.866513362030772,-23.00711561891933,9.634487513302656,8.17647414365522
4,31.444598527872703,6.450297359089691,-3.4829951397877608,11.683319959125082,7.70201334087228,-26.28426914631153,0.7455132896072633,11.006166020134053,13.658449537560008,-24.166495223202595,-10.885179338306077,3.2985898755704817,-1.939540318399604,-23.39932859411561,18.877640072080265,2.580645864414957,27.117605832068318,-10.372738805669687,13.145441436663564,-8.209839068073762,14.761752837557914,12.6500317554458,-0.6028112251895568,10.805847404509372,15.766592184733033,29.790065236142514,15.483642166920282,1.3060753083907315,3.461230094178699,-3.0497029815289034
10,-31.283387954975446,7.2605555453286446,-9.361887013882395,0.8781134097866878,2.346443746289525,-12.910110089962082,8.45554346691399,0.953442717485323,13.154081180449184,-3.7253472267059564,-13.469007116979778,0.4121265456309233,-0.07487683371787113,1.711108415102415,1.6833793962677301,8.06754488589143,-10.366195819164398,-7.03478430940032,8.596798003630624,0.2752068316487062,7.388356176670732,9.229648755428581,-1.5042317147428579,-16.191442132042987,7.899027725700415,-1.91777521014254,16.418629918496073,1.021639627241485,-12.696423195496026,2.857132244322244
8,-12.20626796605137,-18.457946557765,8.714611008597142,34.45733859935225,-5.871979197887612,5.043330302081301,34.82306609998668,3.0567992114696954,-6.1353898890852445,2.334506366560591,-30.58028857206385,-9.141527471075154,-7.7453751818421495,7.984353250366108,2.1651465753354087,17.927634181404937,11.547468955987615,-5.499828832747006,-2.4621347652131913,8.55170417428453,-32.70653891791487,-4.036326914872038,0.3296986851709146,18.811296984690806,10.233151149098859,15.083883449965413,17.747009699704826,6.994749184619816,43.74050837618244,6.754510561142803
3,5.795442882995348,-4.339676132941419,6.79238634236839,-8.421559253404284,12.876377485523681,-52.550655560672425,0.9406834196072046,-6.018815497093753,7.051086677798066,-0.14415731110819113,1.623521992406147,7.8559007963153755,1.3552644465794321,-2.6346629397439894,3.7501795329413787,7.870733751140083,8.287670981056612,9.397464202983645,-1.0649178305228486,-2.425841729733441,0.12224392596297656,-2.028632022797797,2.168424484830949,-4.244051642661012,5.580038024488873,8.393796176668362,11.473966197516589,-3.9200412380646967,-12.641667969924685,-0.9276514654075658
10,-29.550216260851176,-0.29966499487386045,3.606864653473776,5.7168643080623625,1.8266576813655644,4.031700605048325,-2.2680234049310037,-2.849252766024843,6.390837957426745,5.094021643304661,-2.981435512905528,-1.7367900302718482,-2.332354467434848,-23.868708036925753,10.147065689700261,-2.944607194697713,-1.967769608297663,-3.714479058448493,4.032644130565366,-3.580136742644494,3.0244550465664823,-2.68516871041657,11.969906124422259,4.326914674795631,19.547569712297122,4.892230754572047,-23.56437688116454,-7.741468519186514,0.7104902612978772,22.330894597012716
3,3.3259529995442163,4.404766414620968,-7.935191186284707,8.483587792288652,6.598018669488599,-31.144834765575602,14.477497551421878,-14.86794805555185,-1.6717967178522606,-0.8248630163368922,3.436266597407962,7.361295857681073,-1.5750683871843902,-8.878915831268616,9.599135684581306,5.102108657846035,13.43471649043432,-23.540149602980307,4.102082245164024,10.648169939573604,1.3750531767303251,-5.330559660680192,-5.1659735800471465,5.661358141286348,-8.655248664858824,5.099062314778438,-0.8101936266944494,-20.29487390588795,-6.259088008971442,19.171158212511198
2,-2.6118663369480934,-0.4326873369737294,12.279889389942651,1.7239633654319848,-4.988355269534291,2.2972652575545665,-7.242478582363184,4.427208128301681,-7.22817148653527,3.954564738375591,27.246693227269038,26.43324568718157,6.048082762854929,-2.634727789216515,19.877722145152056,-1.7101463837108004,2.8965024622224544,10.358570431140707,15.587293724074943,12.055959605972872,5.314133566016984,-1.9897144791333479,-4.576958233503018,-7.713251899978956,-4.260113821135146,-2.9242047940006666,-4.217980373906766,8.835916043764566,4.21780076090783,-6.662291846405687
8,14.844647220754704,-34.7536759323044,-32.32333463957035,17.608008338859054,-14.912823174461696,7.571997013658354,-1.1935511402367385,-14.098054941312192,10.172954379365956,-21.20571206222949,-21.35472890946925,-5.020246975247645,9.158514349191272,21.214638439842457,-2.3379862881994136,13.668738345311187,-1.939188812211909,-32.249114051529496,-12.771179497825235,-11.734285296641229,-26.62171577209947,41.531652621456814,-15.728917092808624,-11.373795961498486,-2.4112116232589287,-20.160411155511127,3.750866614523004,-4.823359589655047,9.007579189039367,14.95571576725306
10,-34.63465936164344,5.322903134521074,1.4480796726783816,-6.741061041509427,5.593813798431794,-18.768699863022093,-9.626645897740005,11.931552051937972,18.22632954525112,-7.61926397171801,-13.176202855458396,-4.197919395504621,0.39672660181076425,4.964428460801357,4.700087405832134,-12.556624464937512,27.54158912721009,-6.019824439554305,-4.523719185970431,-6.786219608449911,8.21395512978234,-0.25454714566013403,-8.824619111645966,1.1019906345718016,-2.4533252416704405,5.275961456124689,-21.47808842384017,28.921653035169783,-8.219243313214069,13.326213186039986
6,2.9506720732687803,-16.26094669558881,1.0978428865024803,-5.322008778534954,12.079950942783958,-7.7961337034035,1.79678126823721,-5.739074414699536,8.41610832136861,-7.682163898694171,0.4193576253789457,12.61620728290928,-6.499139093610645,12.524277909996952,-0.609345543901747,4.520481229649393,1.1226548222435528,8.386589652042403,3.1150013319349603,-57.786823551681344,4.6898457567071,-1.3893146930857703,-5.234042099036098,0.4048072190563924,30.850462061287896,-0.2214038078913576,-5.82393541584255,6.007850424955281,-6.764603981870889,1.0115487362553628
4,-19.143544786360337,25.66380383599584,-17.542100912993867,5.669629939420027,-7.118103510887639,2.824076971218963,-7.690295472039529,3.6539517436281423,-16.72726079148226,-30.241360096236598,-5.092142137198914,21.84750620966507,-15.378915023921584,12.105838397297193,7.941637912008799,8.91230355916782,-12.233956799888443,1.9073153722381804,-15.79153431856307,-2.9403029473943163,-7.630250762207464,20.244307006671217,4.140455917796416,17.613040317494875,12.011831789851982,-5.4927845060424625,15.26795601513857,9.151734780439728,-15.549104744973695,-8.567395996167447
4,-15.065164484004534,-2.378081185258725,12.974924005565391,-16.868675446063044,-12.279673315404041,-9.164465899053358,-0.9767915541120344,23.74947722276208,-1.7133920222528953,-48.170947473828576,-13.980445534244907,-10.930545472844026,8.67066986315553,8.558880935029478,-18.100101195494933,-4.503638244091523,21.091004045205562,-25.768311698863947,17.34690773040924,-0.18975084154429384,-29.362265584001666,-21.603448594310056,13.387359623887555,-4.595810754820065,16.583847176015215,-4.195242034956749,19.36432814909794,7.108746530333444,-26.42843244888044,-7.872985833145739
4,1.930440059217307,7.274622873936148,1.971457478530957,3.2218352424897083,18.002445939173843,-28.16519924632088,12.76693417922305,12.066108844604187,-4.301623352085752,-31.435328165988036,2.6703200102334765,-10.594095060073576,-1.7663126295739118,0.7211198921051364,-10.104635608556023,3.2428448721895275,-8.662560048453422,3.2914016281073333,-24.45672317678445,3.7880829299289633,24.953939130123313,8.441325719993271,1.8353615346183374,-4.66571156598485,3.8963402627910977,-1.3747661684342232,13.134765033219816,-4.705134674005819,9.992522286647059,4.289192427021788
8,6.412637239997786,-4.737459748982076,29.521828122657663,26.55377465985144,3.1366912337418897,-11.300306789049177,-13.095848406453872,9.70166678034689,-9.948847235616046,-3.4457004924487435,-25.226891170817147,-4.802260203544166,3.2907672777699686,-12.998884371822733,35.93505161422618,13.856632356901287,10.110954785830174,16.715893647102238,8.059187449932564,-0.3936435424222138,19.544591103783972,38.68263484625874,22.988342740238352,-20.030936964763477,-8.146215466514764,-2.375325998365737,-19.698838126237263,-12.367073348317733,-0.560409769835994,13.657837306569482
3,4.883776617513463,-13.358210760187745,1.6258861821638846,-0.8780486642080377,-4.637073894918549,-44.10396900161944,5.883620429353562,11.67400497807739,-1.471507603411478,3.518720418943407,2.822224165237972,-0.04450279251029149,2.7825488640269103,-13.388394398300715,-4.680006986590807,17.34600850653801,3.041467339467227,0.7247068052678028,-6.382012894547948,4.896299033588662,-6.006402149533275,11.042819748819007,5.423207224727387,7.27075701042126,6.168018076588581,-0.04211742005328084,7.412467267465691,-2.658440509932942,-5.2332388250311075,12.431377579103296
5,25.74547460552405,13.285485354436462,14.355523351562484,4.978457601533344,-2.3339901044791014,-11.68004957480261,-2.1104385359537483,-14.386916894231394,1.1040360960503848,-21.061888474915975,-13.074472797963036,-20.5787621914951,-6.316306096397068,-1.371264403608007,0.32269409067053645,-7.7016516960702015,13.714182436768674,19.756428854769844,18.48014215386866,3.0569447958970835,7.10191228724395,12.565306726434212,-4.256678958196325,-3.0734667824419777,-2.619551111866143,2.575604045621355,1.4424802974839555,-2.6277141877027255,-10.243609494312626,26.997792275204485
10,-15.96495270737178,-16.06220579075676,-6.383146722458451,-1.636177096774314,2.1118233263888926,-28.049312752036332,-24.549600485351917,16.854905761242694,-7.082275354111049,-11.586747694783387,-0.9375093818154214,-9.24707686082198,-4.364933881701758,14.937748009047631,15.69404394989973,17.952573476831144,12.20065971373007,-7.509323787473126,8.562526612458523,-6.209115815905296,-0.5447962463897223,4.675081718060299,-19.60554713509821,-11.481976447876832,-8.67447711163939,4.287462786191394,13.86802396426821,7.666571716819286,33.76605199282815,10.826744164138322
5,-1.4479381108071494,-8.299527527269689,11.531796983667677,-5.2591935285679385,3.2152215431883127,-24.12046894421531,8.886520389055493,-4.807049408263344,-11.167815989324243,-17.02428792334149,-22.008505153509695,-35.85438918888045,0.00562641825560517,-1.6238369618963273,-10.175109244021154,-9.660501891528105,3.4147848443128486,-5.0832540071751975,-5.037036927421682,0.13863670495297897,-3.963208376015439,0.6843509012143348,-5.721966311828368,-10.774646915956373,10.048810860776316,0.9952501074559603,2.2250273249247305,4.990542622154599,20.34884442985091,-13.659377796752239
3,-1.6587604382265553,19.463685150867615,1.6279414729505632,0.21921178541816375,-1.5102864022734157,-23.948514381259653,-14.11993147310537,-7.671584912829005,3.0170019544001185,15.57165631981118,4.4371137094214514,5.634704865410526,-3.033802597512869,0.2263898738462013,5.461911564528469,-13.66553339852154,6.5393429093355735,-2.460105311875181,-1.601976576366936,7.792727113388278,4.237910178663543,-0.42675414078135354,8.279247466860733,-23.555189793445248,10.725971274493649,-0.47891094010462343,-6.289794522839958,5.164729706347668,-0.604329944756697,11.00570711504307
5,13.784410089005643,-7.743071214961454,8.02821077164161,5.101154014142918,-0.5610492457795972,-10.396953506158798,4.407267325425631,21.66267902789284,10.665330064965193,-11.265896872319793,-3.821010061775361,-46.40200139708789,1.9150526907700778,-0.5075396953898315,1.894803546986807,17.74219661310715,-5.07798753638385,19.380789849883243,-2.7133884658672898,10.228182849615871,-11.629524957323536,24.000087897186035,-11.618819202327149,-6.314231654512555,6.6100111334245675,-15.14526479688017,-5.516343198906704,5.252728798046839,12.818239203810197,6.3005565716033365
5,7.668515263823574,-1.1525280514393952,-5.872807319111432,-21.749235744553822,0.779405758071294,-8.527486730527363,2.554807048671794,-14.795325470441313,7.961265614979601,-3.2967752869489413,1.249942216743085,-32.82402681521481,4.641312411553785,1.4399781076462994,-9.54494475402983,-11.086776539159981,1.6773402663265964,11.413395241173472,-6.693057908565895,9.31798101010797,3.0871640443351303,-1.8106775509589539,-4.502736666389151,0.39104601290647617,-5.6461158801646665,14.162802682179782,5.063552323619115,4.942074425541705,26.827471997921016,12.145809755934012
2,-9.23236024735666,5.064995184125406,-5.242486176230694,-5.627096537586042,0.4132003958778885,-1.8195243059364141,-5.4295957784016675,5.807206719392042,10.363695676489474,-27.100600442023097,7.83620298660851,13.83561422201737,-2.101647996418785,-5.304565045597502,-7.998361192966408,8.193416640085825,0.9670650196270776,-16.752401907693546,13.511006896736676,17.536857192620616,14.149172616139662,4.009464878234459,-8.376023148797648,-23.02249407843018,8.99720590838692,4.4306550522212955,-3.9963774094650706,-7.815974611618373,3.3132163781171298,11.454714277598987
5,-7.680296034695884,-1.8693831993939933,6.645663633905503,12.911843515268442,4.714330618316861,-22.249266127256746,2.3998378939264002,-2.3642376637424105,4.417695603839409,-6.750931267578294,12.40298738851724,-36.246368505232866,5.441515636306592,1.9994550978418721,-4.974503166951344,5.161195023490026,15.038626285569649,-7.488958552620611,26.3796342232855,12.687966532008847,3.6449989501584135,1.3735657413169509,-6.956358199782638,-14.890478428370846,8.925379172304662,7.066434382681284,3.0631565788251147,1.440503473291878,-2.0801106694291773,-6.238031437617606
10,-30.0213467324686,18.49345613279193,-15.810703966734605,8.652035857472162,0.7417917362907995,2.532040441143847,4.166153378593064,-10.502916781787382,6.045895065573154,-6.316614978639499,13.500230910582992,-4.924626272938506,1.1897269820283987,-0.404497210947683,-0.1935069330303314,-0.026799756047774848,25.924157499540204,-3.217059220654007,5.979122246696761,-1.3213687617040493,1.832910189749415,-11.22594657038946,-22.889864094405812,5.700314310899465,14.098351416655202,0.28837898307730914,1.5418948053419381,25.56015144386123,12.40148949445109,-10.911389041651379
7,-32.534515737611,-1.5312214458082782,7.4420099099218024,-8.79844389120215,11.416146968943487,-12.316742347679352,-21.315330609881748,-4.296463152261813,3.9058999101819296,-14.645067992904163,-3.9680519995382477,-7.821521759768674,3.4091823258142813,-10.932163677512357,-0.12440515313321399,-1.2742171361349202,6.490438365153308,9.965614139124835,18.27577972775966,17.606107077292616,-0.5156435946880329,25.201167628130733,-2.6550556602555226,-1.271167574912634,2.085134858197359,11.547658785706345,0.4714596094417921,14.583588358968157,15.89605173328362,4.620688874796935
3,1.5077736756459648,7.6774687562387225,-3.631694448344098,0.11963480688727371,-5.227569546086918,-31.382214677888136,10.510409800118145,13.076185539071718,1.1286508727652858,-4.014500808059357,4.263598058005985,2.4585449097629617,9.027724101063404,1.0466568373728822,-10.615203055809458,11.464988547109984,8.451718153331404,-0.3809640102318441,9.208127759930175,0.9827629139407217,7.156033546402821,0.6946875296919371,-2.2762823558610132,2.2369925259105976,11.123553623327956,5.7409121265286345,-1.113800889189153,21.740203052513994,7.239313456692667,3.3181769041770304
7,3.759398136263769,3.030162026969441,-5.717204050020397,12.340643496465681,-10.491626850392478,-16.565589685492117,-1.5473205948327107,7.449909553298866,5.946158266739157,-4.457246777558927,-2.2763216052399455,18.6671672213497,-5.555916781694104,-58.35316782147703,-22.832340424543215,-9.295023557732604,4.54750434794825,32.923373571795665,0.6145084053988665,17.920178451261773,14.690887512279767,2.2323998522358717,-0.704015195238043,-1.0119796877809564,2.038588520626239,11.746684240971224,1.4367123917958622,-15.707187730766034,8.054122002742952,10.897910900186043
2,36.12798936273025,3.112863924386485,14.496588548829559,-5.899592156386748,0.2566920583356067,2.234299402914947,-12.735149612042532,-2.3845236234226395,-4.813675321863981,7.7339269380566495,10.394148273985465,8.154362798062362,1.918368666582514,-21.794756680817343,16.110603087496397,-2.0411670739205197,6.730507099177539,19.143036161222543,7.69002373780114,22.88414915194695,-6.142252293389973,7.249994713000488,12.611670170429846,7.447280432542138,2.992724404695837,-0.8238301765736029,-11.745717159595955,3.6452103011917067,8.892313588095643,2.8040833146730497
3,9.256872665250782,3.712517760374223,3.7119741634403263,-0.8169751181072314,-0.09349619391871122,-35.726774972351954,1.0810150266444063,4.21549863698568,7.738926895317014,5.666243212253524,-0.5724161416281666,-2.9757371576821723,-0.8989238202264592,-4.428033980283505,-10.273057060317262,-7.251355140412557,13.264602509632862,-5.769697814772186,5.091658885695418,-0.9657590845705256,-3.928116302209589,1.197913462173168,4.179422649468656,12.511550641212724,4.168384087113781,10.647330871971953,-8.285119640936696,2.207464782782761,-12.608884219535035,1.5384113229173564
10,-38.43873162907617,-15.51630301843894,-0.15094151449267978,1.9016582445369974,-9.431827071796397,8.793618204970652,14.047207795567227,12.513076854438863,12.74054940168187,-10.489033208227827,-12.791383440682974,-14.862519758557841,-9.804414603676728,-27.75181701733076,-1.465731200639774,-6.249854731308501,-6.935923216354793,-8.927894680115344,4.21626700100452,-4.707945051660051,3.674086588200648,2.1422889760816735,28.914997804870342,17.250469137306723,6.585971368587267,5.61432379344409,-13.899378183826965,11.414079748842717,-10.733175871017265,18.37031444093229
2,12.678594420205673,2.1258290619189446,9.123091507727004,-2.1240314740721518,5.865374155677393,-1.5349485494232769,-18.903653951937528,4.229620227465038,-11.04445827248796,7.016437967853813,-11.219759799131506,23.113439333400922,5.305314427837111,0.4853936535530119,12.197808770115728,4.6429980417387,-2.9045260754448075,-3.0668963608009183,-4.587723439432974,-4.839702646338296,4.874963710963625,-0.08849118767513797,24.239401274773847,12.791009167230062,-12.018038505142165,-9.790813584157988,-7.893495387045044,4.0828163989798725,4.043943977792978,-0.7730134985598696
1,32.32973137524113,-2.8168719613747797,-4.615785860218802,-23.629662699912167,7.713344488213576,-24.177020726290426,11.12386407762896,6.1505792290047046,-45.299121806891186,-18.962392646633457,18.57590388337227,-5.412414396145451,21.776118965727004,5.021079722328007,-4.161999666064673,-2.211713598198743,-1.6486862778707776,8.193109997586426,-3.6239658520811884,27.01169237910767,-27.750099436190123,4.780892656311861,-0.2257904646525476,2.7437326817681065,-8.446403354290236,-23.84784783683699,11.29357063265948,-12.66178104008226,7.189659167089769,19.802930367167335
8,4.839203221776522,-20.785749282819182,30.42109974963122,18.360784629453438,12.128287184080426,8.575673933994167,-37.18985144157435,3.6818558965200907,24.96456633541257,-23.732631880549363,-44.16836485171533,-3.8148853613680647,-3.830796245685997,-21.199126705648727,0.8340194799879437,-10.84283413695092,-1.0802816115075409,-2.571971643784911,9.479273214749213,-30.995633448925755,-22.191759156409347,-14.649906844601055,-0.10507139835995408,17.60751265239844,-5.729065561593972,-11.051597258312842,-8.564941080461853,-4.282532811535883,16.591257348545337,-1.8619366363043692
4,-12.837757049625178,-4.732614628838912,2.3243906669347054,4.333452844965694,2.257775524708677,-8.847922685202949,8.10585858531302,-8.632910541712887,9.32708634903646,-38.384284457915804,-1.7491593715338436,-7.657296648524109,5.004555755877671,-0.14491986575125038,12.669552430212326,-6.608165893975745,-22.959359612872003,-0.2232304304686044,-5.583995227070192,-3.4450436155927395,-21.044628199649623,9.554585811210211,-13.661920067443022,-4.812717307596837,-14.867221820922046,5.020310190114815,0.4798432548753854,-9.47800308063497,-18.001662379567687,5.387291447626661
1,-1.3595827474184006,26.99172668944263,36.701447426048034,23.058475901845483,17.888481961126086,46.57924488945477,2.7070094598545977,-10.352970652795161,-24.22160782010362,-10.37727736444129,14.378490529241851,-17.853161773391186,3.5101531542075777,6.183190863121662,-14.304896823402608,-5.960203750670096,10.699616688298285,-8.55563050100581,-8.476957109704932,-10.889462805760706,26.980359142595052,-8.853204309684868,0.16593841059413744,8.375886715277023,0.6554021514418782,-31.759543018081338,-9.943326347731535,7.8855776615687425,-2.859787324354954,0.5229224916273179
4,-8.662532756489478,-24.32782529260581,25.16101148730519,7.410129689776866,2.9651136994378646,-23.09761794071128,7.9278855076449295,9.968384771254124,2.6437020879541984,-60.18182871630522,-11.210731917544178,2.413792939105366,15.977815466608261,-6.923883616877815,1.8567670725771501,11.841181492343651,10.538798753289814,-0.6556811340026234,-13.26786629758544,6.709198129621229,26.45404395703069,29.287260433239084,1.380367617985549,0.01884293302927753,-21.432542097306722,-3.7873482155282514,0.7649831795838274,-4.635263264086902,-19.89014005775408,3.883392050248907
7,-1.801700323134999,18.84849500658027,-7.234602850401738,-4.67848414535967,16.87600933252429,3.49981528132602,7.5943736853200035,1.1031412031572918,-9.86449329797559,2.051337694084351,11.768256978050733,-3.0797843689875695,14.38879590888993,-25.553076753298363,-0.2926239567815494,9.590339945306614,-0.4660516911663044,-4.6126726521798345,-4.946162656802334,-33.47076804996239,21.1885806062355,17.65950557332909,0.6763229403384332,-14.542016534667031,13.950876430303195,-25.675918972934152,4.714548421485539,2.33775509476267,-18.72613220817063,-5.525257422500275
8,24.27621337104119,-38.57472310166818,15.603620957882367,-14.952279421870266,30.723342779412654,-41.85766853609769,17.63343655205958,3.259921752648424,-8.367205142369553,-10.406569619268701,-29.120325548801937,0.12044037592535073,-4.454747027609814,2.373581521903944,15.41300778861845,-16.184761186623337,8.861211887682607,21.200006883938133,-10.578916809996228,-28.542671858273213,13.656221861603466,42.715486542799475,19.330368232587738,14.852006584200101,-1.0693513681880709,5.458489187765959,-17.152211965645805,13.899519829890442,4.508246768264781,11.571216418919153
8,-11.808279496511012,11.62710426667963,12.1610276635211,-8.652321361593186,20.645965855575433,-33.37607269315795,11.633436033291975,5.672917838584264,4.283097987687404,-14.169736747206663,-35.9650281725786,5.526157137078454,2.366826455144955,-11.251562177043624,27.81376216552802,-16.813741911776447,-22.2153543965485,0.8348059135902934,-12.577386759013592,5.436377304569247,-10.85439708378907,43.593575216641376,9.570529376464727,29.494499983362562,-2.485503703453573,25.096193638504822,3.3359101647102904,2.169399765045157,2.7276441839117687,36.02439479661573
3,-3.3793470093872457,-12.564233859372456,6.723120682140855,0.824311047093231,13.675766814551935,-51.20336011290744,-2.5107873759018307,-1.971168900715435,1.5885172940718606,-25.589793660536248,-4.0638243358848705,0.30632128462228936,1.1087982162853556,6.769694478483009,3.8259536862552275,2.6797174647648916,-14.940475794822333,7.863760376590881,-0.1588248557681985,-3.6549593271319414,3.9979945820518337,9.93518192219594,4.674679852845281,-6.251237474111059,-4.797373281535334,4.9340060649522375,-1.2915986395852792,-4.854882467918262,-4.382595717515344,-16.897743431690063
7,0.22828254921275581,4.578762280026697,-2.4555573797809345,-8.949989933424847,9.967304523825742,-1.2138663006984025,-19.94730419608081,5.130361171912214,5.335268652060424,-7.206878783422969,5.583013829640903,-0.8438407877658092,-4.592157875140431,-21.584969186604088,-0.6909458703601863,3.7463087120587755,-6.172348513867139,-5.427856790887097,-8.876558235175295,1.920608398432428,-3.3848791559165345,2.930009066391471,-9.326277789305399,5.366039203086579,15.171863055397125,14.285755794503604,1.8692529297951923,-15.634675091944,-17.838986880757677,-0.9281469422813355
2,22.657553088099334,1.620962407935404,-3.1370266980450836,3.4329795536291985,36.89993020924079,5.0349601061222415,4.675762035101775,2.328000095280334,-14.851698557799244,-0.38571539457355364,17.5095567125271,8.31018239476516,-1.135314977559145,-11.108893467017197,2.8104653313374346,3.1714732626578623,21.314427948306182,-3.6089335827471882,33.622030386822935,-11.819606709725416,14.77828132907067,4.012456927203408,27.814930106934725,8.45125832847103,21.705250125625493,-0.9441273720199446,-1.4038854536706646,6.6231240578933335,14.679257481379114,0.6335468386803962
5,7.646771752100334,-19.36427145447539,6.53711972812708,0.13400647014387712,-4.053385741527173,-18.342052205387343,1.3062666009563846,0.9306931712699742,1.9845879879003583,-18.32711712088497,-16.620658354939444,-52.04944444462778,-0.49083349340211047,-5.191279194187053,2.7252623982562705,-16.397852780846033,9.67251732644317,-20.83304984391207,24.21724774355968,11.476641461379023,5.075419346479914,6.812795833392937,-5.002629796721116,-3.3641718700837293,7.084386989967861,-11.057910028907028,-0.8890776256708042,5.133545547944187,-5.311100964937591,8.058039144108061
3,-15.353707219389712,-7.424639750965977,22.701591034602874,1.7665554948351692,11.0255010031421,-37.479598572914576,-12.631528874475054,-9.069900424962517,11.982407312312384,-0.38490882717282654,-2.418300324897748,-1.5897961733821049,-3.19861777949047,-12.263602885375043,-3.0985497588550577,1.5225714144771936,-4.136426571624962,-1.2096572090468125,-0.5336927380801552,-6.219289503912051,12.13358571095608,-20.76150213362064,-4.653648352789867,5.607870078422759,-5.855677486880354,-10.192402088406652,-8.67281571886962,-0.24828345540050567,2.5498267631616702,1.8037811008392792
4,11.690311197164162,-18.1400942484613,6.077932991407272,12.533948409901733,-5.192018208106552,-13.724159001770687,15.746599058365202,7.2355230495939535,4.5906006194479865,-46.630607415039904,-7.1539619618338195,-10.57128246875787,-5.318327818187725,-13.542242607890941,-6.955306835627418,5.767633185705977,-3.8230875897027863,-7.594603497861737,13.790808958351272,0.8668619537788385,-22.25942770343864,14.759448988867959,-3.273008247142588,8.273238615904503,-13.325302094933148,13.975963729986725,-9.830869476062391,-5.380221192550581,21.04513303218189,13.488171515217772
4,-10.042336133639148,18.611093338442398,-2.7286817933698813,6.287293965561798,0.0924171094493974,16.529970307725684,-3.9773806698621255,3.4655416780077037,-7.883515362749094,-45.32447275861306,-18.077886138827324,-10.894188637187552,9.22112819540591,3.1775883858881704,22.286396285763836,-15.253439891084788,-17.441780381060585,-6.65471997188704,5.478804206579064,12.000341031821032,4.435339471189282,22.014170514294282,4.090732957919241,4.483030575346308,22.533971491286195,9.080885541971924,-4.497759743843965,-1.5723028759180822,-10.760270824917605,30.171557022568663
6,-5.626069376065176,16.235310920424887,1.7794352739236203,14.484907431401657,26.00611049465464,-23.07020512431348,-6.6780790240274905,0.7634940679919684,8.019487176724555,-5.096597740526986,-1.5981374141958624,-26.349242112074513,2.0197380251239156,12.16388516322045,-1.8085114121386514,4.984342590506934,8.598187723828017,-10.476416195238853,7.35138128194235,-40.907468129085665,-5.597117514116465,4.226477770718578,-4.224904519760922,2.4326522684165215,-16.003628292109216,-4.6932510068403195,2.0808124678939968,-2.020903875003521,10.23387990871219,10.191215936601019
9,-20.12317329699791,3.9981717479530126,11.849563146047128,1.4815994809061117,-0.8915754554208686,-13.145077699616587,6.129381276530494,12.465120090892679,-3.6539950628670894,-20.15218583284925,1.1265340082140112,13.04933318797162,17.950922613674457,-9.613931970771942,-12.909803068622548,3.0549088400779576,9.83480637972859,6.853161073900421,5.152787713318542,6.141115139681647,-1.092472605626641,-0.9385987318400251,6.470946485080327,-8.225425391927086,-9.494729999546756,1.5437975042530463,-28.970426759077238,6.994762398388641,6.655261430347804,35.54333445709336
3,1.2833536763833675,-5.653867893044142,-16.920502798241543,-0.6692551839951164,1.1086209285871391,-48.43745474611031,-7.4776966295123755,-4.777556824791878,-2.0848853351088286,-17.1226417735922,2.3177952711813106,0.0026236733809955615,9.463557222431788,-2.2679337215173567,9.885848304513498,4.335664202021481,-7.828674721861938,9.128380690930621,2.159656554145873,0.9916792417725697,-3.425964077122552,18.38624515707792,9.522919797217531,-2.9441300529375694,-0.3584305865875497,-1.4660771137583823,25.001238608829553,11.059251065989319,-5.897397005868333,13.17376662193837
3,-14.005529335955375,-13.909883660927662,-10.897139017489005,-4.556804319020459,17.241607023163763,-31.71697947601899,2.083246044142736,-3.499227967202857,-2.3319306375564643,10.756189773414489,-1.7686548293551476,-16.107590340264665,-3.024711136550079,4.898916854749405,-5.111899647575237,-8.395319051284654,-1.3117982559066337,11.110497522756551,-5.57995934577716,7.620570516590536,-0.2530093249497742,-3.3243427007891366,5.234173787853633,-0.3657793244683527,4.272962370044566,6.790515787387964,6.63343147500723,-2.1679664657318574,-8.996676320153009,-10.070237915818035
6,-2.1001456957453675,-3.713043925335165,3.6706696925630258,7.392492792080443,1.1502820041069397,-13.443268094183987,3.9433103093445916,0.4613251771748048,7.6531027230001625,2.4578810883401587,4.310931559189017,1.319767688209848,0.7132465341760084,-11.212481580625141,-8.53108465835472,-0.3036692409122552,-9.880987703097928,2.9563049040927707,24.190822647957138,-49.167964677743655,-3.092537874349709,10.40857055542554,14.828896087936368,20.214608734956467,-6.476246421254681,-1.7822633888392019,-5.344378626996257,-26.5935120075649,6.546970924270888,11.472419950501621
7,1.4528537119792915,11.893916357774229,-12.389707014463182,-4.356424140101466,-15.996478569216695,-16.178757944674103,6.275145761450003,2.197630996120968,-0.25954028062493406,-11.065588214830345,-9.692142549563808,-13.676329786274561,5.658442454186845,-50.53777777371501,6.7632887916896305,2.302970487865659,3.4136042388889187,6.818818297078884,-7.809281794185776,13.918921685305683,12.480079373005502,-23.793172109675872,-1.1982191605698111,5.7186980752549275,4.677830681016189,-1.5901048426277085,-1.435741936960293,-18.016037372489315,-2.642569759746374,20.785928288668504
3,-7.098409417145569,6.029005154674741,-8.282754850778375,-0.8349536314605367,6.269538477066869,-50.7408385404012,-14.932403464421144,3.484816758196652,1.039115253440194,3.410865227647111,-5.582586880485845,12.327788609119777,2.3708158592745128,0.08112787319511239,-9.06513625205349,-0.08400310345706341,-0.9304927923558934,11.682347609560093,-10.370193200390599,-5.560112521394594,2.7884007444228085,-3.9501526888854994,-12.455030816186813,2.586016766210828,-2.875232883643974,0.92495166698658,-11.814963115766238,2.916956458493327,1.9651164950089535,-11.914085367803404
5,8.595783741149821,3.148459475371442,16.83072409667419,17.16540452671718,-3.18148721087699,-10.973515390668513,4.243411716465805,-8.297754663453171,2.152593660406363,-21.89467521316387,4.77295856312837,-44.418108540527385,1.6914781345064873,0.8339526599695051,6.572167869344126,-10.695984573257581,1.428750836975409,13.276987801680033,9.144303744478629,-13.279602976933658,-12.285201148636142,-6.355564347186167,-3.7843755769492016,14.296278215482229,9.266912224903193,-4.215684323893146,-0.6808947995745638,15.686915359992229,8.09674148891914,7.385808282327696
7,-13.833168443667123,-11.45454172306969,-5.077113607684979,12.990489338528075,-20.30240934783718,-27.18555266192472,15.79907299660312,-0.5022390043530511,5.3434532509981345,-6.481932015555106,9.55814944112186,0.275661826153188,7.737678147232683,-6.262414894406806,-15.720718802299766,2.4079686043696773,-4.3698377359634,27.1598998274123,13.530344356159045,-10.161192077496395,16.405067283024263,19.42471596189475,14.227128944552572,-4.391018384106388,-18.27066223537658,19.30816619809214,7.320821642969467,9.582900274347065,-11.961174672603102,-7.308275332565625
6,3.1672793886906687,-7.2327510124090075,-8.483005519296333,16.76161513266411,-10.998930726013109,-2.001550748052992,5.862388693562773,3.1371964391765355,-9.104803412136539,-0.03630810611651469,2.8038345100124387,-1.5537138756001694,-8.802051772112428,-15.376724174312416,15.67063864789837,-1.8124873616824324,-11.71430662199605,3.7388853449379917,25.91442379070415,-35.55750665219911,-4.276642108199603,21.980397494888038,-7.105331619563565,17.600273193598838,-7.683029635092286,-1.8101034949863137,5.774209578492397,-7.2967829288111545,21.69275672983126,18.772860046060778
5,2.217757051592568,12.14552618483708,-5.9481368642896655,-7.122698997703423,10.672080205636918,-1.4265318476795432,-1.8752650033851475,-25.66678719883774,3.2297212099917445,0.8943624072567857,-2.757944654532049,-24.077316242917334,-0.5817213317636573,2.7821942422004122,-2.6459454201174535,-5.567298871488389,8.267892093400388,5.832534923273311,11.946514982159378,-25.708225047447804,-7.648661789390032,13.990237373637024,4.112527091467117,-11.689168026687096,-18.308714266020797,-8.157368349207943,2.270448779022405,1.3189613254661634,2.6194683855540575,2.921197415981373
9,0.26210219283053693,-0.2503234718880594,1.1633112408556388,-0.750627067106358,-14.56946611967416,-16.50306397852491,-28.672156069182055,32.649995775483255,-9.511184041461686,-10.794473072093298,-2.8312223857595074,-16.02674053910765,-14.904586721845327,-33.41091440598061,-1.1776555141384133,6.244316666772545,-2.321258069316176,-33.70940569964281,14.950104949722306,-1.9477711866214205,-18.897591557857815,-10.021948853441959,-7.120824215578899,0.5798143400249464,-3.508994654794212,2.214900987405939,-33.06368763616808,12.830459331114907,15.01101247157026,-1.9495818313102973
2,8.82237246060497,-0.2764161300373984,-5.152145685596711,-8.443418514559063,0.18496338340755702,-0.9196630346626351,-8.58776338860913,2.326308868748704,8.059142906377696,-0.3500634908760074,17.686204906687482,-3.1167166497925773,-1.4853586934414214,7.80960505137998,3.5930446459020233,1.560735613250958,-1.3539625184661856,26.51464857610264,20.844907701197318,12.1245926094572,-8.248558371191315,12.284395259355108,-22.739204860912352,6.03684336169649,7.032717029704557,8.04796806964135,1.1026417712999246,-6.223052949428366,-1.3022666755171386,9.479303775893147
10,-34.55430346857401,19.47798380582185,13.923631106257107,4.137930508079408,0.566460339824431,-19.05765025263147,-0.8430538868467391,1.1555368237462122,0.8437386350175413,-2.2632457853976353,-3.6098703670799526,6.832273338291383,4.786244409608333,-1.0079657877832278,8.499684892529155,-3.4926053618157193,10.550035419375229,4.584120345972038,8.800944433999575,-13.538743005915077,-1.2478647034062567,10.821441108368443,28.4775699630963,9.529749351410416,9.22824326374857,-2.1862419218809,11.4023819290657,33.43386774085961,10.852916262912979,24.935380867536214
5,9.544127651574087,-12.112364641345696,-3.998499604029141,16.568020805726707,7.808813001634732,-14.571325589221116,-9.408031368118706,17.50893201794656,4.753318763179732,-2.0062526574117676,8.746083393333723,-10.83705886671698,0.2322351993040725,5.402680238277932,7.698386839182561,2.7385764200349865,-7.233507117604027,16.902907079510854,-15.978517680484986,4.734976984537434,-2.6756676097778502,3.135585573609095,8.227401194952263,22.439394472394685,-2.3121896876520687,-3.750254939091956,7.177664195288695,13.270456284508299,9.101800345632054,-0.732076659946026
1,-41.34945019365263,-7.404347946456798,2.644212322529218,-11.705145661052395,-32.63639431635985,26.96258804657886,30.26144145738361,-11.618686030669057,46.763977174654144,-12.399974056087515,15.773270592188016,-16.347302924834235,14.75136563870334,-3.6842538979472597,-20.597369147926745,16.47585460784766,9.444870050098615,3.759942241268654,-5.973517283894882,42.44276165381254,-31.81783059679959,-7.837873390210662,-3.95177764411124,-2.3722450944138123,2.8246766699677233,-28.039560512467425,4.016005323842511,-9.247107734546866,-1.3980771235492482,12.0320580026116
9,-15.189889869530873,-4.462594276719957,3.9604969719816356,-3.04027254863331,5.605352672558393,-17.172414275651043,25.77396027618679,32.763777039857345,-4.437130629783797,-0.2675483270487877,1.9592414037454806,-5.744716034126513,-13.763239659156845,-8.2697545946276,19.601773591514036,-13.079403112520898,7.147520195608656,6.999108533116764,1.2807686261589128,-21.852628857924607,-24.987225924051113,11.48624946439927,10.38754821968074,36.9121581641109,-5.9987973758320985,0.7133666449271668,-38.93894207231896,3.8494221998473908,-1.816510967757126,31.53500470415623
10,-16.944618065266965,10.009890348432304,-3.232643162838346,-12.764367847076997,-7.810956294310371,-14.774012358095085,17.230971521023463,-5.643715968314021,14.441262731250909,-17.03848356378458,-6.826499723090165,-18.049146202611876,-2.758387522695457,-18.20381505523921,3.111341912815086,18.90952131717167,-1.4884096192581562,10.253294512116398,22.60148766651944,-3.0992007355563747,10.530563757988308,8.279782990944742,-1.9598045170243865,-6.431490668781228,-1.7517825926775483,7.706348650569526,4.648717617105097,3.7484304371301223,16.644737941536775,-3.565684040340763
6,-1.550937248873058,13.981168893898689,-12.624814729599052,-9.63584771245671,3.329884638005124,-15.6753462781392,-13.075755401784406,-8.55212715850642,-16.04498888692874,-9.90377112015409,-1.7832145287653351,0.3190987336180626,1.5761317966230695,3.251539838514018,-4.590567670653273,0.3624902429953738,1.1316731727813347,-4.524675483693857,4.125980923504558,-22.231974578850547,-3.1920895060809444,7.731824988708813,-8.2891030007922,3.0404119855850316,-16.585484949762005,0.2727031330738594,-5.601352644037443,-8.27574287890897,15.655068189730065,26.96246073990505
6,-0.04129781352114903,-4.1082375243628615,-6.518959201521428,5.2166413889134144,8.700200607865497,-15.306076748158684,-10.000419671662096,3.5184959310813184,-1.0917948809182463,-8.442630355479393,0.037443829432127984,-17.729028875871563,4.220013248481186,-14.130812100891296,5.589212828478848,-11.308574274187356,-23.422151284972674,13.655964964051602,-7.357598567648127,-17.301578167860537,4.154718259622176,4.947857745204861,2.6399635584758623,-20.583415727690824,-14.887053303803325,7.484556211010175,-12.580184950197003,16.19950084838845,2.945489438879641,37.66955432377467
4,3.114289514257596,-16.761803688423377,0.915417766204522,2.4421814568045277,1.8457228959170948,-5.19118499262162,-9.322728522374055,0.25795640762190275,1.2778158862210476,-24.214085691427112,-22.815382004638483,-13.667484959921119,3.203606554023444,-2.4396355539436425,17.258102712404554,3.34709720947375,-30.361216770920453,9.203962035909933,-1.4126520370735831,-1.7390009577896433,17.62373750582298,14.710101633556594,-3.918808937678655,-7.28656870864329,9.457488213181861,10.34980367056437,13.531437637313989,13.56776396582328,14.657600040893938,16.614329495000984
9,-3.7971110946356244,4.487261085799124,2.3197249301372613,-1.3119251471889515,-2.2755600442037256,-3.245825448364755,2.8938836402080463,20.132581922293237,6.946695573041032,-7.672394923060198,8.283226221116463,4.0430041367552345,-10.66252322059477,-22.67294837702012,19.240903174781074,-37.85069814350945,3.8117070479683055,17.217575867847852,-3.130015244525511,-13.35435049032073,-28.924748436903958,1.9000109280364563,28.826970549217133,-27.94363314424076,2.0751449406496647,-0.12383131206095599,-38.00711371319091,-4.5895781432917175,1.2798362987921497,8.917948567201758
9,15.21242916220995,-1.044654049492815,0.8225198864865103,5.178501611820591,-15.52727584483726,2.949452609408784,-19.949112057950146,-15.082925103449336,6.913426118594023,3.034211273742681,-12.642580757856924,-2.411296709186815,10.550281929329806,-14.494035670369687,14.354424731505546,-23.575425031133726,0.5649240098718527,-11.74691908243327,5.283531052823856,10.414670914256268,-5.9850625262084645,22.316391433168473,-10.957087830962198,28.24080718874332,-19.69951707000463,-1.3494849017771904,-16.1599881307038,-1.6869916169430814,9.282055895518699,-12.019595856855451
7,6.8558498994127435,4.573464347136019,-16.473559631638906,-5.751614574787932,-6.138845479156914,-15.493844313510344,0.6422885867101237,-6.081034470020518,16.245778317959743,-7.4511836963080755,6.736410555585653,-1.1842774189798222,-9.138004878118732,-25.59685670480357,-0.8691535628706202,-3.1765548695360444,-0.522055532656847,28.37318003926173,-11.20116832147728,-24.728404587438177,10.115782779483945,0.4388676094982511,-9.349601317034884,18.89187773465879,-8.368186088690742,12.397240613625588,0.6205686600072717,10.587809870902156,-17.511763656400806,22.147686539707777
7,2.3145658185907183,3.780756812608403,-3.7870869126154934,11.889515893832517,-10.182883101770347,-2.0895541227813546,-14.308446923021242,3.536342547876293,-3.113111826560524,1.6856102499443573,-13.623435855381988,-17.55577261034452,-12.138285075856766,-52.28234377450543,15.75962502886709,8.59436569617659,-2.3139361271624903,-8.371323295220206,-6.962030192639236,29.075849156900123,10.565415733847455,7.408716702975232,-12.176539439287305,11.959551189951974,17.570859460689913,5.193863395044947,-6.660967475106398,8.513336980057218,1.8128713667722103,9.923536207503512
4,-12.665462155155495,-20.05894606266119,21.250926503851538,-0.6020488239905444,-1.987059295713492,-16.953778909440476,-2.153529690910349,-2.91688870959077,6.191026626394482,-63.32448667120001,10.518681800525158,5.459457745270052,8.834975228924032,-6.528449237838383,-12.18605275017753,-10.918603506172849,0.3433087135408719,-7.770096960480558,13.157694095745887,0.22018573454983498,-60.34094807022987,22.426760111123272,0.19994989643867245,-1.5600128403053666,0.18996108048851867,2.3060945736497116,11.87368864794022,8.150882773031837,8.277016598808757,-2.0320627200207175
7,-0.5105867209806934,3.189554667402223,19.509915873433975,-5.009820447431787,3.923598994360295,-17.829859145233673,11.628340389631365,9.586419821635701,-0.39150924319320324,-0.9384124363909123,4.279015694400233,-6.6736884161286,3.8146004676519776,-39.68232441980223,-19.05216252449646,20.38897207553283,-2.8017606847238907,12.545867844932262,-2.642139566114002,25.8881241766611,5.871343409402531,-10.546488522736558,9.80978111002557,10.710749909571225,7.522813381387338,14.877725530916907,4.263461687076092,6.578402946201939,-9.387601898745915,15.449948568519721
7,-6.1136542393646875,8.893404484348704,20.318427819687304,-16.182799831062102,2.298615572047535,-14.744036972259941,16.302265077795802,-4.351416622305379,1.842315155295405,-21.127778338188712,-4.216705262307471,4.507800403199985,-9.553889665209232,-29.298340807551238,-3.7296646688918753,-8.069205739812793,-1.5066214732323138,5.85627545930155,19.3175868881765,-20.895952963279935,-5.289009476103121,-1.141880681952823,9.539769387102519,0.21556069416921853,14.720957975142035,-3.736886621383281,-5.043314468024109,13.10648523873619,24.03699931583256,15.739377378147928
3,-2.0205987400863554,11.469181056656057,5.268516758519034,-4.679703794901481,2.774607199388863,-39.79332009534749,-21.363592102745898,-14.942015862891814,5.173052479272642,2.6110371553781357,-0.4451987784499612,-0.6158476664034862,-3.7787965351834343,-4.052079731580663,4.203579651895649,4.600469870937642,-4.107976821440613,-11.750017583538671,1.9763880833710532,-5.013849914412704,6.125763876118145,-8.150926551646448,-2.3935133152194688,-11.942893498345905,-2.7089211964228888,-11.20390057829408,1.2857276008231586,3.8077497217241176,5.637224537439553,3.4816899935359684
3,-0.11778336026943403,-10.319894008662247,-28.310272052690873,1.1312794264075863,-1.5234746281979956,-36.01624247812451,2.7883129411993863,-26.336767512837813,0.9291527389769401,-4.008012667838006,-2.736724769069448,-1.8435087093758575,6.623681618339908,8.833210195926304,-0.7109060175542753,-11.702840703697833,9.935275684502686,-1.1954624216521503,0.7872735385324441,2.6710373126674054,-0.822794198077574,-0.14444773850153705,1.1316010003666277,-11.89961481402903,-4.934454680730175,-2.5879697778017334,-9.7625730328285,-8.785012298085375,11.988817610786446,-6.413243581592534
9,13.473218675297408,-9.307272710141072,-6.404852281909447,-0.24754315145036676,8.052368274807556,-11.881275219014785,0.4856276052965409,-5.375639587002662,15.853757327738034,-19.7983047434243,-5.39467856619785,-12.685352382618952,5.019864677497834,6.035394222114855,-2.5583910075766645,5.37302162091022,6.552935213980877,-11.27913227925513,-1.449522784657941,-2.5664095549236885,-12.928124829422504,20.943197289811234,-5.409175667172828,-0.18394659001373292,0.7844436491944087,4.012888309187784,-31.699184850981307,2.895360333229936,3.2731029152406754,16.73749751656539
3,-5.714660445361412,-8.850071372538299,-10.748944419860619,-6.677110222242462,1.0629359742270488,-54.129138829850376,8.401563001023872,-11.19074020130776,-6.123847288069548,10.297694670072401,-5.141048231460503,-6.573620909236128,12.114141196712978,6.060138025657712,-17.693085030162027,5.845379363385864,-2.125095208223851,21.725427057247003,0.647921291341924,2.798087452303518,-19.85398606034235,-7.871083357612251,-4.772550308540181,-15.112977127859585,10.551548998879458,-18.874618441070755,-6.032603069015544,7.804887776484579,5.12898712669107,-17.384076106106725
6,4.355575107032337,11.712093509307962,-6.886524901919563,-10.949263372789975,25.2841069946829,3.9238932863773783,-8.713569421688884,6.380940423336286,0.6638121815535774,-16.719426395417663,4.004386511217103,-10.390954508991335,-7.933632337765251,16.69761789896034,-9.621924752704874,13.938171709749147,-15.601885453855273,-3.7390432709969263,-6.374890259137176,-31.884252292491027,6.493636301611053,6.067525816469194,-15.619916462428188,6.0508008829188,9.102785778696628,8.605308416182556,15.512980916959274,-3.3836042617622923,2.5607744038367986,31.58891631921017
5,-22.080867299962552,-22.691528782833704,38.86212778872752,5.247905720908065,2.0481111468673867,-6.109085056111385,6.343397270961253,6.4631205503677664,13.709020154847654,-10.591487151026142,-7.286668434688802,-38.365743916191406,5.469107203642573,2.935751816773023,3.8837444089924666,25.60295008807351,-16.15753841988337,33.737756180726336,11.53280975490831,-0.3575163598441595,4.692618327662744,-8.98792835948083,3.9905608705894915,6.1991699467326,12.430089014151838,18.43435742975989,0.4460112201685373,6.153030066516914,13.97499998673228,2.853313465438937
4,-24.860268504487273,13.286762967241744,8.52408769271042,-9.09904301592399,-1.954897112976939,-12.758297040570202,-1.0811261494008397,5.489462463038253,-13.112923367451389,-40.11689576017321,-6.667706817967214,-29.078747739313677,31.446009194597202,0.6577232036971951,27.101241936200278,1.4757091373977973,-5.5754254150402955,-9.868092142344675,-20.549657692479595,5.281353750256945,20.71554762612668,-3.6824258522127082,14.606316651672218,-1.7028904375252418,13.547212483220568,9.437052932357934,-4.8417196948247545,4.12489496039507,2.473162380146837,-16.88751171660101
9,31.24925387416422,-10.514942277989537,6.815805713054472,0.11112490119023488,-10.389101170340357,-10.990126584421011,-12.044981055786398,-35.852026762199344,16.02185977463895,-1.5949595530757925,9.666542370214637,11.357246767251137,-18.334006753731767,-19.838764605965967,-10.14459296367945,14.139265838691196,2.5813723711105823,-2.1038069136629565,-4.431732630196796,-29.41019206605825,-21.90366364781976,6.659365086543582,-11.466776161336574,33.77677114997962,11.925861664753167,1.4719693184810612,-28.822669716103462,3.0877355302563183,3.290362464030578,-3.034048160448915
2,5.826310112057492,-2.6737744329097346,2.763152857851317,20.737047165017092,3.0072397917649765,7.373078777350818,1.8483174139193355,7.88490226881466,17.110237441403154,13.37503291231107,-14.171809619379356,0.9370729212878643,8.008143730598485,19.026924670670066,-7.051145323521965,5.751287711971008,13.777868659767616,0.9996057806501362,13.402526573729311,29.35972905800289,-3.280107902775079,-1.8955874054538522,5.9427558363074615,24.16338801437202,-1.6754123952100342,-8.304053669831532,1.305151647535526,19.174484189339534,-1.7548963119321623,11.867565282112706
6,2.907475307892612,-2.3872931418358494,-13.991849885774766,7.3529232666259565,2.966533814415526,-38.42689454734328,3.9113569426339234,-7.822701852170956,7.608098084728904,-5.8703842851879,-5.099044764868116,-7.122455874600372,-6.893528446859358,-2.818153155161404,37.12059151897617,-7.544478430319053,-10.955565361802487,-21.40534786688241,-14.184909578170714,-48.5769879497837,-3.971614463969041,-9.610552016622075,-10.831321705566623,8.599577200928465,-6.503963588836756,-12.392797656470028,0.21694324795140396,24.328394347093017,14.222347445614455,20.604122429954483
10,-31.515437542526413,3.5738862036227843,16.694737769858598,-12.15744188570656,1.1205277519115788,-11.92820873823287,-8.676478727628027,10.116576304252806,-14.054589346854957,-0.9571116586972588,5.78577027420802,1.6304982387056492,4.808086783614112,20.184467287935192,8.90595789170199,11.654347576398356,9.258933485627251,2.8841070058762863,-1.3134248078516313,-12.434628338068018,0.9960840013599244,-9.361569047409262,9.025243798853944,2.933558300289654,-9.911060374803743,2.7697188665182395,-7.278508502930355,17.16331665300568,1.9386948351528681,32.89048589059859
9,32.25890481465655,4.570736893556299,-9.142469777515933,-1.9641240871860257,37.132776996488275,-31.134693659383604,-8.485769412630201,-7.677810083852295,2.3862807734721123,-14.258578521530751,-1.4222192345602245,-9.110907814230155,5.389851914208886,-24.745858586935746,-16.18831499548272,17.655322900314157,2.433429299529928,-7.08602148917377,10.632874545708367,-42.23480581694539,-8.267675898918892,-14.662533121568,14.349421855050455,13.129664727128205,-10.46195132037888,2.0431440257059146,-32.9408010872743,0.043515375802544165,6.9887267921250125,25.251307784851853
6,-0.7486463760887587,0.657028706100572,0.7679457915715713,-7.734805410969973,-6.337301259072547,-16.58827899466662,-13.679178415025726,15.304381437962281,-12.30718378257923,1.978967925372979,1.809214931412897,15.04420926055106,-3.1244331814700432,-2.667832104531869,8.503673808761953,-5.004202248345511,9.342424059216642,-14.303446105286014,19.1343047092176,-29.962933710658135,1.711789038359551,3.2532743394286343,21.57547526251956,-24.046599209221522,-21.538404155203065,-1.6745872241198019,2.1811664590407087,4.493184203714639,-9.029058944233414,-1.5475382664223343
3,-6.496682799271126,18.062896577823967,24.204600015998306,-3.092038815791487,-17.51590047731476,-25.788412082023612,-1.2331491285569898,-9.852409641010201,4.413433045549803,0.09666838721552778,-0.9322487079953989,-13.944263444109799,6.780059875498488,5.4582879134530256,5.8692652744009965,0.5743156609914704,-1.6078341303180281,-3.117030100056873,-1.369243716136405,0.6583098488890442,9.549455422230412,-19.285700357060044,-3.7571502287614376,4.308914303879048,8.464853685408807,7.7543976561097505,2.9590725785582603,-6.350883602935184,5.088150822832894,-4.946851552905544
6,4.227168702343866,14.445909868631752,4.458322396561762,1.3874233085876402,-24.896019485109278,-21.48613243533741,-13.312227991221393,1.574570675436184,-2.229154135402318,-8.53171488870063,-3.6488620841472432,-18.640668747996678,-6.494521099950603,2.8588913850213733,10.709370271874038,-2.2368349035200157,-9.68728126234511,6.351422984998667,14.263440666123703,-41.97569087737541,-6.068778088200155,-12.079764971576681,1.629302768022433,13.545513764256286,2.917636705303276,-20.659967004975986,-3.238893842672094,-12.404759648164,18.37500859853872,29.75837598686983
1,-20.61395867303535,0.5201245015238829,-28.760360962558916,-0.16514885554597836,-18.960852375317337,2.1680061595365894,12.778324555228101,-0.08488348777700505,-2.9946328401068225,0.870156950509998,-4.0639548604736175,1.9819785636647902,-3.8702411430920862,0.753476803347291,-2.52702120655142,-14.251898839420042,-33.061025891078245,-5.813725551775384,-2.9939294242902017,51.207371408136886,23.109800166907405,42.59779342600437,4.467810962196652,-0.5152902983553975,-7.218038440845893,-8.032998484369159,-24.939541737718592,0.155065473500132,-4.266491480108764,5.0573808383282834
8,20.830471672691775,-18.506903011565985,-19.591136692189362,-26.718575669523965,-11.45443239741133,6.421433977715697,-13.364516859104455,7.435044387270752,-10.834632458799861,-22.106923333476296,-28.40875126837234,-11.141810916013483,7.160521217296212,10.97101453098016,-4.30166342017088,7.821042970227917,28.887456692456038,6.171055713269212,8.385796958340514,33.37427335070851,-21.488678148401615,6.118169063861558,3.690391268759708,4.807939377630629,-9.066474727959168,8.003312738831948,5.235331151748025,-5.639960249833216,24.999977992803597,24.489096008362637
5,6.348530023148113,5.263637361204717,-1.393105354432387,17.603296890583497,-3.993764051820913,-0.13038913761257298,0.3965481299815342,-2.697944980468454,4.073126181125693,-0.29844950830658945,-7.251250520990912,-17.51679705219847,6.233321154662967,6.224678599635499,2.1790217678101227,-1.5174160170933044,-34.67041551625954,2.313071716056878,-3.7963736928751883,4.719813846927737,-5.7149126214905825,-10.487894117171116,15.97175630824641,2.046954444682285,4.7756220961523255,4.694982432049422,-0.16883182674249592,-4.206931742814042,2.2664737069270156,8.132810060963315
5,-6.67234885272592,9.96751842866224,-20.18320885906381,1.4555636104043286,2.279857273005952,-9.781901047789038,3.677667559636216,8.781271500335597,5.809802410893846,-11.562368986927858,3.2609361885550934,-30.38470508131786,-9.070793377051181,3.1723924158675842,0.6130142216672665,0.8768078041509247,-0.9464898659952403,9.408256944281304,-3.236718524983316,5.191328794300626,-1.3402461325946438,5.827657050869878,2.844558753817744,0.29797138439374415,13.176034027107729,4.805139804815829,-1.6714715232749262,-5.388936619129055,-16.302263532070764,16.34044250739271
8,-1.628181551059921,-7.446374784144519,-1.7888202848518353,3.8207978356973027,-9.65470222848015,-21.47448072730225,8.327771590757406,2.1164909806550662,11.156441234777521,0.07364311693396353,-22.864532284011446,-0.7593834281529857,-4.479233799096878,-12.915823765008753,4.426191417486904,13.489281603544367,10.45214439546266,-1.0570400256864612,-3.6242117553048665,-17.316601622693433,9.196624224334101,9.32697314992741,40.831827210330154,7.5220883085725445,-0.8527673845611896,-3.5792260242229545,14.192309144142914,7.627227955428815,1.2130705232614565,15.100693288905223
8,4.244260640343633,-2.4977068798129034,15.778884126127465,32.03461348425559,-7.515449274142943,-16.96723032107791,18.841342185612895,-3.5359593250889025,4.116418433456591,-20.349965411559886,-22.38855210693759,-2.7007330275397106,1.413441279107704,13.129986118948008,-2.1397803475143933,-4.427594529134448,-19.073264507381584,9.289680030876783,3.4355430980696298,44.182364544204546,18.258371935467014,33.5878503961448,-10.913604033064454,26.314301224427496,-6.9337464362038945,-11.630582234718911,-2.347345356598648,21.62528441764307,-11.893973195131089,12.918421367648046
8,19.051344992256396,4.479543042634764,-22.99637309051877,14.17760877874206,4.0931717332982664,-12.463573515937108,-11.570688031852145,-20.148986731298628,5.748341371299019,-13.526080789007263,-32.72022336660669,-13.152603391143998,9.418108808682211,-3.7740692016691337,13.420485761499993,-18.379337718106804,27.269087246006837,11.408585843952675,6.518809039712748,-10.794800426568107,41.68818334743775,-3.2066290510602795,-35.276407343578015,-2.770232276213557,4.320803015844602,1.5326225611012771,-18.37850572110704,-16.144611640494634,32.426011355329614,-3.462560549381477
7,-2.731096213303439,5.129674046470771,-2.733238826185529,-1.5310377763583187,7.192932471238598,-9.422848113105847,17.923219584748118,12.835757247171864,2.323228495842905,-4.415040120153944,-2.568040028623078,6.2582115175772,-7.0982117573530825,-7.9429502310380435,12.78423672142125,-3.363439019836581,8.780340514911241,0.8521470010062415,17.903578575882342,-20.496370949835686,-3.149504315993157,-3.4159005871502512,5.091352919684509,2.6309019893618277,16.826805023151245,-15.985476533636962,-1.2625956062252934,8.443607280417332,-18.068155018326713,-4.9189171887137135
6,-3.365969871477084,-24.64015028073859,-2.6844902028790507,-5.521121550338656,-16.051080460950914,-24.824979301035427,10.047190044752842,-2.607053911931916,3.2661693254698045,5.501852967353848,-1.4821268262190173,-23.622681669703734,10.19778198858981,-1.1309549141034174,-6.809235582980014,-2.2550672337060544,14.460372983875372,-2.9862584402662944,-10.30137450981725,-26.837609338083713,-2.748673219656888,-34.086345417479855,-3.747368959600375,5.793019761141962,3.1813279494883706,-3.515798373883576,-4.882169362784076,7.4093334419648755,16.436072980442844,12.762032572585156
5,-6.31243582326589,18.697503252953652,10.749088440497202,0.9855984902303413,1.8859035850693393,-13.621728139870388,1.4180991851831324,2.5187242256518423,1.708084855645605,-6.361002211055592,-27.4193413695314,-36.31474054973349,3.108989286072699,2.343424042270342,1.3069617780329525,-13.595060395240106,12.317457330339188,2.462533330391364,-17.50934020417108,11.842110737733128,0.7953246226416301,17.540876731364904,6.809666375168269,-13.058095516485448,8.805866679417937,-8.488590819422434,3.912514292649509,-6.7547404760678855,15.23793557248025,-0.9856028239185424
5,7.833133570594782,-21.541094681825076,3.3089873969893713,-34.24743605877269,-5.181866801273927,-0.05761111239505645,-5.198518991148268,-15.765736995608982,0.8737875912461666,-9.884470016958344,1.3579377237140189,-34.36020362834705,-5.5221126846401525,3.910574588433112,1.2345967137656175,0.6575667242321704,19.575016345566493,7.296076542659801,22.480385283105907,-5.256526525075095,9.312251949647482,16.572323305246105,-10.44989619363368,-7.0971534417876105,-10.292494199541494,-8.765499093524769,-0.16870895629639276,2.2114561506407107,5.42775240510181,22.271862098456538
1,39.08344419498875,10.899707489423328,-17.260199499551263,-8.286178690581867,-33.50427335202256,-4.348304686278264,16.61778098296725,-0.214057436112574,-24.097421375115772,-13.179492361563717,-3.5754257909466878,-11.175227870763537,-2.3926137642464678,-4.833928195545434,-12.007794699355287,-17.488871438112184,17.059414012187933,-14.711506604007926,-12.403982714254251,5.705700684243832,5.602243850750194,27.11712868524813,-20.336068531188943,-8.851154139837103,-9.717388164531144,-1.311359686983793,-41.07484304722544,9.3169558370047,-2.3242010250613183,-1.7866721162312524
7,21.88999289712214,-12.21085235593687,0.455335348988361,-0.6761695340619709,4.133788738975758,-10.675181420020557,-2.7948732936338665,1.940278286034235,1.958188356169748,-10.784375741872037,14.646687115084099,14.309016036680598,7.348459153452212,-62.369973668861334,-18.067090378635758,8.61294998164976,5.494607921543429,0.6285028884172357,12.407715310157602,-14.551600590093528,4.430823527844199,5.1730302631450495,4.579283847335422,0.4908995570095126,12.466566771773937,-0.3786031463773243,5.465527995796677,-0.384648707622381,-20.060163297446366,9.750960080123997
6,-4.084956865368464,-7.904240011156863,4.412668367150846,-23.26876592057509,22.126288282322957,-7.553976441527216,-7.212396898021156,-9.901213387885948,2.0218341780082634,-16.8020685244974,3.6094431491879204,22.52903692813076,-7.282537091828084,4.343391794505719,17.017032241332785,-10.648377504082385,27.319752405304083,7.513188518539648,5.285339651732768,-39.40977076896439,16.294164255251122,19.071047270131515,-3.309542245408934,16.576466277329526,5.302071730679565,-12.200525287754012,5.570599726308824,9.83874209608172,-4.8912637584080025,0.7958169004933424
6,4.759233652112828,-1.335251424409148,-4.131151908398707,10.697532064115093,15.31311708037864,-7.352129841618321,-2.12804509191351,6.138087855829795,10.247816254832331,-6.892740183701116,1.2155149266022622,9.459707985121387,-4.59361798360339,-3.0153185693021594,-1.9869641823939523,-7.286660049223135,1.4049471913236051,-2.758323987303556,-9.48785481482711,-42.38737546224803,5.112240538451612,-1.456671559419528,-11.428448438429996,-7.315523641256892,23.60507321540704,-2.8680305577658336,-7.455908958900345,12.095215272816526,-10.113157495307584,5.733881349912029
1,-33.31092264509751,-3.9678198520254,31.794707229177448,-18.09667613177494,-27.190196566828423,-17.82843009121675,-54.4978653225425,-5.152269631497068,0.06036019276187421,6.023959774016262,9.246213162533454,-8.39152903492478,13.885410158100711,-9.736313056662606,2.384342946997844,-7.964360883420277,-5.2909809932216385,-0.3283815712008642,-5.555123890525725,13.953520517777177,-11.41076139091459,-6.636762351797788,-26.879020827993525,3.3251190073869727,-3.934648662331106,-1.3622022940840322,2.905346099660391,1.3976907361805484,-2.4038105455992964,0.17785693832181604
8,13.238491885342468,25.319109025340893,5.442424534708669,3.794403699598211,-7.407809015565489,-9.711754084113537,5.665358787337054,8.595193024599716,3.8922032787742675,-7.974970984771696,-32.04775004978944,1.8021016423190126,-2.155987634348519,2.886720370003289,-6.189661242958461,-1.7999006665709658,17.01807287331095,1.4406117491387698,11.81616371592581,-10.36462891337332,2.892053837268171,-20.245118598629006,13.377287258483744,22.167777256843895,0.033084085310634004,-1.103671082908436,15.61741115792648,5.074285398440477,-15.623659201026282,28.229733807266527
8,32.20596481363317,7.693752114094697,-2.069405059130249,26.923926994644397,8.360108614100097,-23.13661854437131,-7.835744342152834,-0.23083876160999228,-10.648882794476872,-23.646685246086008,-34.179429515487925,-5.280079199467602,4.7197166410332265,6.050445881315521,16.6970976284339,-6.114587828475082,-24.25577556216388,-32.219381734955554,17.681299359813924,-4.330393264624037,-1.0226695995827504,-32.75469613598988,30.120184927709975,28.001391799090666,-15.910850816875275,-29.183109163907215,5.373982629582337,3.661265059497691,-15.060159382374565,7.966529887339444
10,-28.556818857553516,6.203775264967442,-9.796371061283526,7.970676905578278,-6.8451439359957025,3.8138715464401827,1.6314928747383823,23.782835240852865,12.060337973348071,-6.000190503565738,3.7586865461564454,-17.356173217676627,-4.979944140661678,-5.939910970007179,2.501879695827722,16.217340898082803,12.33787341670229,-1.7388127987983149,4.5486228017786985,-5.1366958030183545,1.7764924938727007,1.6276530112808065,-18.760517687168257,11.249777863659062,3.5717906495314633,-2.9317808856981693,-20.640227360980248,28.656886619961906,-2.646967476616933,6.790260797335446
9,-23.94887355746262,-4.061334091953249,-7.4983811794095026,-0.21199682959535804,-0.7150774035534448,-12.395126270845807,-7.286062575877624,-19.714088367567218,-7.932010974825981,-25.38190354288627,5.997439124561131,-13.762735979115735,10.725485027334962,-8.68633764004101,3.703892192661293,-2.581807640930781,6.436475033638998,-8.297568399594299,7.895491948224768,-9.911486375966316,-6.959012954541587,6.904570827930271,13.660302290552991,1.020154266435819,5.902346705186423,-3.7081240879124637,-24.037240096270722,27.00238126860995,-3.765242579119074,40.13513182765828
4,-12.78803649889621,-2.83350649621187,-26.418744117984396,1.9029112277532167,0.8170685421188025,-31.53665035555354,-11.285449308346534,-3.4107320337973377,-2.9083327090052093,-37.94182553692262,8.235117300091426,16.756987841632345,-9.895566782893212,-27.66723884177499,-21.677161134142956,-1.773662655540635,-6.3223364688174835,-0.09362584419300884,12.777532201610747,-1.2606781318391755,-6.086632260053605,-4.93647386635689,6.6285471420959485,3.3950691553726227,21.700732795218464,23.457837863001778,-9.52955849424194,8.372670141323637,-19.14422298501229,-30.348642130370735
9,7.937470314094531,18.62319608461086,4.175062962344508,-2.05105675802254,-12.708367052045677,-26.427737949990764,-9.037717183825187,7.761358798796279,7.460058583006207,-3.3205905925685233,-1.3780102120497082,-6.184816409137343,8.468645790915097,-10.37442123036331,20.470089586775803,26.093101433147247,4.2893468909153905,-12.170700114356181,0.24250800686771234,3.2349953712205455,25.084542650556344,-13.536014430421536,-14.81868789326537,45.35486832253872,1.7084931278623021,1.9350880909688888,-46.76202237619562,11.193311688753504,-0.3992813111871284,18.74748088715148
4,5.965456007849703,11.77775797164504,-4.970432693595639,0.7670332640585449,-6.539606350562679,-24.789764204524047,1.6273641834599077,13.552925710720434,-20.9186215099904,-29.489560374814587,23.423273689947948,-4.583609409426788,9.254800909196161,6.671028830903751,0.14267230324546232,2.388256463292967,-13.465031723375294,-8.92125920589831,1.4236814492331504,-3.691133087246759,10.78569574566228,-36.19230273934089,3.4191557553240814,-17.643783289377716,3.627547839726475,-2.8692846787996213,-6.585024984215005,-15.022030775722122,-6.68722212420923,-1.616154788952647
2,1.772891910002408,2.695639009665396,14.483912119951102,21.020120565717864,-1.5346020181240876,0.2250647019498052,-14.229033472184717,-0.5405617214840612,-3.1132437377530593,21.967138590849615,7.318732020983587,13.08640273448373,8.151538574883677,24.106702346590538,-4.743156505650115,-1.5977073050472792,3.668825365495183,2.0631135076465403,19.828505442010126,3.660059213399803,11.611714327900476,20.246749103705948,-13.288501112136688,11.888057581635685,-20.260001441213056,-5.3273459822849345,-1.5013677203688014,5.62819550838211,2.6081956761337923,0.1082785752638431
5,0.48434392454050856,9.941637308976096,3.5148567413374963,-3.5446200615279277,1.922866216262158,1.6721987851314317,5.431820977151395,-1.0352733535159713,14.176592738611703,-1.0625359119559281,31.01499636385295,-41.639511123068836,-1.4418022225064577,1.4831281090519786,11.89697758614937,-6.625827379132784,-6.409317279732839,-3.2292260874284855,8.710419931551922,-8.142988121077911,8.737397070331353,-15.191304542433572,2.4470195114590436,7.5922576024328405,16.916479687543994,-15.470026624702463,-2.171712013414491,12.786652902816856,-0.15353696707957476,2.428593462543443
1,19.076251858762724,29.879181887608837,-52.74541368255144,-14.7107472762162,8.094494479008532,-28.768063460847127,15.189455767168631,-5.273822180854833,-12.71848106037837,-7.232162847892587,-14.724814983612564,-6.13711517056279,24.851178962484685,3.4159100201372476,-6.138311955324918,9.526565278059776,6.498004152270739,-5.897824959758968,-3.7235005226971882,23.222093921251357,-6.241153456688888,-28.020093508109003,34.63586023191464,-8.751623354281701,-10.255901383708176,-45.29593094683968,14.326229667591726,-17.068723628544014,-5.900780652037127,2.0390127261862645
4,-27.777594353564904,3.9163277462495767,8.32040444406836,2.342015170413649,3.589744320485174,0.561004041922784,22.2096065550132,-2.1567237246655595,16.802748387953063,-27.66268926973196,-25.688008564756807,20.924023705302456,18.12593947526911,-19.46489133214405,-10.540458741422375,2.8155641805241824,2.346517231324802,8.703864345212574,22.580671294813712,6.848110925341053,-3.9896656727100908,8.961986185449852,3.5205186148426466,11.148165955081993,15.774494676344228,4.60564084236138,10.342943251224169,-8.544783829994978,0.9811912863153143,19.775883692359088
7,4.547621401018516,-8.62671251698277,8.615820473427206,3.467104951190495,8.509427980235603,-18.754866500057343,6.510716275710994,-9.565291289133755,16.142630533202794,-18.694156431913633,1.6610826976856345,-1.5122085850354647,17.148403039258138,-29.780139976358633,5.58710555317295,-2.6441645712685764,6.2364345784165955,8.01948127927667,29.750675119588053,-29.40081642706786,-2.0123960193075607,-7.952471749023944,-22.972811964994012,6.265675730394946,-17.30399082728779,-12.755416653547602,-2.888035152957115,4.404062599089283,22.114568300064814,35.3549449683318
10,-33.0539327274841,16.40209009001966,12.226088020874375,8.030809295730432,35.70909283949378,-19.248756525235443,-0.6079011345082826,-35.10203167819318,-12.122861381645752,4.965042500091689,-8.057356176814418,-14.299623506446741,-3.477478641729879,-22.04111458009013,2.1849891482972716,-1.553275424756844,-3.048160220782943,5.346871539591552,11.405849782140955,-0.36206706664035515,-0.7017366446871204,8.962610874832695,-2.2267431709900722,-0.5673915773897211,14.173465945050214,-1.6834049220437408,7.19118062038714,12.554466805653647,9.275529829284737,20.107876862117866
2,15.87499594519678,-0.2348850144596546,-24.140133419266906,3.590966320607852,-4.316853147169547,11.419073082969966,-9.429113772886952,7.040015051025648,-16.341380851309765,5.095769227963341,14.301011840268757,-8.42639038009581,11.461749626132836,2.3897788211347732,12.367644457651632,-0.7709659213826403,1.6594049231926569,-30.509181112355243,-6.930538277706191,23.543471967653957,5.93453045146746,-0.9863716018011508,2.144370310000528,19.437298491182244,3.3535682714145416,7.301263219075081,11.019476914074989,-4.7179009513968015,-1.2626436741110423,-0.6782319551453506
2,5.417354787243394,0.20854761901777719,3.54381338776885,6.509776085897615,-4.690336834589465,11.939334241775612,-1.1067029113816496,-0.9853247994050758,-16.78415138487253,33.82731410117279,4.3608703241518345,21.19931547061142,-3.394953753523105,2.2994466631547987,8.901270589707055,0.2646908906196894,1.1379646812056103,11.858322217881243,-2.4010152957020363,-1.8728962965119873,29.82169186740637,-5.298805504598057,0.3778294772122728,3.180457612054729,9.452203505164249,-6.3158187309884335,-8.857102583509443,3.8504027344959484,5.652920197864576,0.23898104403314147
4,20.97966449569483,7.589252277743371,-20.20617195117061,-12.86302001962355,-3.6584900153312425,-23.502360071765462,-1.3056117460369994,-2.0329239169549655,-8.959964203063315,-49.97166347890892,2.544110886304425,-9.261215426487787,-6.147453475378384,9.13339845644099,-9.777252593600755,-3.8256284934109117,6.502921961622538,7.849933042069752,15.936089754392054,-5.78959594528284,-14.920961960929866,-9.49061654395424,1.6789611670394622,14.016286267895012,-6.776153143444062,-10.129386167462355,-15.925291248066612,-5.963612829554156,-31.067082597223415,20.04582658375842
6,0.2524366159040268,-6.7812739965310085,0.01438051193609935,4.965033659088667,2.458296579057513,-20.118617387719667,3.0093370225340217,7.844694343920898,-12.605926692708952,-28.192946831296076,-1.176289533841889,-3.6623063424860804,-8.398794042490001,2.961478807115456,-5.283514644796071,-1.0430012255616663,-14.762251830119398,-2.255427368480301,0.8227285280685361,-23.308834831629817,-2.6360376637529788,15.208551688836325,-2.067142113889592,19.77409652363301,-14.71676558386206,4.77194712745549,-2.683758875148956,-10.419850118007577,-9.141313005835226,8.237863295719695
8,14.713853162673882,0.3572780771494813,-7.3394759540613626,-14.59764408096908,43.8698575323148,6.220120884321155,10.193736831208955,2.2125035214437894,12.934595286072957,-13.898390895453295,-20.834250704380963,-1.9452881844403622,-7.4427609649306685,17.01162583906256,-1.674960864840422,8.644046169895807,5.2898264500292775,-10.968454898553443,-8.008394740992538,-22.280515559920513,-13.832034500980145,-14.195587545693234,17.811288277073817,-13.992936311402906,13.213365115345741,13.87196402646818,2.1160893038965414,0.5877319177189215,11.124339550914977,8.863146316285524
2,15.553879185509558,2.5038991111943325,8.77854206325103,12.218659561367598,19.81586469314201,-0.9324460909888248,17.184001511317813,2.0437446157097168,31.380388330978086,-31.394137941926036,-5.368420133544771,-0.6842573677698782,-2.8675809194474566,42.08229499002661,-8.335180960592359,3.244279799139754,-2.0189136124763722,-19.013455146221027,12.328474791412397,4.514267305611692,-17.89269081724002,4.852418844133069,2.187785280587345,-9.795970195499947,14.496275582414132,7.641268019437442,5.849636743488274,17.38456402085982,-4.023180972785913,-21.515161345435423
7,14.968636598791722,13.577285958262907,5.2866846544880435,-11.076509915206795,-6.435327874400117,-33.219303275809715,0.9815829079450845,-1.7069875483882644,-10.55781854151482,-13.404281584632194,0.6833979078629886,10.590273735485306,-1.2674006197335355,-30.651583149874085,-0.3592022338950178,4.405555862114693,5.699102116864692,8.482265512303211,-15.48962597290484,8.317400421782192,-4.104092588861693,12.93760780946942,5.772166519406403,4.115557151355752,-7.313483696249858,14.957437918168079,5.9885744714380245,20.80408031874971,-2.0126762641888023,5.187235232084678
3,1.567456383420169,-10.724873835364278,-7.021355240998999,-2.720622713738084,18.106901951739534,-41.03939441816615,-0.3936534733245911,12.545145616589641,-7.172931749825562,-13.073568606307155,-3.2674020072868326,-9.534673845611328,-10.63130216475727,2.1976711658979946,-12.574579093845697,-17.65166143336228,-5.567489822283252,-0.5908820733369815,2.1797888756971098,-0.6911759405258735,-3.47538783566974,22.261060248803084,-0.3768813738847728,-8.774400550921253,-8.816242329946217,-4.465358541984088,-13.021606422240657,-3.810563796427705,-23.12156519599682,-2.4112330636851103
4,-14.196713598064688,-5.965131136529623,6.5912391801364585,1.7140506602086452,-0.10436842015479497,-13.45376702557247,6.36765850340832,5.481042050514794,-4.731346320879828,-43.87105957321684,13.353631486047599,1.1285080617341092,-2.8282401245711815,-0.7519518163238953,18.996714275184274,-20.197417910921217,-20.77940095428656,-7.978612024840524,9.356983187181976,0.7519415364331958,-8.622880070994551,0.0810139228027027,5.598651991436654,-9.466998750773286,0.06311022800746818,-3.5690101465154744,-3.637944797272994,-1.3823908977943864,-4.240210395953444,-14.324219009717252
1,-41.22870511297332,15.11616389845583,-26.042717211699586,6.7603466145456865,41.63382916585142,24.91831447888194,15.785925082680137,-0.3576999840429025,-16.896270986207636,15.371044709864254,8.302267653753887,5.8966940771816345,-20.326848955857596,-2.9902106355391407,-6.347805950019161,-1.2260542535500305,-19.433413760104127,-21.01092512610896,-6.250161321184407,-11.8266076671077,-3.7853215362670287,-14.934853421265778,-6.915613429605114,-15.62431868979342,-3.5787303380468263,-5.406450579405708,-0.8652285305136884,2.7773036010438243,-2.2198914976756448,-9.146229319226538
6,10.931722005936583,1.8363922708545721,4.074100824619419,-6.204812396641025,12.542549259776372,-7.952636222344178,-1.4775811552937732,12.246846130994578,9.157027313517181,-6.467587135620656,1.9811155705897996,2.301049543114541,-10.595107451136796,-4.28806630317988,-12.22128825641663,7.175329117330625,8.983204232812726,-16.202520141702045,-1.9885888567325436,-27.691100441198884,-7.3045647162358245,-7.481979206090743,12.387271147030797,22.96444763455752,21.486833310246077,6.164211524569515,18.44479569744742,2.6299909038154694,3.0370146201500754,14.989422575387072
2,1.1402740222460723,3.1679216775640153,15.877676304372875,-6.213283251589293,13.710243057173653,4.499008653074072,19.006374438883174,5.898920885428202,7.452134118039279,-23.953267991275975,19.343407708302742,-0.28924200182363347,0.947996886731278,-1.2998902326665656,10.436622011907378,7.732256694071081,11.181088599916913,21.970711086581215,-3.35093562632202,10.51772847726015,6.780378180898532,0.7912506166779454,-17.615578827902976,-6.8462251229192495,21.0092438068865,9.929689021334706,-1.4847194548158897,-9.568047939823957,0.12524445010480756,18.572407493738734
3,-7.421103635837393,2.1523761658438105,-2.910782451547586,2.9056798496506313,-30.005004770547217,-19.411815912519273,11.810677625515071,10.772518898146442,-4.293567069593809,1.037380398593108,-8.767371806355346,7.605028622402403,14.877314196586422,9.364110476938011,8.699150647628109,10.751855375598723,-1.1816147751313932,13.905194502037514,-10.37632563014067,-1.5871936893391876,-0.5388410867103576,-6.494884694540124,-6.297615420213261,-20.076252786124602,1.5446205924374747,14.853001514032503,-7.686335212751689,-4.595325700689678,7.083057898639676,-47.74541747880768
7,7.614653168362343,-0.0756149610564344,-7.6063670555080405,0.7967611075040612,-21.8012564726733,-4.843428864522064,26.260445933150297,3.8722474024678677,-12.842879469629453,10.175240822024577,3.467145448799517,-12.24814970553851,15.203838869157382,-43.64389560221538,-12.08229956378208,12.973320542051033,-1.5045804813398287,-16.499196212669332,-28.87873778154535,-3.070826354409914,4.777126972884144,6.489638058053073,23.39806020634511,-3.8306321408155877,15.726419349433298,10.867374648372618,-3.4915712507036827,-17.772296426265076,-1.215653463700195,17.704302981737236
10,-13.977993797337803,-4.609502295317344,-16.58207938375096,-2.8471917269243567,-3.310649246378905,-7.1019711095234355,2.3444908928767956,3.868912689243059,23.432965103438416,-16.031305858901533,15.305779367324444,-15.426246425808948,-4.013838213830487,20.715642970353816,3.4893650825443157,-0.4060889919960555,21.765662651697504,-6.807414281942607,2.6033116674836903,-9.860067757305302,19.09495705323888,-0.8744786659413588,16.064197245997647,0.2525291670407013,-7.251464437173277,2.1012938700265402,13.567344628022697,-14.909844473459387,14.728315283773894,20.871132517909132
4,0.9746780208090505,-31.571938554916894,4.549867000557065,-1.9478469671511407,15.017126533284804,-23.609755681939628,-19.138918374744108,-0.30870562855255745,-2.663626166585039,-42.305994710643915,20.493376075197784,-7.663908456415734,-2.5318882199926933,10.928267010926385,-12.657091050820052,-4.0527406204914955,-9.909861157035635,4.032684414222407,14.9316117587202,-5.297972482725257,9.152465660298402,-5.427226652933837,6.132488607547342,-11.493907747328155,16.227868159424396,7.5031964275954826,11.190827491318547,12.83527910128966,-10.784748715626158,12.321832139268658
8,19.72492123316896,-33.51704410184037,-9.152507448720417,-17.086903961434952,9.35655055956012,-23.5262427278558,3.517997240067047,13.571543097816502,10.31624834939328,0.22885053253970433,-35.15196132466958,-6.242546841981387,7.842146122127361,-7.230861217472877,-11.65418032202473,14.092523737751712,-11.86919927327935,-7.194485952343005,-15.595979831985394,0.049988340200250114,16.330964031858063,26.906975514952094,17.082676911232802,-12.654594579693425,8.043934303236597,-0.03230932459374691,0.37586598600034776,-37.51582847893319,18.76603713152384,12.601809070109423
6,7.45357079780813,8.173648769394775,-1.000113449729646,1.076543456224152,-3.8054517575213134,-12.433611993792386,-15.729479267831591,-10.387351749005012,8.738421318993689,-7.431834016960447,5.573807514733437,-8.594787035627862,3.8020833121589757,-7.714907877605622,4.26536683094028,2.709302489733281,-4.764718659145277,8.01020120911904,-4.870881778155438,-45.39239050901328,2.3446587040123728,10.797483739049781,13.613001974919198,-2.385292922456126,33.75608028781598,2.1812001890984547,13.523860500424718,-2.1329459914617708,-1.8177616354889623,7.6833194098874955
5,15.776278738022409,-6.1610754613821115,12.737889292827852,17.085764208896233,4.345752411348819,-23.089132085146105,6.175235299877728,20.74769647890178,0.75474126987085,-10.607108290631729,-5.399955010499875,-52.15359807914858,5.155974099234207,1.3710368756535323,-7.9290650623549155,-4.061724296092856,0.5105671639666249,24.290456032860305,2.723670773703555,2.7104679917831804,-4.297279041236911,8.520165929752654,9.068899891923786,18.774321795343162,-7.9890436701223955,4.351551286390784,4.460979857304162,1.7173861521891107,9.78621551718653,-2.941190064722244
9,-4.815527919328408,-7.541570373730002,17.374647138143732,2.07889284486659,29.02609704680087,-29.680136506164207,12.285003397041264,1.8563149345043604,-3.956692053707261,-0.9243684158291074,5.1912974146908475,20.360019121895327,15.139485515029314,-19.224265493741726,-7.71753490749353,18.483971517164,5.981529389368862,-3.0313700985488294,16.292727703342837,-2.312707834234595,-37.4005609421367,8.557853949326875,-7.755541800243186,-10.641752870352146,2.813530318101536,0.3430364649989732,-44.5235191107263,-11.132210974879802,9.872679508091313,11.201459056559003
5,2.341557424069379,-1.9572512974717013,17.332126154049696,2.883086532846835,5.805389899210578,-9.817667510049517,-10.403665703725675,14.932870489780234,-3.225164549295587,-14.892371246918277,18.623798503177976,-53.57735596834334,-0.10455916820008027,-1.0751116414878141,-2.4343102760968134,10.997181531261527,12.758265381804089,-6.473785376446841,13.195612175492293,13.674642630188712,6.20277702010682,19.096654732100603,-7.583753688445778,-30.555879807828944,7.3817473269909275,-4.654284853854448,0.379502344241699,-3.767377181819916,9.31647536934915,18.124178282381337
6,4.6256315793935325,9.36525218910738,16.65663211861373,1.127609391667255,18.39498979276066,-23.121581611928942,12.338368453762746,-18.01939680753578,1.7250896662398376,-17.282465114703854,-0.7865891821462525,-15.1706278192363,4.426766340978944,2.7471209398252143,3.176051423195754,3.3336213488388395,-6.551065956919615,-3.941471472269298,-14.626701005965849,-44.76696782627894,0.6531869864368575,-13.161160309679524,-1.120670496232295,18.31895960012591,-1.080120284436083,1.5086343686030044,-6.899599359810806,-3.8700444752673726,-3.5253097712953663,16.41651897847918
7,8.11103528847061,11.076976107610829,-6.378170818099861,8.14859186382539,25.220369194906144,-12.574483170729083,-8.166626734854253,3.247989415066324,-0.02711079550429485,-13.835307290777845,15.030890292521029,2.4959210919837282,4.763952974890619,-35.59409379162051,-12.90206852730853,17.195117767362298,12.139109646731663,-13.276878837268658,-2.4593118737869766,-5.1018079515194,7.948910745112482,12.549169274673334,-13.63124843138249,-8.135044552197758,-2.097402509476396,17.68982310990942,4.088657966025461,-18.7625254783247,-2.0537634984715183,-4.640343478453724
9,0.9331897345218925,-8.114752677636664,-17.804181610261416,-7.2260208366281145,-17.084030467042417,-22.950358133583045,-2.6887875342473855,-5.4575563716623625,-6.741996830098029,-17.504936780413097,-9.747414056773556,-44.608104026906126,9.860143780553253,18.742121276479622,11.086607938491847,-0.5341288323088338,7.010396170997824,4.149261051946128,18.452071318420586,-1.5394343027624493,-9.279525129123593,-6.04484353354232,-33.374213858419424,3.8805677664180065,5.508159199225565,-0.10881674841042233,-35.31714058238224,10.417623103129126,-13.683795923294875,39.13340207241105
9,3.605365732719301,0.125007751774506,0.43046824898273467,-5.31109230641684,-13.180843907331514,-40.05822873908073,-30.361893247825385,17.14993848338772,-9.051331926797292,-19.46163486818351,-7.074794315144944,8.457626006603055,18.899070697236194,-2.430218031286614,2.5358294182297785,10.5187002863084,5.669626321246567,-12.444383126144206,2.0936470620547762,-9.841146040995202,-9.177335839449475,-8.381310304039522,9.71747868517528,-18.543874530649965,17.36558538927445,2.4859507914884174,-45.94080707876264,-4.579280373304417,-10.045293293502276,37.026204240458156
2,31.24318199490162,2.7322296540629427,-3.7482571607708612,2.4609992900662743,19.249961871971845,3.922017103152295,7.939264985632557,4.926817523182794,16.074884916769122,-12.180573581546,21.96135963395609,10.265821051039477,-4.563822455282649,12.593479365098897,4.8356130260695895,4.519567956119781,8.100641159872826,-1.250239655034071,5.823648581478391,11.146205061258394,-3.49738719135744,-0.6766613381671558,-1.2981724032969657,0.29430552535540055,2.615593490385228,-1.2335203225048126,4.33348707214012,8.952753356424765,-0.15565693496940458,5.382547322019337
4,3.2310009981889456,5.59234931617437,-30.518595742980185,-14.642980048139572,-3.14137220572814,5.822254499217687,-6.038336695122493,-10.284341117594131,6.79096958439523,-35.509890248682666,-18.09930120682306,9.797373258747859,0.9615842083869057,9.35499471848203,10.936869470252649,0.6294974807088525,23.715623413178495,1.4172087310562584,-1.4062525810599669,-6.9260842033365,1.6066852601274824,14.114866813834942,3.607957499186483,4.38740293040203,-0.4867595656185332,-5.1998553159216865,-0.9986576283168677,-2.0436587918886118,5.2760028490143185,9.09035099307085
8,4.28194352035605,-27.75059415281145,-17.302385241223718,-11.765265522070806,-4.6610004056340895,6.733324420165296,25.212815519598966,-10.540379618052295,8.073412746296306,-12.933555090065402,-41.2969687532821,-7.922749578985211,1.422294856472933,-14.514019086186526,33.95919334284429,-1.9854675118036298,15.697420334113971,1.7325985243530941,15.878717093402512,-7.808554568643238,21.07610271115123,-31.252712938684745,18.30281804535525,45.599936111479835,7.301914031826027,8.827397181188003,10.232392462537343,-6.534292712352059,5.732130977077247,2.546597955606959
9,4.09742380704057,-5.513335371059884,2.6066012824620097,1.8718525407666171,22.25670272997426,-24.43035885019181,-15.167745937768029,-1.8988653143969347,3.6421630854246443,-13.520114918600381,-3.3586785644374344,-11.176483010051221,-3.287069585093498,3.79062577568927,0.25216333060520046,-17.662072807828476,-3.8527636587680796,-12.864554612174693,-3.3143406245265767,-17.815710397153758,-13.990711311357046,3.0457182430812697,10.839221138218281,-19.337751567000108,25.933661857587666,1.2451375913796507,-27.359065672008462,-14.348180377010683,0.3479993977549395,-6.913652939485047
4,27.14799143178331,22.973589948289778,-2.4226175225734807,1.0899069985387904,7.839630773032033,-2.988690445716971,-16.9488765300931,15.9187827504289,-2.31365107032011,-19.969573382586486,3.890863537492442,33.19273596854588,-17.69462785457618,-2.1353259158592843,-14.033335560155953,-3.235887135465819,-6.454841922142869,2.633574083346473,13.366805880432336,-6.628174897397267,-3.4297734226460297,3.8444613115992667,8.190317041947058,1.478496771010339,13.936834311761885,4.357576320844121,2.7036163693679383,-7.807004304038712,34.82617606199367,3.475581715681199
3,-9.01109955784327,-0.34498891460184256,3.159328361543605,-4.6600333138442185,-15.051793549610782,-46.82818905059472,-16.423971658823426,-11.709976172958635,-4.53971048502124,2.7200226860401022,-2.0116584773629196,-1.562522715375175,0.8410337710851646,-5.9137971945033785,3.4535558283582772,8.945242774722162,5.84826907923273,-12.69583312597252,2.952934250754781,-4.572071090648521,1.2878601613334848,15.331882659475996,-1.5593101432241578,-15.375627391568246,3.571143402046449,4.241694896026577,8.0490673512586,8.155000952964864,10.342034806307556,11.637042399846338
3,4.928437695033592,-1.401838374961187,-2.1826523276946945,2.224387032498215,6.67086427985041,-43.45959584034746,-2.3297167481946297,0.8140990039768214,-1.073598134480331,9.515839986698719,3.817077798828337,1.687241323186019,-8.820653181982088,7.0011023206314835,1.8647964962964556,6.508426898035787,4.004144301237837,13.882596071027105,-0.6015343966612277,5.5760275035551645,1.4990092576468141,7.012219315705695,0.6696012595867221,-4.303152341225944,-13.40530108605185,-2.3736752798818523,-0.43932552724216034,7.2352143767566375,21.959568961361484,1.620824841939481
7,8.17250821705808,-0.1874777100364058,15.543117418837763,-1.3780716891606526,21.57623164519893,-23.246618633680846,-6.010369813976369,-2.372964411012968,-1.7058193166305207,-6.000801120387313,-4.359041019004261,-18.703156874916445,-6.242367325302445,-34.03109734574711,9.274886136252436,-5.405818062133117,4.1716045936130595,1.9295608781495353,8.892436916874223,-23.138881400670094,-0.9522113440487421,21.902457532816367,4.495046702460846,-1.8308062108139236,15.02507097881138,10.032848268786656,2.85108786413045,-3.1903843981721867,2.279325443043989,18.758535754609106
4,-27.31586637333629,20.363213985767242,4.942409820344869,8.273113837498709,-3.4040290690050856,-16.941948750259673,-14.4415340242165,-2.118377956539247,9.913156212051362,-51.89259357506126,-9.355909485250217,-7.710645985063629,-7.935092537914907,-18.929125562877363,31.386807754814843,4.33677343786893,4.188232033193241,-5.962870640591977,19.022218242952604,-0.49347684828388266,-24.47227418408718,9.278456752956865,13.528505739094399,-4.953938922133856,4.957977541728957,4.161733493005435,-4.839553515116872,-5.552062763329997,17.460586888029912,29.118940588652883
2,-0.9140929233459101,-0.5050655116998863,-4.429067203592933,6.5093070006463964,-20.772227241876735,-11.191885460031981,21.542529515776906,2.0555238302759453,3.7703906112820516,15.70108642512533,1.9943926050361114,15.408820695647204,-0.03199623078118208,-14.04289871069015,7.344298829444603,4.656246795127769,12.74453792809536,23.56774390084374,9.779952626171927,8.544843394566854,-2.783513664102908,13.483647370849733,-10.03077112726682,-3.412915370730598,12.901538950920056,14.067721463303208,-5.981082398293573,0.904805403450812,-2.785938077190311,-0.7237266578534474
3,16.87865351840364,13.826867855895712,-1.1407381653178577,-2.8282097037499723,17.843750036571375,-49.26875496846655,-0.7601388352229999,-4.411564845063293,2.3345714900703345,-14.313869933677271,-1.8523902473326215,-4.680339438254764,-3.791560738258829,8.111484525041508,-4.20586381280333,0.5368278874397129,-5.782078741183883,1.0487145401698539,0.2734899655093732,-0.4981394579922197,6.884048815913561,3.4781410853938506,-1.8911730741165733,2.9749438671577852,4.515221949807117,9.755436093312724,1.7188740627074237,-14.133899278223433,3.1558049811424964,-12.881989113443217
6,2.884835435531315,-2.2088178329743835,4.145827558320219,10.6646960546428,-20.230443308578533,-6.921055853359329,9.35553758156916,2.2277934060898907,-33.449611116840074,2.2300722980357968,0.2818651901683529,-9.900901361505788,-22.56936297170609,6.066178448433227,2.0681271777228183,10.162462727343227,3.2385964662058004,17.50319166891724,-5.685550701904598,-29.9155979862172,-2.2732132512990195,13.037575220620036,-10.11449825389312,10.427280982146133,26.15720067283453,-0.5182459455356287,-5.978026525313759,22.328263757552595,4.0411230855597315,9.126136316714923
8,10.741287268274618,6.713187678631212,-7.507941526911574,-9.57607025250562,10.37458207552879,-6.644973047504986,-22.46932467727267,12.093637163933938,-12.584551796555237,-4.113287325779606,-37.67084898850886,-3.422985178083577,6.786629681360451,-14.52887810855465,6.995036445713983,-8.78434088155434,26.957698152478535,-9.98970178820106,-4.393809049997461,-22.409342028533885,11.68888678974938,5.9538698910942855,16.338062144076886,15.545896539935683,1.2265214444399457,-5.804510079292589,-2.6284837303995334,-27.47028353824203,0.5098821468564861,18.741185328569234
10,-29.422418055729292,-7.162762789586517,-0.6578144413915583,6.39995578278729,1.275235576692431,-4.885509558274139,3.0071433175333864,11.663593545399122,27.56435959470905,-1.9034874156377688,13.607067334598682,17.565406541326922,7.872404554759738,1.166585556350201,4.122848815337531,7.197567316635794,-1.9211897559398463,1.219447673481365,13.6307873604648,3.3271369762180267,13.362899180509856,-2.3205628471894713,8.301687250413554,12.957009877845275,-21.80483701072082,8.123680927406191,-9.476308676406166,3.7056866375655773,-13.29833664163971,-1.70747447308133
8,8.858325792753398,-9.145591267298006,7.481726762359562,21.81331232357923,23.72200824860626,-12.635746973170882,-26.787664998132026,12.878160010255986,-23.44383971959392,-11.92218358516153,-27.996909475260157,-11.941666996804795,-0.6745989709514189,11.149736138851,2.4062717943331866,5.219668758567596,-6.715286989848631,-23.255650418967495,8.768339177230095,-30.114163531196898,14.318717858076843,-2.4720524361749043,10.988374212968377,-7.889458744734052,-8.173888166914583,-7.247366362142471,-21.358658032733366,34.498345973192315,5.2431076327819675,0.5104069175829888
9,2.92982792261732,4.058903451104962,27.88357610676337,2.7152066190346407,18.035494280443753,-25.381860101971682,-42.13486266571805,-8.879805932623688,7.774744895899193,-24.552178442817986,-3.4459963487331766,12.184824449811082,-13.229673034100445,15.130020004513305,-4.746816823737113,-7.773982439801145,1.9477380829905397,1.8578848327421413,1.8080201463860575,-14.521241881566702,-1.8290276705178599,-26.980057135348478,21.754569987154298,-7.80033273939544,-11.682495315999404,-3.3507393334755466,-24.055311034660953,3.230806907240817,3.9599951617777505,12.563762978755747
9,9.361244908058474,-6.405175624189503,9.790457198675641,5.317537315568004,-1.7870725870427613,-43.46956610529101,-2.116248985112862,-36.31884695292408,2.724270355978396,-19.099040843629815,-0.004213638032577904,10.01763735348834,10.800682562284111,7.200390681421245,-15.396500145260834,3.6926600778685197,2.7170521023102303,0.9828721377609095,-16.371550607231743,13.674693114101556,-1.2143702163055639,-15.09898819737969,-12.55960076948067,-6.820869670954946,14.272925861814894,3.133038830020018,-33.168281881841004,-10.375283157164759,3.7992189059018244,4.249287032746347
2,25.862897748334255,-0.07476928582588283,25.042415769501893,-10.977295160247206,16.227762020709253,-16.42724176375341,-21.425595381251973,-2.723991101248978,-1.206547759468009,-2.3314392042635252,13.336476350988638,9.653934734504539,-16.61245539685848,14.598155071936961,-1.1828692611817768,4.011532672914611,-3.6898052269314485,20.340465572179664,-6.047512322217834,-0.9095355822004785,7.803868194128838,12.629418897714336,21.425772457246637,-6.45115277712648,-5.870769130814336,2.430313253942833,0.569434340176618,21.97222698105682,6.4970119755042415,-7.779353860692352
4,-7.314670686915154,-10.898498282955922,10.433039034266454,-3.718957197427495,-0.4005817738296531,6.364670247931217,2.0607716840742754,-3.659165195086218,6.383899908476161,-29.52377486548815,10.463883549842905,-0.21291641416412155,-13.639977371064308,3.045330387829635,12.477349709100855,10.404949096858402,-6.02699798284542,3.2855837018178913,-2.64848596369786,-3.4021670121262524,-14.578366418942904,-19.386199588842615,12.200338872589093,-14.918937258770647,-0.8157690405577492,-1.8260161922014513,6.959367172317059,-3.7707817098161107,21.302282401076642,13.879734678818618
9,-10.501161616419783,19.83425686070239,9.491532446131224,-1.8014985917686916,2.2453705657693277,-27.688369983613576,-42.05665691503625,6.856393177822833,-10.583332853569768,4.453849933943401,-5.288066815826031,-39.315264022671954,-22.080372198440912,-20.235785890483772,-2.6640044199691766,-22.8055031204261,-1.0226062381014653,8.813411902134442,1.874741397721148,-16.361445146505183,-2.4715869689493464,7.7592456049135015,3.020639881438635,11.807892185801682,-9.852412665650874,-0.09086945684426784,-37.62416981159951,-4.704755060439712,2.7791008314446954,12.09018318758551
2,-15.034364051075354,0.8046787908403029,17.70153048618346,8.958945804541205,9.42232800844883,11.011088887208174,-8.836155559701156,-3.4003481681289633,30.352707457802026,1.2104127648409975,10.288097086966946,6.7941050789321356,-9.453703489898897,9.868969140556384,-3.041535099568904,2.2539212277004594,-6.813127779843401,5.574988974089395,1.2105217401124504,3.977295124048574,-13.68807011644914,-4.949194675701602,-11.449054210189454,12.33682622641728,-10.062274953534825,6.218307196759001,-1.6682481963888878,17.230630045041742,1.0937149884128519,-19.894164892418182
5,7.8190383924895,-13.770199424921245,7.699920323145346,-2.616580056138697,-5.187587319225868,-32.362719424782654,-17.904858504930907,-0.22604388171525325,5.450981186293551,-9.845899184361247,36.394943491924366,-18.97747377099603,-3.4739038106754583,2.452538309151727,-11.379291751066337,1.469225083681494,-5.622528699645593,-27.156387619319876,6.331573258771777,6.0856424090409185,5.538123554851237,11.716353963210224,-4.064383914810767,-16.988077568499964,-12.641368094184791,-10.091804528359937,-8.047575998411626,-11.415433927874089,-9.636193688337348,7.946356655947299
6,-9.043177268570947,-27.492876423506914,-0.8035505868426238,-6.267580025237157,-5.337145610238142,-25.811684218385857,-15.838431075027215,-26.798281985011382,-0.8032114457004622,3.444588654878604,4.536118499780911,-2.3463932539030896,17.795624916751912,-0.15522911266171935,25.6049229231822,5.416073089637013,-2.448799306334256,-13.2671721668906,-8.166652208075675,-33.824380817384295,-4.41637267493089,-9.318475898401307,16.64020290994893,1.790497649675176,19.755468869139417,-8.013759923778352,-3.2241428787091166,6.36607091124467,1.9105457327217064,-5.849280566857146
8,8.240303139290054,-8.392738049404484,1.1226015911434932,-7.435131217725617,-13.7466890415025,-2.6805588392526776,-9.946156675235803,2.5891476594918332,-10.428746512961759,-11.588259084623212,-42.9700876046498,-5.291452662762984,-3.2169534439050187,2.400522366019546,-8.028894155537747,-16.512505270749802,-3.0804954617167697,8.878354280024242,8.327914028084912,-3.1177560081720683,-11.60759381282321,-25.11033449390455,0.31750829859992524,23.630132670258966,6.236663807682499,-4.501473593659788,5.81968485589497,-25.2555095317204,-2.480778196034194,20.423157084009652
10,-29.64782718062723,10.163630818633983,-2.2227773165444704,4.8752980315044825,20.50266963451732,-21.490287144015014,-21.689918362304173,-4.402819274020501,-3.039232318014241,-9.493660844361129,-5.202359008405109,-1.2996695308166482,-5.827367165120501,-5.636340420702696,3.9125517437808064,36.72490377140137,0.8613779457938704,15.381483477211752,-3.4684930523761723,-0.3841039657636669,0.28859610999437213,6.2996156663529,-0.9181915504237677,-17.108197596047265,2.437634380337572,1.3720764635992575,0.7287222613204953,1.9615838381513657,25.889289041032203,1.0367682755392558
8,15.371437871538562,2.0826626777071473,-25.912401145911705,-14.001921567964526,6.13660838230553,0.9958309574544248,28.6735879128544,11.983027270756661,10.266818370277397,-0.8111401993152825,-38.17888763295715,-0.14360142362353567,-6.093453973634477,-28.880065576451802,18.157972469836466,12.93669097189742,13.010800017038562,6.676516267298952,1.7129937355387876,-16.46843107513185,12.348387494370956,19.229725234935874,-0.07099639220434101,-3.9672051296097344,1.4633801039799499,8.158701555027402,14.361302385672063,3.396180677798568,5.862744337670833,20.883112582625728
7,-12.374044828573687,-1.6200881962182487,-3.9168099662918485,7.4154019803479025,1.664506884265517,-12.955370623986639,-10.574755813583387,12.685810913885136,10.530387248623502,-6.749816705030277,-7.511691690926669,-5.086250887557246,16.40145789358551,-20.203339794237188,-10.224126400419145,23.239616631550227,-18.11071326879639,-7.385569722039768,-12.683109776850237,34.67450191209696,-5.432301748982271,-13.206042517030182,16.552360527666057,-27.028622247297083,16.257617067609242,27.70798080723834,9.609110486060633,11.718548965761611,-5.573257987920228,38.27700561558416
9,0.37293155423459656,-4.2298608362864005,-30.198815787734496,-0.4568838889367479,-1.9515720972035808,-31.42220152368747,10.377690616354528,2.7643336937300296,-6.667776665868414,-21.664285086403204,-6.843755188149428,-15.293121321063534,-3.4571109331251693,-1.8543238903196586,-9.421860738608204,4.859543766260346,-0.7512042370225487,-14.82442392520979,5.661097454792636,-18.809281062143285,-19.719403180933792,6.316672342438094,-10.813791882360793,-17.639009301611438,2.962035085331469,2.282135813364648,-39.73208235960884,-13.227105713673176,-1.4012871401936722,12.283290868352244
10,-33.321068549018584,5.862609766143606,-2.12719784196286,15.940083491016916,18.68495541920188,-7.2128965413762485,-1.2603458720501854,16.127960838359215,-13.25047347651352,-12.26675865837635,3.32387725685823,12.530674828365848,1.4828018720004712,-5.599890343047157,13.67479330369618,-6.530534825093193,14.42482152208788,8.431822467853966,9.267687986031031,-8.616073841376952,-2.5206325451705163,6.48277926681384,-0.6239197335248843,22.696288899945017,5.530762463253815,1.6490541466811788,-7.551154070898474,7.835755830537861,21.476203054470517,0.24169930659249772
10,-34.449036824650534,-4.280893136049574,-1.060780388128968,8.769214093232932,-1.8593112716429556,-0.9646146092087253,10.679869876124714,12.712057462450495,26.56676313188475,3.288354740776617,-7.714899000009703,-16.675480094602122,-1.4613022345610407,3.1948765968977186,-5.045641655531224,22.290073025741716,-17.11826342102885,-2.577707664403765,-3.031758580194163,-9.328718899853515,7.1055562688497425,-20.17977950606562,-5.9678517187639635,-6.219130750058831,-18.515198046070264,2.596560202018912,-7.640269859395162,10.075798942771836,-1.1884734005836366,23.60325907615762
1,25.688499276865343,10.348701913857699,29.964819288108338,-27.423344212251166,-2.383915841816415,10.287366045660297,-25.37762263666023,13.049596997095783,4.94748299781531,7.112841891287095,-9.314787691737854,-18.024754451557996,9.015014561625437,-3.9071929318089738,-29.39824664371661,-9.618826287371759,-23.22290576516455,24.905523139481772,-6.1455518168324765,-14.200575542795553,-15.196235539015152,21.556844606914787,0.23111500823096431,-14.941913624241373,-3.0399414172034867,29.75529232669034,13.556815412717125,-16.7849511211602,-3.006958263362137,-19.116574573040335
5,-16.837923737205504,-5.845614388138461,2.1142217600581166,13.359461813113107,6.633055956276786,-3.6663508583682383,-12.985776480574861,10.062691050702517,-14.12296086113001,-16.636135288686685,3.7365904526155016,-37.50751538975062,8.121825801300236,5.494778284926318,-3.436411755657083,9.963888986014465,-0.26806698505852045,-14.415519968951118,2.430405561411572,9.34430806441451,6.219612962665859,4.81219853731797,5.069607988399813,-4.655420208504649,-7.822579314034858,0.4851711256998168,0.13962218008276478,4.2694650855496405,-2.4945070195029313,3.5778907095036683
8,9.179630852160187,-17.536646564736575,-40.69478938889618,-16.223817335743565,-17.601013810540216,-21.43480018210883,26.914964802037304,0.3068169132161114,-15.599627072568627,2.210342668716253,-18.383077506572743,0.6737657701721682,0.4621855025673689,-2.0815393543625467,-9.263860135972045,3.718710983419344,-8.553474538748027,0.45203884313127407,3.556462404730232,-16.811094754331062,-8.717039486212043,38.16003215109977,15.108424554049765,4.095517753780676,-2.8101431429850363,-12.383033705220598,-9.823537455225733,17.49949598747373,23.031726043351462,12.565215922862059
6,-0.2815621516781981,-5.697469460402264,-14.820930613375866,6.125186364540781,15.999481459918037,-12.923529299322402,-14.14333517047531,7.066131077698767,3.272766190101234,-24.940230492954278,-2.0044255192266345,-13.832115886503365,9.153615574351692,8.868242182622257,-8.331519297452331,8.913006204855217,-11.12147774056379,-9.064051391746117,-5.966065273535824,-40.44635586003526,-3.379465713871155,6.6793791667333755,-19.57784384079341,-4.269127133246047,11.200213482560008,-9.612366278484219,-16.575440784008656,2.1407550493307,6.50350353331176,-0.6219453151092917
2,2.819429366573794,0.6396324114727415,-15.803169819325685,11.147600197068076,19.61526773283722,-12.88357772756398,6.407790083015268,-0.6357215863359071,13.313109722793598,18.187181561077978,9.914540955751654,25.11453719974395,11.419166413567895,5.724066497717204,27.217872416263816,-3.547055822167153,12.027452698049204,33.25694500774365,0.02048013312276442,-2.343347262102233,1.2308379871848147,3.67877680088358,4.144993370109295,0.5984498286202697,9.505138388034862,2.079229160967564,-8.17856947322269,24.699119999428923,-2.5260355907706753,5.2795854040323285
9,-4.060785301905199,12.118781590952368,-9.3050352589538,-2.319620721023216,-10.558513014324692,-19.471149249492168,-4.5634930527642,-0.8339554256095612,14.734797985482825,7.313099189702754,-7.812043154613283,-25.012617806484958,11.173643436770222,-18.520367256063665,-1.2167285980033067,13.878308903608955,1.8065436076035852,23.14614423128736,3.3007804567556933,3.8755361530567285,12.878940927800643,-1.357217321415386,59.912768348157016,-9.58317354853067,-5.642340778277826,1.3293257556453937,-40.76480506481681,-14.533787283800356,-2.2204963137005524,17.042332927018315
8,4.375332170659821,-9.658572443635737,-7.644651498902241,9.476743167899691,-19.946944467872683,-18.289583275450475,24.495473032770363,9.792065047625456,27.539088884230114,-10.72732084987043,-38.305154092129506,-9.204233799898056,-3.895779167137431,-26.136432056253252,14.998749352656628,-1.8068993851051987,21.038436608731374,-4.583129626410768,12.580428162595302,-6.331444802848879,-2.7738388804059566,11.501772234650925,46.719801027433334,-30.64254066218861,7.994427570060515,-7.644679861909993,-9.973503841004543,-13.93803306302527,-38.09454760370503,3.389903619928857
2,4.553334893383949,-1.2777011418452187,19.21775030503242,22.904135861307147,9.326021636853895,2.4228736557971153,7.6711691198905125,11.539353682809939,-17.27759851403823,9.377788761237056,-3.900133377898377,-8.294474920341116,-0.3056724432980915,6.617433304034064,-13.690194443288723,5.123132704388509,4.404129881819857,18.964186873590766,-0.17090776445623224,0.9482301477564863,-2.8621715582880327,4.747668108062132,13.094915477459434,-4.959854730660355,13.084493778020102,2.59614274491452,7.152263776009564,5.737934909717463,5.587326011959009,28.669975519719557
8,-26.715132633073956,7.453118161576504,45.09313032214054,-10.734106186468786,13.203098671658088,1.4454815133424166,-3.573413733361899,4.209177889413257,-10.291439858555337,-16.243273396495162,-36.149233173935706,-10.55174232318898,-7.178313161583224,-13.877240456058097,-1.7556610362088625,-4.688113848640301,-12.75869286780323,-4.561855558535543,4.255805046043287,-2.354385531223738,15.807698769904386,7.816401465525404,2.0832044220466694,-15.517234081596333,4.597763359750548,-42.472922411788765,-17.46563503980225,9.935065008625116,5.427014545141314,8.22494804303286
8,13.123917709551444,-19.81834714448855,-13.3304480555894,-16.073578813850624,-24.12724548256472,-17.747307460897197,6.731625703936926,2.2253155002649208,-8.611599935289096,9.634413793468942,-16.35566245463282,-7.887959067594525,1.8609306686726446,-3.4063646889426646,-29.087527886802643,-10.608738281619214,-35.01882855250063,5.185859833694298,19.51332807063418,0.7618519355547981,-15.476612005797023,-6.559053862797702,5.478813901586639,-1.4057239775125823,-7.315652836113739,-2.4372400777682497,-7.271081635109454,5.576302244956753,-22.469436039513404,27.97469323116081
9,-1.1240742066059077,-11.843047919106954,8.901733005209335,5.388170383197029,22.62729678269354,-0.7733081819022196,-11.325890988796342,-20.896182770855404,-0.13144126514594978,8.314970294832769,7.274496642738967,-24.90333006808981,11.140193395945637,-11.283549622768506,-7.832483289386337,33.52677719828818,-4.92138338362676,-8.34181046545467,-10.698111279773478,-1.954541916987596,11.782973309926943,-7.988641530779089,0.7982443293964202,24.54231032321573,-6.5495102857902285,-3.656094160804285,-24.043655064845076,7.448994893528575,-1.0134792429019992,-4.22497953336312
6,8.023979239393636,18.3896677158496,6.793883127104513,-17.917524710368905,26.40173080855668,-3.436807155024999,5.532508250936227,3.8138882376433076,-2.9408636859200987,4.703735607179889,6.049055894426519,5.630369030270256,8.243411980915843,-6.52085214685299,18.29862584704364,1.7445048414632698,28.70075539929251,-1.1653389805288294,-4.894544657489071,-33.06261751579054,8.769970566724783,8.028513322664965,14.866450029109847,-12.314776260433169,1.2238012612346278,-0.6870202872523412,14.596014506720838,24.30441230488919,-15.940086105817924,0.3535993854361843
5,7.2197668257024885,5.930575996448275,15.847441945782935,-20.31152032125583,-1.5237309733098456,23.195960488733945,0.05892258004838008,11.059973315069707,-9.684661444927837,-12.438573016553606,-18.885649012858323,-42.019035148626486,10.780168432779751,1.7068260390692644,6.77041937878575,6.921114664778894,12.873438083975747,10.062910481710738,2.6793794888154805,-5.91216949892125,-4.372382443603404,1.7722211335941997,-8.274566139724444,10.39122828799585,-13.86036907943534,7.257304161784309,1.6856809635015166,5.160140377791563,-6.860787019373267,2.1639983404536176
3,-11.312230514569757,10.86161233391048,14.635218193410083,-5.922197383397632,10.537766632520349,-19.549956424380824,1.0009216443391753,29.308994029605945,1.3080780655169593,-4.31406057931971,5.33229752872268,-10.25639657369385,7.196737079059432,6.68518984436548,-4.394613879857553,-6.507401724512035,-2.2956509414532342,9.310584316672864,2.8507422614455242,-3.9114707337297574,1.2374650826062643,16.159337903115347,-9.234695843188275,-10.002570938766114,-2.05121907607161,4.78520147517988,26.31969352913073,17.06681899833866,-5.112328035739715,10.057100981044252
10,-12.365356945019307,8.307497223472431,3.630111063956356,6.761211541843982,8.137995588837924,-48.17287488913685,-0.691635466760249,-6.727440217629704,29.90859055237989,-12.048745395556981,1.1985992596255706,-12.070995968546285,2.1265760256118043,-8.200291988275772,-2.8533406659083687,9.277327746476251,5.281080200835468,-10.593264153178364,14.548958748893813,-6.994725176128159,-10.938871525999678,21.75986624746298,-3.3718733099738984,-0.30998350880181946,3.0962767845297363,-4.987249132797661,19.49645352766119,-9.843394971289344,22.547950838646525,42.452388793606744
3,1.561737526643341,-4.095662428838436,-0.9860793732977475,-1.4479003605126965,10.211015800530117,-44.271649663000105,9.863459563947067,1.6703654699503487,-0.09122193891788455,-7.490389340567538,0.5251817518815878,-6.387263249976153,4.466203676589166,-2.4104770054617393,0.3059905624840292,-4.551676357260723,1.460466777956172,2.312016341487173,-1.1094381674247802,2.077559161670458,-4.902302401267576,3.33350282560084,-6.8326752932930255,-2.192345471670505,13.34908340744947,-3.340008124088575,-10.502851695839523,6.5067658996174345,0.6592044071616586,3.765027760022644
4,-11.54247267571074,4.873243000512758,-15.44676546310759,-1.048916071135776,-2.9827888221200105,-30.8652321571655,1.4482560440960888,1.8170325285820779,-9.207756486876777,-36.70933373103165,-4.558913747935647,12.154949576861686,-3.656451387819592,0.7519426401123657,0.7021414778638133,-6.702272868608034,-33.81172901228897,-1.680752055120817,-5.114305491891682,-0.9203885827019074,1.7899277509552056,13.083492407365332,-6.854269872268126,-12.504252486499421,24.744471806534957,-1.4419937371616833,21.259058265361247,0.5618166831410069,1.6561058769581152,15.548722430023647
8,7.916120154612263,7.775326234369135,-16.14254072380586,-19.54998464089503,24.456148035013424,-22.14142517047544,-14.05163045405661,-4.946445132324343,12.554101906359813,-12.765350064873505,-44.44251009904005,-11.34914819657942,7.10876607982474,16.278947802603547,2.6363224357762194,-15.463562126198934,7.579819362839745,-40.71595959760997,4.940191861522672,11.75328994656698,4.8424398951089405,10.553548747448158,22.598539117081692,6.401033096169642,7.89725057998734,9.485586280630969,-19.54781205877604,14.358041876294573,-19.710442072660587,7.7118756524884775
1,-2.941711089431446,1.9746796555476842,15.03119797178659,26.473163487150895,-10.596114108134556,0.2898699689895108,14.445866834667367,-19.57342288042458,-17.67573410457811,-7.253564521662989,-7.4823511874866035,6.570422039589544,6.3832755869176285,-1.9963321476351008,-8.294229417107582,-12.153647835337777,-6.295044723911093,-1.2275584155815151,-12.02039304654534,-16.656332256756734,-9.160550571696609,-18.36538405484489,-1.3052903008310064,-1.6196108512041218,4.6861906787712755,29.0083941717205,-20.007719132841583,-14.989318987066676,-6.9443224920459565,-7.44773984188232
3,6.5156962071223194,-1.4424061220998847,5.4301084069273315,1.5365609157577393,-6.2314689247085635,-33.756685037069325,3.2680541608071207,-12.913642457058595,7.39197243438743,-11.037956670263375,-1.5869354941835923,17.740689136725486,1.49054405932905,4.513358298044465,-1.157415403020447,-7.115133775990964,-2.32371963304177,6.649415439698138,-4.761692639663082,-4.706937066089677,-5.2965328939288145,-10.9045619878579,-3.075169138513175,-2.1105467618206273,-1.2612854030179745,-0.7858871918670682,6.674790568541407,13.993668451519769,-6.254721729732845,-9.659471697587772
5,31.301905969250505,0.09001088048287825,11.301319154666476,-10.617282394200553,-0.7897405838811382,-16.250075804462707,-4.091742305139727,-6.238025794742203,6.09256385961615,-15.870165515619586,-8.137600828084622,-37.206136326988286,0.8710515065687896,2.6902429493221907,-2.229140458838033,16.743910115845125,-8.402486029029854,13.425219388681612,-13.326545231933329,2.186429430302807,1.2202983979465536,-8.102408737830546,-11.919538919717297,12.171735275531942,22.83283757934565,-2.0138523897017038,3.6264865430956967,11.015353643302085,-0.9208040662943404,-0.3763211192820304
1,-43.068178191438825,-26.32975735436076,-2.531570670614669,0.40660372135245204,-11.407796140159432,-13.16299779762828,-16.304345632683535,1.7466437918854973,-14.069348612710062,0.3527004952589019,-5.34673149911707,13.698477341497544,7.655220634197825,-2.0881517045313234,-7.8420008643296715,-0.3635352946477295,-6.455551217639352,-21.703920433833286,-3.212916038789251,-6.949044078338911,-25.549468191448735,0.045436208029531855,-11.372815111900213,1.7308258135162875,-6.9962331263201705,-23.401820103767406,11.214307288771236,-3.525528112283859,-5.307010286760075,-28.502255644697144
3,-4.563165961263862,-8.44659021132583,8.06149517445524,1.090343281393599,3.850664029754337,-30.338977715417762,-2.1381670163512876,-12.855995185015171,-0.32981237370506267,9.11499261176325,3.4762712473195294,7.177444440144722,-5.9875394360857,1.2982456650523921,6.37290827094355,5.936048702260338,0.7234418991271356,-12.60248756090421,-2.941678315633882,-3.128689697974968,-5.39946440614115,3.9711252625020714,1.9059287412804706,10.91756820126381,4.351048312429698,-5.5940966136447035,-25.904315440792015,-7.721540825238492,14.907157267457464,-1.3078878387852413
10,-26.61843989090624,-9.465790362561437,-9.137779310730393,-16.350845074166013,-5.965876382844726,-4.248605063419943,-0.9408869532050085,-8.398876834955809,3.5923136592609497,-14.551582787844843,-8.237429684262231,-9.00652483706954,0.11700312347333042,-25.700416926064264,5.446514394490962,-0.9568669403010222,11.061893094117845,10.331548767743186,11.645695734813874,-1.794270503068962,3.7251629211445727,16.233823932142585,-12.385209420646094,4.5591247697404835,-18.60436030707556,-0.11912266341908317,9.124339790308213,-26.417219375775638,14.18406659749405,29.087968817045184
9,-16.452155413603357,0.968466417110027,6.908691262673163,-1.8787719736811688,4.030072968369722,-1.9587892696739395,-8.584369263741538,8.059127872833205,24.02303286711618,-12.796599843279163,5.494075703634172,-24.912484290706853,-6.179924959158555,-19.054496494961597,-7.766440115840346,-2.658711820914003,2.5250261793287887,-15.702885561231442,10.805202058346952,8.328714263432186,-15.647663591465253,-5.554923786234014,-3.0320292727624683,3.4821412252906914,28.584815914443237,3.939889779569775,-32.75831054536342,-1.7136076777291187,3.970101800215242,15.440255077410818
2,8.263460369943823,-0.2473319575031363,0.14160896006874957,6.186041962505306,11.628055620151898,-9.514709971915444,0.514762958199052,4.400196196015273,-5.3487526712297875,-4.379892973592284,13.024265052238032,-3.3561933006150566,2.1497128484722507,-0.16727337997112102,7.722624440711348,2.949614134394068,5.438908351334507,-8.449131779624992,3.1629701758349724,-13.04291190072849,2.671601139353116,-0.2250846356767342,2.819364260257216,-7.300717666104549,-3.845938992836791,14.59455991977623,-14.452805089109013,34.721317850859954,5.9326749287577565,4.773626156975978
1,3.834411535370087,-21.635683805118468,-10.186736546674727,0.9759460014120762,-4.159882371417316,24.609371098389854,18.71778956802905,-25.969498635505378,-8.42451917821505,13.812562377861537,-6.993625727444549,-7.170377154778656,-18.786786345222264,-12.82916204716743,-30.99063432889225,24.533110039630106,-32.55831234127507,-13.100604153105403,-8.922269367883143,-1.1945800945900422,6.695013756123223,-18.656769914437305,-2.3453014318210306,14.41442178283928,1.510841988936285,41.98269284433417,-42.76265066847728,-19.618580495674525,-2.229612797361262,-23.41612962984393
4,-21.448422396941012,5.299208241427124,-10.827284731292025,4.913995916707876,6.698017737489709,-15.641478585787091,-11.05344673345478,-0.575635682098303,-8.777949712520407,-42.272493083004946,5.780338365951481,-6.2648882236192165,7.02744192457567,-10.924907889526448,-1.4642562813489004,0.12260888902244968,2.3905547619121603,1.7166892434861931,19.7323195913676,2.9264625292684934,5.8479118738446605,1.1906623585737206,-1.1522272893601035,1.5336067354864595,23.492378182102062,10.690011406958643,18.095410211850275,-8.572028872299557,-1.0706295216923007,0.7537387924432868
4,2.3882277507454104,-11.218774172083437,-7.602060665741621,-18.49436116472638,-0.055985808592653896,-5.741686385342185,-13.77002246038225,-1.4912338262865141,7.999011659579361,-37.089505861997374,-2.203309221733556,-1.6893222897143456,-14.984551112319973,16.033614921558527,-6.082640499373814,2.5829410484412,5.880280232791626,-7.189614929946654,33.11801627491031,2.4166148964536722,-0.7068202465977615,15.966113501708938,9.164140041032041,-9.54927690767656,8.873270588602152,23.07564415364193,-6.698592966942799,-14.8749540358193,7.9284721071389805,-8.95522990176053
3,11.496061076726027,7.240644615550846,-0.6248501271706588,3.7165871699235806,16.456235645988336,-32.285848692825915,-8.244755874302554,1.1038581226697028,3.6871276405595266,0.5534641756616905,3.6150502427417632,-8.564200000034832,1.2986520156027228,-2.699085233012583,-0.7791315524700616,24.822165843008538,-4.708553323888878,-7.306883619368777,2.7401418967130065,2.7380618650619066,-10.56114791130251,-12.293006886784157,-4.931062427561417,8.849767471475568,-7.656696216190133,8.949508979791457,-4.065983244665168,-2.473909413235004,1.9663146725883427,10.106594401552723
7,3.7977535975994847,-3.1018334358123565,3.0196488409256,1.6036167167277502,13.173172853100358,-28.16442702478902,-11.613870143186544,11.414927014927738,-5.4486197486160854,-10.827977007871675,3.0654616072212195,-26.608027452475874,-5.812251093971096,-18.257143056063747,14.398304548038483,-6.608534444926768,10.580932414179413,22.011051811033187,-2.777272889410983,-2.0710278720248216,8.393912372091876,-12.902769890987434,7.800282623345892,-9.571242537838993,-4.43095541013691,9.69375922650234,11.888290911904246,10.080006707856235,5.3685061237965135,-10.658767305111198
5,16.831286524028314,0.28941762609671723,-1.688897675726831,15.715458289755992,0.7322908541409849,-21.44106330113466,-7.701295953164047,-2.8496215477601776,26.692081895301367,-5.7389900888170295,7.734202815719423,-35.24243358855604,-2.550105984806871,-1.2592946129814786,4.656145512543493,-14.575092334175489,-3.5054266597087747,-6.220132352788248,17.71078877827585,-10.176012818694572,5.204552226951816,8.669859079793476,-9.047734029609869,-8.636531265803127,-10.193758134883133,-14.724050458501086,-13.822875534082232,-6.857756102406402,-0.8631287865523767,23.472672608967176
8,1.735223780210097,5.0271312734190605,20.195457567073518,6.957049982537487,23.454042139407047,-13.2463382883234,-18.80312718879512,-19.029561358823226,7.928615603392521,-0.2975129231170204,-41.51706676544405,0.3132639569697835,4.0248970100638815,-23.930294903622613,-9.856345147748335,35.82027393291004,29.019531616297442,4.549668858938808,-6.916096759399105,-8.067770275685952,-7.161710927473873,-18.709676119944266,-25.173865729520475,0.8838103488324267,0.5971832767954752,18.542856538434478,-10.173391004976246,-21.788595730995326,37.75399821769389,-10.230616698842391
6,-1.967920940118947,14.441548331017184,2.192587285433371,-7.276721819806441,0.31997863080939504,-24.845019952216745,-8.72127104529384,-3.1178292983096214,19.068471739145455,-11.480144275515082,0.6915655645640133,-0.8514749860598174,0.6507401155357737,5.895392612419547,10.571621719317452,-0.6441197449007885,-7.468586519250556,1.0426166652090376,-14.728197409836461,-34.573050609012775,-0.5334137758635914,-13.705735874694271,-6.4171914143571565,14.463777276681407,-31.678876381604983,4.19619182410927,0.2827712345850872,-4.975419282547495,15.4828431942329,8.249150016469219
10,-38.77115511805779,11.080824930906216,-13.165109362068451,-17.45304907757093,3.598155648701731,-11.972310905951336,-18.26879076212411,-22.832018555362257,-1.075600913647763,-8.302006890732914,8.490786402646322,-11.32013732494382,9.682344302085752,3.3429094030759545,-0.0988971756903867,18.389875502149657,2.869726185613022,3.193012219245275,5.592212119217409,-6.276053668847444,1.3202862167717604,2.453320474019756,-2.6952381877135823,2.71897334992506,24.16304940590908,3.5942715923229533,-14.333566687559108,-9.333020807124386,-21.592446245701645,37.354769529711575
2,-0.607910585148737,2.4920022366353596,-3.7328648581256676,20.82719815567312,-5.142519108078477,6.581421917471282,1.354419818985534,-0.7010881189232014,18.69693171887387,23.02326500893846,14.826991491751816,28.712196894181762,-11.119248356384322,10.015579136932969,15.650715538931788,1.518870721330482,-4.831764669120912,26.149227783888023,-13.504693092802901,4.05734334325052,19.706145849954193,3.747623340966019,8.158920241626797,-17.559024025531155,-13.75067221025743,-3.8703694279326992,3.9607709839725116,30.403426961770535,-0.7235411325638017,2.4779176562860035
6,0.3590277694324675,-21.558185552122062,-6.3334107070776975,9.588246816494898,11.955389861404322,-24.23254976406801,-2.3478558571870076,5.199599826788072,3.6624510972415756,7.656017672318887,-0.0005855700659276319,-9.862480222293954,2.856282589832732,-12.134578197704746,1.4085608366994395,-7.705456025450244,-11.512634528721842,-18.0378590345632,-20.245142059311522,-39.22438447540138,-2.0651826799107433,1.6740499310453132,8.88776337413236,3.6561647567696496,35.619326842938236,-1.268971407142249,-14.14058044969596,-19.058219617000347,0.17282444039979483,3.2610785128247333
6,1.7564927003185986,-15.730356832987901,1.4136293254117265,23.288580878289647,1.9691774913371733,-5.253275053344693,6.73792760644886,5.69487263721185,6.908951630486625,-15.51623858937975,1.9287621623530586,-6.506300480042002,15.860014899367066,22.46420663505528,7.594429495555603,1.5903707505755351,3.0926169150522265,20.12958552910172,3.0616029293515354,-43.53831377967899,10.559138158026359,13.21437135062195,-20.56082981531575,-0.36492202644737814,-8.896834424455587,10.531488415718496,-7.43734348360449,12.047230068406526,-9.231165483711031,-1.526720561794404
7,24.604655259061747,-7.826463307804322,1.862010581189991,1.2856234922932612,17.53602132219773,-18.71695095570126,19.233500441222095,3.374714767329581,13.00010513893798,-8.193546462636391,-7.764535236993303,11.687092469154715,3.5823653853338517,-38.19185800694332,-4.736241905771594,-6.975479321396356,15.516276717494632,-4.845525147319465,3.1513253869676,-7.367314527967837,-4.201088234045855,5.437788437179124,-15.517480727436766,-5.7761011181445525,10.813542785014137,10.069552053833906,1.1731971076624532,5.047874705026219,2.914235019441912,8.89183686936801
5,-14.812030694160143,-3.8455094645569243,-1.1479698804767338,0.5754997534498321,7.783748715665041,29.09178086388639,0.10120089190075249,3.0802552275589212,12.611956910993573,-7.914793829452404,-3.4015382265420238,-29.3477311136226,2.965833474629689,4.915108321738546,12.043011471366205,2.7429146041797705,-12.216255561941525,3.069666837999517,-13.017549099578565,-12.117561168262647,5.553847161158656,-14.04724290328488,1.909123698740879,-5.735057219143131,13.686464188418011,18.02225555993891,5.340785382255204,-6.771581472302456,-17.8123487415398,4.408899421554337
7,-22.971731946104416,-7.4687523144826375,-5.62061022081671,0.3003918583526056,-1.5101677398872266,-14.890190347322427,22.034143780116857,6.9316714209321635,-11.07424673255661,-6.250198807110306,12.824573627088046,-6.334494715001156,28.3331909070895,-28.248397175924858,12.975441149241039,9.845591885549176,-17.36044917116363,-11.45381364932908,3.5443165653986712,-25.538854064864083,-4.010094040222521,-4.852958223041275,0.03227614225532851,9.894234226482883,-0.41266966815348405,-7.423411474496639,-3.6075292090050115,-3.6350172128204177,14.682214637516417,23.96174179061047
9,11.254992406952917,0.4460370107472854,19.48675999319072,3.8098865912770066,-1.6903036320580336,-8.027547703093063,17.422035653164983,-2.322630720702888,1.4081756249781614,-12.12864747777277,3.7736844375098246,-11.069193506683867,-9.999138764856992,9.77143886030027,11.346622188117529,-12.900924465579845,1.372020936444812,-10.526547469107198,3.4617231823996164,-12.21956373852458,36.782756477335916,15.356177056969672,35.619482015375496,-18.987569178819854,-21.442816392604772,-4.703804873475627,-44.19586091420752,1.1655107016522035,-7.575459536748171,6.976939108012381
3,-2.5519146808530078,6.422996200028679,-12.154919884563926,-0.8568089003838429,-0.060844397331865585,-47.34489401103401,-11.600593176241622,8.788507408808517,-2.522126164257643,1.529403458999011,0.0014168652996250364,-0.22537102527251346,-3.752245594581166,1.5496238572403769,-6.2590536307812785,5.501867920584016,-4.185480251469407,6.193451825375484,2.6032838935955924,4.730025826550176,20.641359795158802,11.26263494258805,6.919259931843834,-4.23662865716854,9.665969007197956,9.77599155471465,-18.939554235924575,8.31063122095832,3.759391063870846,-1.985131838821102
6,-0.39578691073078254,-6.4127552694944505,16.358855860375627,-12.176749599351181,-0.10815209062749864,-27.460343862930962,14.640137148331943,-20.53048952219346,-3.3935612984852197,-17.70737394136937,1.5678467618356737,15.04248650790348,-2.040071131068059,0.8702406792826792,14.749082326512257,-4.033141591234195,-20.049270906618627,-15.316035593862855,14.048557662841803,-45.85277514252377,8.308305191499848,-1.0256025680046128,7.9814388866641535,18.772274073109617,-18.80053450058796,2.263794671685601,-5.097595978161072,-4.431830279338392,4.15261674768447,14.355063372065171
5,12.003800111318881,34.2995386224139,23.411441616078623,-8.292272924143422,4.852427657906356,-26.815767058441416,1.0296981967470753,-16.571926435108576,-19.058650348239958,-11.561476587217996,-3.906306678910121,-24.12174110162367,-8.208360043268852,1.3879600476632614,-0.5155151737536472,16.759732643593654,11.93867543297014,-0.2446691839592754,-1.244215885372278,-5.132326897851408,-7.0218720554422385,10.121335697557754,-9.252952437356035,20.300876437697518,17.89449873358995,-7.381242042418352,7.193639702920473,9.488366685477752,0.04557468916592,16.998028673554526
3,18.68591382957673,-1.618950459750124,-2.6612863151079336,5.272265984817088,7.698703601859,-38.836867930365536,-8.113550760520654,-12.807415427974988,1.346964281469137,-7.086256155389881,5.03302309981989,-8.284660555907438,-5.509871578553169,1.4716617760107078,1.974557631900832,9.333571008563341,5.604797603521336,7.864918028476093,4.851064434376302,6.130985810696373,1.4722890349704856,-8.46321001878665,3.70205326727511,26.472025499280647,-1.7694870140584085,-10.717383561037412,9.610554469668818,-1.2331881622865286,-8.687262732426824,24.105589728131644
9,-1.0182302373593903,10.104237070176396,-7.000669187594831,3.6656293996289167,-15.29340123911457,-0.9211567848012052,-16.179289817352636,4.164087253924124,11.4403537754153,-14.229458425822436,-1.7078056013860992,-5.615816187563082,-1.675367593317661,11.192889328636982,4.617970267262272,-24.199029315032362,-0.23482463199120573,-10.586105333650043,-13.1754202237316,-1.0643379053630309,11.460783943012808,-12.549247585397968,3.232407569425476,-51.05092298629185,5.655995120526093,-3.259428242696866,-31.043436342572186,5.059684173909204,7.423420582974429,-1.5345590388130645
