6,9.665822703603894,8.934410696446562,-4.047889045246128,16.383720907232917,-0.11707253561325204,-7.880519750603568,-28.30768868902051,3.1322847406720222,8.95632623324489,-23.2649223673092,8.958649648084974,2.839937919537818,-11.728508323745812,-4.539291012286931,-1.497134971787791,5.640379484268242,19.003650420702478,12.020215283443015,16.132250094611628,14.16918370331253
1,-9.657946351892265,-1.1605358791249993,-17.60449628333818,-2.6971884187178765,-1.767225438794422,-4.680183229057631,2.1518791737384735,-31.23351224929641,-1.7824334782558235,11.317730149626412,-4.529145959745809,4.748076635879148,-3.8914487143071637,-15.584223904598478,9.779883302114674,-5.495640756569469,-21.227582607188744,-21.1899313566311,-9.325881614090552,7.630159731159708
4,-6.71076334312146,1.6073716302274146,-21.24806423116111,-11.6693380014944,-22.050257991950602,-18.92408964151321,1.3128467708097298,-2.1572106680523184,3.419838086110202,12.750134295398874,8.872540574373005,-6.791509236938539,-12.713392148591385,-4.766942030245582,-2.468214850679325,8.285133627261992,28.059462170572026,41.8266799994378,-1.7361345018960455,2.449545839523216
9,0.7778264768687899,0.1299498750572825,1.7000010816711646,-9.206726724512897,2.3396714674586727,-1.0211161738845063,-29.191797302398278,-10.609417097728114,0.5025360897514202,-12.536531752260673,1.6830569495076326,3.1889178555847817,3.522168663760974,-0.8770000269822704,5.227550858002396,0.7780086998254443,-9.481906246373097,5.7405376287671075,8.380651522494038,18.205657192078533
4,6.129619806361155,8.445296145519924,-13.794109215432627,-2.1817545979424295,-3.9307971532695727,12.762368341593985,3.6699042163748303,-35.62957644811136,7.381348890657943,-10.85275578447369,0.24290202365269808,-8.122363962440264,-4.551554115198745,7.913683525684683,4.722239230530734,1.4844962857991948,-12.941188306424564,6.465312262076199,0.8578729848909277,10.083626469904104
9,3.740017593465547,15.907567862748829,0.3995824126292076,3.9030452975701424,3.2989141832153166,-0.7826986257987307,-15.574889117128144,-13.318475963833134,-5.227399956192162,-15.941027922080778,-0.8707940132570765,6.594209641235842,8.712733394047454,-7.123887817340436,-5.312899972854246,-12.452739149167924,2.62124927635322,10.610353058812919,-1.4242785692786464,12.492443210892517
5,13.565488641024533,-27.454648181988027,-1.5690798646721529,-16.214691562268744,-0.28530600348002944,-2.8470614428619463,-4.366923579145527,-20.072188054989105,9.337591703789695,2.317958593131509,10.400553214379011,10.872932592004048,10.37693837069088,1.8595553683757209,-14.811403461266764,-9.871654456710473,-0.6771943083084899,-1.6750031038064424,-19.47981538637099,-2.286754000825681
2,7.251503365000129,2.9937772378486187,10.749827920736452,20.004127710345813,6.943629400484742,-26.349168417408094,4.15756999480655,-6.667263313986556,23.998134269828178,2.099921513910801,-0.10157478658369812,15.769300886405302,-7.721965078719181,3.2660587849747333,14.235718113479937,12.501921294418754,-6.23713458781731,-7.580563099518905,-6.394131401843106,-11.353513747804964
3,-18.02670948525899,1.0775981480847605,24.13689396554893,-12.533966542334705,11.370942120557991,14.583330796505862,6.452638613524881,-0.9608950773084508,4.7648370981557235,3.732125523541234,21.372050338012457,24.174400128158467,2.4137240265306517,-13.83222794433623,-26.08765604919351,-5.96139526869252,6.721982899382626,-14.895977014387604,16.999893125752568,4.690335217692236
2,-2.173794711825681,-3.266358886754183,-0.3640299703618719,5.819663276701567,9.510298450073044,-24.420116833282584,-11.1109507926919,-9.961651949628736,46.789957852389435,-6.346300914530664,2.907477109996508,21.95539170168245,1.5170206944055353,4.582279431155797,14.50603209744636,-1.6211100974934114,-25.372353293155733,-5.8421767722300295,9.569426682068265,18.366973070231026
2,16.09882872741346,-2.8053234186795035,-1.9541265726159243,17.34481655630399,-3.945933612062465,-19.638660242753403,-3.628490635296451,-7.861844841768148,13.504727275287916,-1.2306409759732222,-0.7665609976923442,-2.2971337422669467,15.806644589540202,20.61472372668223,-16.889408365546952,42.19489004362858,8.627374180852657,-0.5834344869720458,-1.1915266016444241,15.41873005049235
4,0.8015149122719336,4.017024185332961,-19.17246043005305,8.941171106838894,-4.626092927871809,21.842044905897197,-7.841474555418317,-44.14067277617076,-1.8608563432315655,-13.824724847489382,-1.3698107733536655,-4.479264741301808,-17.330525988354506,10.446158190766884,-1.9191022325112428,0.44739059227843336,14.959013902376324,-1.000103016635912,1.2819394363287615,8.32934433892772
9,12.194331780550979,-10.766474696746902,5.09965265419019,-16.574236512674624,11.376482470335871,-1.199848228778893,-27.931382690371876,-4.0643099795071045,-14.963853371127055,39.267877879126786,0.17190921077307963,-2.760101161254889,13.3755852780478,5.974075983247542,6.123437291450545,20.524684902089717,3.940347010746752,17.342315615393087,9.996093714118304,1.4878443146011966
10,-8.55755987187343,4.668487013331621,13.22303804035542,-14.908338312121577,-15.15498748402788,1.0513457205426526,6.83176885880429,-1.87924747526431,-0.1571215620736499,-7.001956445746666,-25.558813026243815,1.4842122693783915,19.40117745535895,-6.48626308637481,-56.22552309986582,21.787053957763444,32.35545021944304,5.904799332066525,4.21560561457607,32.4361316524803
6,6.712558533505853,-12.16044777139795,13.229544285956653,-5.440954766463176,-3.7645664343555483,-24.366380882760062,12.012355547388958,-0.4931875869169886,7.102622348262672,-5.10044295414963,18.569935964920937,4.9254024581043145,2.392895020818016,-5.49724023760937,11.411845680623841,12.89417795080872,-3.1238117090069863,11.85686456336271,17.33744309260552,6.924068116938232
3,5.489724468146525,0.500367622626743,2.902701848106926,-12.705374485386665,8.92981407127712,-1.476948793464467,-8.177948295668893,3.116110773684108,-8.062830807024946,-1.811954749133973,-3.9811520915993084,8.905851858510303,35.93258802924245,-1.566103863524328,14.393918402699903,-4.236634175442463,24.584740205955217,19.786431248808913,-21.958802752746227,-11.610797132226585
8,18.322311047743522,12.349692159975419,-12.146207397194694,-16.44009946610545,-5.140878440232281,6.016169706716875,7.38828897967386,3.5294913410318802,2.16852249451128,-6.068378694446716,-12.09696287111034,-2.6819116098001254,23.409454595208473,2.8539415467642133,-11.555606605053875,21.481988229763147,17.231222627895733,17.881111192646305,7.234733413642685,-17.833739065790198
3,3.3087918969813495,12.782020060581473,-4.513694490110337,-29.80255648591863,-16.645259457330877,17.369528121111347,-2.3794619897535108,-5.807479846176351,-7.275532070675036,-1.4713069515534751,7.583376222853739,0.6383394027432262,7.323669184434586,-2.585061414166994,1.6660168396006185,6.274165312041264,20.439145107578206,2.721436040550911,-7.718246741642109,8.13315702760376
9,2.4787789440365016,1.39373687883008,10.458705958540609,-13.657210758244274,27.25876787579658,0.9527378176327561,-10.676674109932105,-3.438229949642165,3.5538398756735328,-7.859961351349128,3.6338579287157167,-3.052916500712457,-8.207063471057763,1.6939023744620747,-6.28054363093934,-1.6920958501615426,0.4654658511907508,15.514921743398084,14.255773815521005,3.7289342590488195
1,-0.9419635372466615,1.3901893046270328,-1.313327109720619,-13.084938075839622,8.05771770249433,7.863987017585923,7.359533008224262,13.639644569597685,-5.397681332678664,-3.361889040774878,-7.320866609286056,-23.889229383197954,-11.26268214992095,14.363652525276018,-7.185770242458518,-14.91289021206364,0.003605175127258775,-24.873983380650404,-7.390213418629008,4.227805117145568
7,-1.4396682557926095,-13.643932727460026,-20.03420321557344,-1.8478847701083811,14.973483960726016,-2.728212666071788,-2.556531115374922,-15.157496996819292,-6.535839453669388,-10.98096837395103,-3.8261079687127624,32.8391701522828,4.456366995227751,10.888420617491816,-18.932616214771627,0.5902902400962107,-3.0671968621546655,6.887170101224746,-18.590572589698866,7.810517994159202
10,9.300274862082436,3.915835397301695,-9.32580209154167,-12.561393247384785,10.85054177710498,2.254451302750421,30.990332955294516,1.3371244380230891,4.122407169908488,-0.07247410015325353,-15.016627874092249,4.1627741646209575,26.11819625565831,0.5616357488615716,-31.37368854594887,11.996202350730147,3.3860304501260847,-2.9675704520911257,6.383319610318539,6.718836837730596
5,-1.6847341257236845,-26.363375552766495,-8.588716217433136,-5.838487297722377,-1.7848684743842673,-3.0791615693062235,-8.133632001096869,1.6667147151878545,-4.945730879710225,-2.546299443989395,4.015092545051357,0.10771403671188562,-5.1564843104110665,-3.412641038000153,-9.505443200634508,6.382054971113195,-0.24930204306329795,19.647361394349986,8.048071782091688,-11.099020786101251
5,7.775611144052737,-18.24475808607732,7.472601628035148,-6.652181238789037,5.2062653525211005,10.509175394309924,11.352103211922492,9.42747497805103,-0.4812605737608644,3.9951463886134566,-2.3789606083119343,3.0641061900901176,1.4067610939588384,-22.926090210794708,19.65492089905892,12.221078415689227,1.7930552854871873,17.642435421259545,20.286478082558506,13.04017146548314
8,-0.9704682354018219,-23.331238997357342,-15.383320326419263,0.41883588836241614,-0.9290230857473311,-17.006612595246185,6.615547588976594,-1.3270587113982235,11.497003195037635,-7.251894124161527,-0.531101508234423,14.094360866153856,-4.278007224888572,-5.490945326796735,16.051458581137258,-18.548577069224557,18.877222062677856,-3.2027575719381667,-4.692609547098359,-1.7364529232778412
8,18.981457397670592,-28.304024703788347,-25.916992810954795,6.891850566745365,5.472845334540191,-6.733251491855938,-12.730032626031605,-8.592484586855162,-15.416474706677185,9.107863527379932,0.7423375359532223,11.356094266388792,-12.787008575439183,17.776312878585653,-16.332376215934698,-9.973932461318165,-2.8738173208927194,-11.106491986347816,-14.06223258927746,-9.50120230101511
9,11.26577494762093,-9.86973659098182,11.241849275175218,-12.166464946322025,11.494261750896573,-1.4911699801441058,-13.217704089539001,19.134555737173194,-3.2489393470602717,-9.015810277983464,6.388988720696641,30.035163950281955,-2.8734324928210135,8.484563949242453,11.268047061298812,2.6083849153442427,10.47776387425965,7.230768462901324,-2.686112899274929,12.480949163024087
8,9.259485890247818,-1.8677685765303937,-23.23269382886492,-1.9343193879968563,8.022491056544602,-8.077285146017923,9.270727413377353,-9.612377327931664,-2.480206640794444,1.3412404974449508,-10.971121584730486,-3.7696253531424686,24.843682994947148,-26.717762887667014,-1.7595835575920973,-3.7219168768035162,8.666294705488433,5.100152457134152,10.009665607618814,-16.899685824985575
9,20.19121083117747,-9.088334769986988,-9.29735217966757,-1.6871407437504296,10.594068816567296,4.765087517045213,-14.437850200727711,-0.8307461682740254,3.451624468372386,6.187057157745778,3.8779896845570723,-10.632977052343087,16.15715650968148,-10.736756637679658,-3.714607166013658,11.35045964755994,-1.305106093641847,29.14932531266876,-4.142436568166598,11.371101141259102
1,4.407375043287931,-9.47336057241433,-4.008137357896978,-2.847585197262221,-1.9708577803353147,-16.153618778270594,15.96832688995575,-19.716060050825156,-2.6266454046318324,-20.85940277457354,6.98962704083651,-1.551123300880468,2.7810521374407844,-7.802417932555791,-6.314964571029641,3.3630479011840873,2.029158606078158,-4.216886267927308,-2.3836790153016683,-14.112185664403368
3,12.487624848655354,-0.24367909979349545,4.701360450625246,-26.778581777545124,17.117073019396422,0.5336209343308521,7.413095809232626,-3.2671345269018923,4.210464072880239,-2.815742483355386,-9.905491325963204,-10.690154329768589,-2.581764706185106,22.463883208372014,24.958033353816678,-8.115839650700396,17.504249660134995,-2.120570915742202,-26.175511925611826,14.670688792973127
10,-13.108150241537768,-35.7281525461377,-33.53219143670841,-0.08841344285754982,-9.632472001578055,12.383439384190936,-1.062063655947695,0.3101158080185118,-1.155406840873988,-1.7052981697484069,-7.780772338444168,1.620193197848031,0.22691482260415907,-2.1717895759946404,-0.45165901151128707,6.3046389701961125,5.336701306891353,25.46965278306423,-16.926812973872448,-0.6858522558271318
7,18.100598647067525,1.348689993963737,-4.448163771685653,-12.473501381135616,-8.953102086097413,11.691362194171042,0.8744519167325131,28.178588050741567,12.118858002779989,-17.000702662205256,-0.8929658331678283,-9.877947812585852,-4.835895531687099,-16.640246593133103,-0.5691246560211861,-9.043118722406309,11.589206903132167,10.545041244823569,-20.657530924949093,12.658749860450822
8,-0.47178995164023707,0.5911729750452395,-34.29031900570636,-18.101777809941314,-1.2815375444719992,-21.2165683759665,-0.9400663846466204,-5.1016649136899,13.064311588077734,-3.8599516918479395,-32.617324366541695,-6.6256754981481585,10.543545868532945,1.41688969358672,8.894829510545593,19.949124948479383,-10.404395309679217,-1.1114313994683132,7.814043503887543,5.0157766540621935
7,17.01141794716237,-3.8289277935721016,4.354473764768132,0.6371969890948046,15.913575532112796,-19.833928606261743,0.21828582209609393,0.8577677074713774,11.284133986645829,15.620381497053854,12.61769762030254,-11.95434506241015,-22.46868209240641,-3.7568175689188275,4.300246634716085,9.853107765320704,-0.7964984003685207,-4.725589424068443,-23.198351024692286,4.367526383563717
5,12.013774461692513,-25.848868376787184,-3.639544080817403,4.51761110422876,2.044021988939508,14.96192538141267,8.986015780981752,-5.068878764042733,2.597143479001007,-7.525260236096369,-19.669933837275885,-7.7539590278652355,-0.9797207068977953,-9.208061196288046,-3.949919261768315,8.615775556744794,9.443735705875778,7.600452934297013,3.285603912718905,3.591119038891181
3,19.216459597762125,-6.183963734132899,-7.256823419596878,-22.332253627141483,9.937124187236511,3.0181511721760423,6.852280848888549,17.14955357739317,0.44108380114106116,-7.190285513436836,-13.804827007320894,23.720708123410617,1.85063925310526,-4.703710736794887,13.078575030698145,6.717598189615837,27.423467662697853,-5.198587698773601,-1.8694915979020157,-7.9536337125665995
8,4.202625956383859,-8.298691282853202,-26.239653815711957,-3.2866676756959534,10.982457511088187,-47.191876021352186,-8.535248386006721,-1.4444472301174294,-21.408015233598693,3.652326227936402,10.295488807125666,12.146044575135498,-18.91880132797331,11.44307729835203,-3.2663252741424884,-25.910982833354662,-13.910564394819772,3.04794263263537,-15.713711974102786,11.452491629005314
6,-1.481847192757213,2.2112074485204976,-2.4376053983307253,-19.366854930032748,-1.638346103534559,-45.08589431920753,-2.9038937458676264,-7.85621855028063,2.3051304944323348,-5.526606444466641,15.403982064096102,2.450686627395413,-5.999503180289011,-11.088646306818717,4.390451989052258,8.127408083953531,11.122465421431082,4.810854651106482,-7.760329267055921,-7.29655997762039
10,-4.014121690447299,-16.90751645629981,-3.4612534682511304,6.598358642669542,25.00232378891487,36.72706834870043,0.9089029274190561,13.690750600716001,8.20267246379531,-11.837941818985623,-13.10530301229492,9.499654571812467,21.102977969194765,11.042878064993728,17.16606264795956,-5.501417910241951,-13.104642260320784,15.894849134708863,-44.965711000621816,-23.789827077174273
4,14.837938167049987,12.184910256633508,4.401549072496753,-7.89374678042569,-15.600143638805863,-0.9554593459447174,10.915660262639204,-9.157596573848977,-10.947386891320185,13.480721921411678,-1.8781477874297183,-5.890198783757772,35.86003158683292,27.057950824113647,-6.118467320805931,0.5459182511791147,-22.310513691539256,-11.905711646669188,4.21495449310895,8.281286472921252
4,0.6743381321200754,2.4077121187456125,-5.3325852779997716,-6.24991796692841,2.6722019968480133,2.8902986560071735,-1.8709833899768356,-14.505445702889256,9.555708074906493,16.46226374172372,13.403531805555701,7.603871556810692,5.621598141079803,7.218321362902084,-16.16325411172492,10.753607145627907,18.070928136373862,23.70211379324719,-0.28512936982352055,-4.3802071891453815
6,1.3842540363893,-11.468522688971213,6.3689802931383275,-11.232473589289125,-0.41691587714431466,-39.196621512610875,-2.250122024859923,-4.45750133879373,4.039549144626365,24.972140176861362,9.314361999938146,2.5301088834802554,-3.2270297075812193,9.436191572956194,3.2884993410319665,18.59968668337645,8.089785067980344,-10.961906174656402,17.64431784686041,2.0627121589427615
3,-20.889283485214527,-5.0588548505680135,10.584038623386526,-25.471885858132858,-7.798525040133303,0.060381308061202565,16.409101461399075,11.128993447219859,10.459067038560518,1.918146642668705,9.216443071743827,2.3147781533389282,-0.64279649458215,-11.987121312615342,7.131010553717722,9.149194625174887,20.872184758678358,8.509343457728281,5.142741172021444,-2.0833298704932863
1,8.621416841973252,0.049274457846343545,-1.5600548641272962,16.698324362052286,1.02622993124029,-7.413028221037634,-8.041063156611024,-15.88947011653009,1.1236485923352753,-8.432070036384134,4.171817606685251,12.604582146203242,-3.228252296300467,4.320643052119907,-4.125205944252201,-9.239836695503922,-8.970386891717602,-12.44705867064715,15.341730942124133,-18.828954645604306
2,3.6412035091059143,4.2655551329432795,16.13440072896027,-9.76406759268559,13.582967429638305,5.105455239244488,-3.4215580779416594,-7.141918958553452,16.626582450162484,-1.6544831254399546,-5.009521796428952,6.776707273810897,18.593796833003744,-4.430659329088908,7.359326118651658,-2.6788559201534596,8.907527646604954,-0.8492326598169186,6.723694932813665,11.704291711361615
10,14.543598625568794,-22.905713641176845,-25.55457344539631,-23.553561973615952,6.641515481440767,-51.78920766721558,-0.3172674060251681,-1.08585752355892,1.529738130513643,20.838913558305126,-12.107973309625287,11.495715926600502,14.788459726522168,7.920532018647997,16.350602099617113,-25.9695174253949,-28.802266841711333,23.96265705450758,-14.677626419603017,5.490528861650707
10,12.306430954757788,11.483599234112283,-9.36643691247411,29.34530185587641,-23.963024899255988,29.6466482428057,1.4571270545654813,-1.9413628192161096,0.5114255320116783,6.035864501092537,-30.19241567022846,1.4782732541263481,-25.966612850791762,27.658921578187382,0.002737036177028751,20.568505083148516,-6.181085296769181,20.432410036242647,-2.3303775188450726,-16.88677130487166
4,4.763613626864469,3.3683251315451805,15.573547549752577,-12.73158009898829,11.326106639101738,4.733155372094702,8.840990914555928,-6.205957778927928,-5.822936158454327,4.016093204568462,4.912587815114921,0.7077011750873454,-8.907762211593521,-3.3767662847105218,17.504468530237283,-8.2541724703654,-9.170257235566599,-3.3747854484930313,-3.957517083891207,3.926930162520688
6,3.756767965383381,-18.261378369105337,2.5583131642695527,-2.966315228497577,1.3551308821440615,-31.81795911131553,23.824348157511587,-8.034858734022473,2.139450614928756,-27.733154989763822,-8.141777240826096,-2.2911737808001638,0.409381034221584,3.156776609300529,1.2564209222299227,6.95947847683637,-9.435767657874155,-1.2847435990842775,-11.846423853402863,26.873046774801814
1,18.501111381166336,-2.179766845041702,0.9731513340344444,-8.249855363122048,-11.40730163931405,-7.954550436279902,-7.019355473353004,12.006338672875536,5.630201718728636,-25.19238608013283,25.76704861971928,-1.4398507654800483,19.843167861331303,-4.298946476829139,0.7007238852156655,3.6664839670455205,3.178731912556727,14.441040839359639,-13.430283782270813,7.224219673975242
6,20.724152622302384,2.021804491774628,-8.735332571618995,9.869944484221161,1.7091698492682554,-18.948426648823265,9.313686696011825,-0.7284333089404504,4.796661682996724,-6.273198158644397,-10.292447843186721,1.1286422251627872,-3.08730832912655,2.5000098615277793,9.057375866222237,-8.948180721794866,1.1997038711025887,5.590785041978479,5.899270330436744,2.8502268599935556
7,2.1318547965172323,-4.505016397897043,25.06453334883703,-6.531301376071731,-2.2680043589409973,8.675907830967564,-3.603940143065556,-10.085330265284911,3.8885019966225443,2.4143057717404344,-5.319322223542511,14.056900021436501,-17.9139626001714,-3.141226403951978,-10.224020998720864,5.14410305024636,-5.529389287441019,13.114532602185987,-17.48946583534915,0.9205715659769449
6,6.773515970409958,-10.41946003501099,11.910121091611968,6.9897194697257214,2.20749894466698,-17.540927733961002,-4.1023400428306385,-5.299165757254768,-0.10933788288629342,18.588080618027224,-0.4589824098979026,4.295715409311099,13.740274900789759,-1.0317465054161103,2.74755954092431,-15.014378917679734,4.8505119087070945,-5.878175141783465,-1.3236263553595182,-19.400080367114008
4,-11.744317749921564,-7.746020543362287,-16.594696233391684,-7.107395897502014,-4.784843577382077,-15.961693759871439,4.47882385918108,-3.416030927588551,-9.282619027986577,-23.38678529861277,12.15456603727264,15.311558410278007,7.876551249007385,-20.47570958818052,19.84591108583093,-1.511356954937388,-1.4750068302326058,-10.678351477732587,-4.239407114676656,-0.39410024903597174
9,16.86015111168391,6.8789273306744345,4.156204341466678,-1.7878631060637487,-6.312794663134589,-2.785031323659098,-9.356505023007719,-0.04065572286834174,-13.63568346103466,-3.5607351339155464,0.6350968270978938,8.877866167116613,-4.114660923228356,-19.724852434680884,7.669371902301321,-14.358858777697408,5.057382103644033,-29.73286952440523,6.112801230025987,-2.021274183652748
9,15.182704096505152,11.542377973136286,-11.508132795241902,-14.887755432045374,1.6349039182210752,-1.5645157566119934,-35.87471318355904,0.4412335181831284,1.8940227724167946,12.648452078421517,8.986208241118195,-3.1926637991308375,10.410608498535083,25.316161655501755,26.906714647278726,3.8662393702234334,0.40765650934296804,-3.2531446848737775,8.898163733994304,4.615733418248428
4,8.889117522960092,3.3883397521401344,8.05089806754053,-1.9027080501736928,-0.6933621895139798,12.3818558407764,13.789294999278631,-15.218097117251686,-6.8201189658718135,-16.830936548725184,-2.0911925833728815,-8.5436208743963,11.733202132446035,-12.331370507457237,-10.741182523137846,-6.489624234439929,14.110666821183383,-1.0831147819965214,6.338586302657748,2.966891237500328
4,-2.3057879380687467,0.684956894317607,4.906084302758738,-13.847216507937613,18.25737922401738,-11.563507155340767,1.2459798901355386,-19.49750864667736,-6.668792308255968,11.329479873357768,7.260920763721234,2.946637305056732,-10.255693770321209,14.335354434370789,7.932934432724997,1.4692513524995527,17.55025070051615,14.508367229899088,-0.21700735664528603,11.742809432133068
9,31.140467441232932,-1.4894317775307337,-2.5908384906059156,-18.79668135667219,1.7488563774221237,0.7508559661078191,-33.58533761957865,7.473944623576212,-2.440867621952352,-2.2343975795336735,1.67418973201119,-20.45988526857804,-3.5547986459624514,10.643472244139062,-12.047542528099767,-7.976915498756345,-0.7338272443976335,-1.7469235559884546,3.5802708239557615,-1.5559300099885984
5,6.303909232421212,-17.2097323350831,-1.0254636186801502,-13.71975000955392,-3.181005863466748,-1.8023404940502594,2.701864249725742,4.522858780083463,10.803133879604733,-7.714109038120862,3.594579924396517,-8.946042616272686,-1.0453963294916941,-3.8692872508772176,6.138236850616349,2.3345791558815234,-2.5933925371422104,-12.210168018980275,-19.439418911304713,4.605948037204124
3,-11.186508829551583,-10.499462064174299,19.273051273110145,-27.990886245188502,-14.944011011226882,-4.506994109116746,-12.249123408412519,-2.1732742605182143,9.319944285611353,-1.220094455495629,-8.159601974214025,16.64320399267894,14.276633764263638,15.380157986233039,-5.444808613662201,4.949689423736595,13.427655860280172,-5.537230800977563,4.919765426067611,11.846011757481747
6,17.14777966267455,-5.559226670918843,-6.2183290360184715,0.27148202126205856,-1.6326580428433464,-28.215512981944514,2.4096353094052705,-0.3269665621988933,2.7583479287091084,5.161767113970545,-10.15946624509326,1.114460731917522,-4.219952557458796,-15.910053397962633,-0.01723254163169985,-12.125747850891468,7.485205549474824,-5.493711603044772,-12.563324189589892,7.176721489061503
2,4.009411975967222,-0.26507004042074733,-11.545158240276278,-9.084691099884921,-8.649472912846022,-6.1515146869426465,-6.409722685501733,-1.3680746263371573,-14.158191516530145,4.127148284479329,-1.0800510882518115,-31.876713207254433,12.813329228296052,21.444380157148718,10.361471112380844,10.166002929870853,16.853002179239322,29.3107332854326,8.69495198222884,8.858224952568897
1,-8.84476405558905,-9.207321239839695,1.9053582743993684,-16.236472976662352,-1.4712626302660659,9.251223093034067,11.481268578883775,-6.866926619559983,-6.040875808250739,-3.61658184710446,4.7447595345844364,13.348658271589791,2.509025615805951,-12.345080149394018,2.425705782933261,-2.629427972083507,0.6317310840104629,18.04053245857941,13.10358178067096,15.737559936040288
5,24.142775318910168,-11.080056918383153,5.449685705673099,-6.1043228595612105,-0.9676040019526757,7.913633927351256,15.465110080384454,-15.252842877235103,-10.964912873711185,4.949022253608607,-4.7820056139077955,5.23770316835418,-5.8350942644069494,12.8047148793333,7.7298884993662735,5.405977830019672,-1.10545366446284,-2.6118837338867804,14.453389589448811,5.79698163856135
1,7.407467901791545,-4.084835634565662,-2.432491465519962,9.577960188533414,-0.11125510848533016,-2.098137240368519,-2.0637560367876504,7.851440657575498,-5.236280045908264,1.9334530744532696,-0.2352639142079222,7.410327724960988,-6.0889249544477515,-16.28650124022731,-3.4263097090534473,10.213964693805153,-21.639000342462484,-5.547103647660175,-9.023620722207198,-38.82550566125384
10,5.834767587370608,-9.378507818946602,10.041304001623821,-9.374196659073146,-0.5536040273476163,-0.7561503969241568,-12.799791681657135,4.405061773766994,3.82463330055856,-5.270233024480936,-18.636933623819015,2.2745631094655097,-19.676677219124205,-4.41503007876123,4.792571402790688,2.7155585687685413,-10.797190568950029,2.6291008382481458,-1.8347441678740855,0.20542723428539067
10,26.565158375701074,15.24169136680977,16.802360888971567,34.27450280866633,7.833243358602262,-5.254845180525631,-11.273700333150884,-16.50432143453301,-2.5134026115389765,-5.3988463793316,-32.95821507030574,3.8291387894211137,6.262475132250256,-1.1780029797171676,-5.065532775108498,1.6218911682480157,23.87812986783394,16.995093147887765,-27.50682928054607,1.2599594169741595
5,22.593292444123215,-28.869337044638606,1.3965820898347001,-1.6689628826574285,0.045829412350739895,5.383618848838317,5.0859518141388,-7.7722904316701005,-14.58404875844806,-7.512340042735791,2.2155573742613694,3.729509993606631,-0.41884986623130516,14.587013178980005,-9.105820089779339,12.458354274307768,0.08921242763689419,-6.8519799841882545,-18.52341394706906,-17.48380949044703
8,9.270080506721389,6.585721768246667,-20.86818715363852,-7.788200651064441,-7.820223209714468,-21.70258742509811,15.54346033920496,-3.273017738450777,5.488638459541213,-7.07077496672808,1.2425863208126569,7.003063781230391,-7.655856045399833,-1.8406135310764928,-7.186278304264614,31.01900722082609,-11.615591693543557,10.912802502359076,-22.248654588808115,-18.327526325769178
3,-10.625987519275848,2.702161347724794,15.795746236930835,-30.59267504692447,-0.08998112091767185,1.520193095334272,-8.309292683673515,3.659906648502016,10.58827499680601,4.165022829871574,-12.94239283620076,-22.227951004226092,6.920682795973626,-20.889192071149406,3.7635902049927097,5.996429271064606,-21.647697990431983,9.238533680672516,-6.6499201570979,23.640636462041677
10,2.3559069253875284,61.61677122268882,-1.9774905207792404,-16.285880837774204,31.32053626638218,-10.157654364962974,9.9113274274938,10.05121904896583,3.154723724597689,24.663553280414256,-32.32214305105594,13.058515599526045,4.049897216700399,-8.966428440555239,11.629288661835965,5.786154210859202,1.612431544940816,7.150131545008225,21.39022005952201,3.599979958219154
6,-2.2586260663917894,-11.904258017657646,-4.705059147675648,-1.1694505050498858,4.262323225356884,-22.938133536726756,7.512892760912157,-5.370447636061737,-0.42634773945461424,-0.6169665204054304,-6.677437283943274,2.1430115599871873,5.590353705615563,8.92444694594537,4.277618146015105,-7.981368861608159,-0.5743896507462543,5.244636336145527,-5.367073087511773,13.244922980878469
1,-5.895315622643669,-3.2553882578833178,0.47478665853435964,-6.251027776605885,-0.9021485125260572,14.349696016152983,6.1844611980194335,-7.56610212670315,-1.1182984705312529,0.21360433192066902,-0.8558628205119534,-6.3617501466834625,-2.2704019514726035,-6.784865373799594,-2.046320201000415,-3.852933476646901,-1.6770946236974935,8.583011263702481,3.392463979362543,9.140363921446454
7,7.16519094589318,-2.2910405875244684,6.2995474168525,-10.502255779103685,-0.9071533155494856,4.509356964796723,1.6533913786461076,9.149312124605778,-0.135565806031968,32.04528458442605,11.928221463359627,-9.29281277747004,-10.859407409501426,2.4770134106962374,-11.536768839003047,0.06922152300091522,-7.836928061633401,-16.620745525443084,-24.603774566816156,4.1129570900465815
3,-7.175061684071396,-4.029861856907674,-10.014935187781944,-25.73799613138966,-8.960467437248115,-7.199550752822131,-4.719310359414605,20.590202747291357,1.668059901292002,4.103933131524065,-7.944270132388334,-10.135645155549206,12.12056433180571,3.7775417320470424,-4.5000011023088815,11.956519003636592,-20.52404382506839,-0.2253476877439966,17.90908983547254,-7.4195112212311365
2,19.939143010494163,2.407214550121198,2.237295131123677,-3.545211815225405,1.208616828794858,6.553038514838516,11.208623863527567,10.63743897744032,0.8782729544875578,0.44700936583834344,-4.474862697272653,4.431058452642887,23.569699939656545,-18.56882532161317,8.846411430950198,2.8814191068221486,1.0453593028147408,-2.8953596110572586,-5.011509176396183,1.508782616187533
6,19.308550574910896,15.004698416819071,4.676215479750221,-14.769125654209493,0.10617180687909478,6.7007968880320945,-4.927259495942408,-0.1796777054583183,4.661623982459956,1.5208044144997228,5.236255046434444,1.0431072639623236,-6.8679583674089635,4.20728047719145,-14.884515489630296,6.175825409805125,-5.135659108545904,-12.764184062163796,1.3459207437959182,1.3598193962812497
9,5.024888366468689,-3.2416077511812977,-5.6654907038073,-13.713267773452346,16.72342775122764,-6.917500813343237,-20.955720507806372,-6.323918188682702,2.1583656356756595,-1.5478645890758735,2.245781186468822,-15.973575902465107,-13.460249603108428,3.6589356402908253,6.540617942646986,1.1414133646766116,-1.7365440693727945,0.7623375579026819,-19.798953083165213,5.765618433706676
9,7.943247970515254,-7.31654498725405,-11.39578167821783,-17.934600489520196,15.844341059808647,0.51989111616516,-15.605055629856448,-1.0756714656853843,2.2393695995552703,-5.080813724228929,2.468001848283723,-7.86283660990822,11.976470814170545,1.6086757517770955,-0.6659297537299259,8.065224233254641,-4.8458817989458005,-8.447183081950083,3.488985767049956,16.073549977753927
2,-8.038854565122085,-0.9092398786655571,-19.085189464117025,22.769441908544785,-1.8926026405526772,4.891215818941838,1.2226194962048333,8.784360964825911,9.487779964750274,3.1836103516974155,1.574681805176914,13.763249603959707,22.146877515825373,17.87667124229603,3.0663411448656825,8.841724124174863,2.572984800034278,6.413035368183285,3.568074145855528,-13.953934055066377
7,4.275459067138476,-17.89387904100412,7.981023293465054,-5.391564578543939,7.474586325988614,-14.357987200520327,-1.8791238396660463,18.085401268941602,-7.332565632324155,5.893062596006137,2.1986244052840753,-26.897093064608335,-12.82558922216812,-6.308851957310848,9.795434620229896,-5.728066773573706,-3.9548190102387903,7.771462636147596,-15.944352719615294,-9.70782195835508
3,6.3029994392374284,5.672587905886748,0.6177633121044933,-31.955416081817745,3.2752555060460673,2.1327581846634107,8.139343512966544,17.55200176004268,-15.473065128169287,3.342046756873139,-5.137868282071359,6.27245058579214,1.3910329653150426,21.395533337419653,-4.394148859846669,-15.797164836788033,-32.18353350351406,-1.2620157970195545,8.777039405729402,7.678150365348219
2,1.2880500632317406,-0.10012174050049927,-6.6277490791577724,6.832700740922546,9.753988454547784,-31.358010596781945,1.493264116135517,7.124299311481811,17.55206137430438,-2.6740234576187416,1.9362255314320334,2.709195216915964,26.392268410111075,-26.08144079159064,0.28173258594706063,-15.684282421109494,2.0628566597579234,38.903897637357986,-0.22504054476418567,10.369771350035363
2,-0.24206346898717568,0.3668211168661686,-1.4541491463971103,-19.10318448735074,22.557206341776933,2.194993794720804,-11.596898362408675,-6.023111373787268,0.7362493244812232,-2.035010590206868,7.91664139550982,15.48939386303275,5.882253081961547,10.55111451965432,14.760197121753649,23.27884638869068,12.536965139138623,-12.121282521563748,-0.9673655123207592,12.507383163249168
2,6.205747379566544,4.175798935708066,10.202202319738708,-0.47856264568519746,-4.553837353128075,10.856155106909227,-6.823522400928449,-6.6035517945859254,-4.121089578672463,-2.334813252050646,-7.969681677461929,-7.955508745681692,-0.014680522215908098,5.459730235040832,3.9610234952983308,26.05527891457789,-8.729437613704825,-2.9715566424022497,4.255059134311917,9.486221151347973
7,2.7613404350050796,-7.630534791480663,-37.29707080324949,-9.737364561510125,10.373975234300936,-18.167554115474243,2.4850694503818813,-15.476670579883288,-3.5907856440616346,4.4355553231505285,2.192282947215943,-2.2966922981488658,8.398871801721683,4.716343182336067,6.484434634800169,-1.135772207327427,-7.9177287098641,-12.808059744290812,-14.782767710820819,-22.01598206143396
6,16.916252395334748,-2.4142461524416445,-1.5089548035936897,3.9720428207439396,4.287033595658074,1.7367639336948386,-15.169613831917498,1.4562261282419109,5.417657185394124,-7.410813143321159,12.146153141054455,0.29336367896034754,12.806032317601963,12.458331526576035,-4.927219951953419,6.3647502053599725,-4.70576069816077,-1.711213457567478,11.993093937063788,4.264734600326848
4,-7.367474716042469,-9.031316264851256,28.176999376680193,-2.2263167405461965,13.958918719758145,-8.58092755128194,-7.363090928016174,5.006354155038309,0.7515005380333846,-8.807499742164559,5.947649041246565,6.996845218523748,-3.618568469867067,-0.602099565377229,-9.59618882301705,6.887214042908676,10.5161901409701,11.938729831005556,-0.8838849219600041,5.241949024497433
1,11.744033164994754,-1.6963976100913902,12.60115250354605,2.3408970212075313,-3.133800248616584,-7.99945154783192,-10.4307881607617,-1.2333885481635987,-2.931894819096729,-12.39756204830613,9.919681240010933,-7.506606729530409,-10.38380712869215,-3.717916430467483,-1.3377086561782467,-4.2828204139628125,-6.348502842007997,-7.949607192042064,23.099100012752828,-16.187618348884378
10,-6.398525514696926,2.2422979157284377,13.321854756493988,-22.67657740501399,4.586112368179335,-31.587849335712928,-21.297924817918314,-20.833058394629692,-1.2739887264726533,12.779200228118654,-16.213814727208295,-6.3215078571084895,12.857362192239991,-9.065495298378998,-23.846153010488926,20.82758502813492,23.941413856187868,24.059980457676538,-0.8272344745738152,-6.419022017351891
8,20.869919620636114,33.383413192780466,-17.08677590523553,-3.221722141811108,2.8902541289639387,-5.963289710907736,4.2306522495729055,6.232140828965056,-15.05883309070079,16.082152684155623,17.31031934816985,0.2264236768213077,20.6624957639455,-8.658115002018427,2.0104534900194357,-1.1494292101938415,-11.830946940980274,2.055283546218029,-11.013917649697307,27.56104330482961
8,12.888881239772616,26.84576245958583,-18.232019086956974,-11.843471648564217,-7.84972500589307,-6.173205725952306,-3.8332593334500853,2.73678593255387,-3.044583772173203,4.129733221248953,22.48723702284288,9.8372011107533,-12.650311831994607,-10.021248897166634,21.18314325178231,-10.385033901300845,-40.66461263081189,5.803354703698563,-26.07952437527978,10.234648362065101
9,14.746430457141859,-10.481356629901216,-1.1877934007961888,-11.90768255266903,10.32692995975401,0.30279822622759855,-40.28558970277167,2.013757487731101,-3.734416214579633,-16.98750872372824,0.34801967692018887,13.162630266234062,4.031362284364983,9.026344525314261,-5.334169755692465,-12.161697567524246,8.66844493768206,-1.118638358002904,-6.328251531965737,-1.6275960967496417
2,-1.2425670627964012,-0.8626492811454551,-16.77261878070912,-1.0074286830969972,-11.937129803950928,-5.738938125366464,11.11025507830147,0.43475572230424975,4.558717378661669,2.8915153865661267,2.7072674236965737,-15.480445788420674,12.637288954069616,-24.54347652515331,4.011028437231736,32.11225606684098,-27.665785606459178,-19.55595376366727,0.9349744875404602,5.548368922685004
3,24.403987032983103,-4.263681348796157,4.022846549146489,-38.684399098975845,-5.35336703502613,-3.1659160466678253,20.498322721286513,-10.83386202829319,3.5135083520710593,0.31468915177033874,-7.399436988800495,-8.746849030105798,1.6541770146247015,-5.476491566829068,13.196252595687211,9.043441111798753,5.981309707562625,16.462312597193982,2.235696510287588,-6.20561251072858
4,-0.796017334758579,1.327967607542369,-9.243190221606378,0.5475677729902593,5.318474958030583,4.950136034443666,-1.5245618264813254,-23.272271317886474,9.532145353975782,-12.127976303462571,-5.734632796537614,-5.761926219727456,-1.144063187459095,-14.549351541535163,-5.660435791078962,4.331031440542839,17.385593968799217,35.62299791787689,-2.219563146912768,-6.42674230396898
3,-5.638097027263017,-19.427674877267975,12.937945144050449,-33.87356805741841,0.9100327846172773,-4.863936899200925,8.060477111710346,3.77529178319866,-19.70085880083085,7.509206532046557,-5.307507250419024,-26.52330942516164,-6.627246967610677,13.177697266846085,6.940699158992843,0.9944288540315512,0.6126166908050061,5.619642832661909,-8.831063805320108,-1.270316188997556
10,5.803061132697672,-13.896805894817374,-10.657854397669151,-8.017735616077815,-3.9976336339433125,5.403794838064631,6.601702488089323,-5.42420363911869,2.683504702979433,9.854641439408022,-15.67505881484485,-5.315198432364659,17.219875381516594,19.88771106984961,35.3297324829556,-14.95356567099423,8.047769916950909,0.7316569657767025,7.691315659246763,12.398277420154038
3,4.2285810991893475,9.859878241164294,-4.393327013963521,-22.08595022113664,-2.8207341804508617,2.37597637500748,-2.01227759264122,0.8376018763000195,-13.89236607567211,2.6290613212145906,-3.7360115419724913,26.791599527799132,7.036201379289212,7.541484297660986,-7.352087625493551,3.3742698353372296,-3.22733012732889,-5.5487089499426725,-1.125221888856002,-1.4071852116862535
9,14.834270467683456,-6.787122145845233,0.05661521495708288,11.837960835078942,-3.4794978807036485,1.36515978892333,-24.276309412566114,-8.452842603509076,-0.7264758922643542,2.207354607803284,3.1262487942970028,12.978821421786607,-2.0432746779740256,18.90595691269934,4.229428880166374,1.7167474348886516,-0.910180828497106,-5.8342099033662596,6.384581339013799,-3.9581635657454974
6,6.836771564008192,-13.912199838900708,-2.2691702848658544,-6.1564023493851785,-2.314087792350773,-27.962358805852766,32.505632146810086,-8.274865650715395,9.40667735482905,-3.7838282878168994,11.90470890258107,4.770010516507203,-0.754959244704315,-4.7803515677845985,-7.288093427576624,9.107405483379557,2.2979889402454132,-7.329593562510463,0.44400980808410484,-28.704322031280107
9,14.122635393015818,-7.03215286058448,-5.935610117152488,-21.324835858884402,-21.589295652472398,0.9645908686709856,-20.358971990210307,-14.106262049361744,-10.88430607891761,6.056012852631789,-0.4563252200210851,-7.916342213125182,2.1055747560076927,-23.403704204459213,-7.782808612333414,6.981369022569732,11.232413384095699,11.75191676549326,-30.647876379996212,3.9149204274149616
2,-9.825334610598572,2.6749486806225287,2.8295539468181032,-5.905949237154271,-2.3789152134300546,-14.75020837864697,-8.289965014993221,16.147744458339503,14.329243315197441,0.12475627699766584,13.014529407869302,-14.205052983690567,9.59469392226146,5.586972307255769,-1.5444188819249924,12.211804916810962,25.100772308348624,-0.5053840643156877,-5.03025053792304,-12.632545939217614
10,13.017718225607851,0.8544314837795768,4.543942469637121,-20.456191334256204,11.236879264065932,-24.081576066496865,5.838296650047049,-4.07148219804698,6.331027439639401,2.6373872436531713,-21.284009774780372,-0.6661077467944716,14.95346513898491,0.2755778958153271,9.817829953914414,-5.578060610440961,6.763737595151364,41.71434710408653,-7.023647118847496,0.1748054508614667
10,18.833463126118964,28.33322426072973,-26.541128008560115,-3.4412782916752906,11.667426758828523,-0.8255726471595184,-13.210296637088144,-4.233059958753019,4.404384712387052,-12.949338958755119,-24.385765440496662,5.370503353119649,25.199814800841917,-9.770475394560576,59.514339914210645,-1.386320529184085,10.570177477380636,8.318042697442568,1.7874104931769055,6.453272119628661
1,-1.8189193276959839,-1.956542510446012,-20.165019364507273,-4.549688832604157,3.127333445228081,-3.193491207806008,-19.22169639602152,-2.155491496837053,-0.30085856398637034,-3.012798590289303,-1.0675002630408221,-2.2577687774559356,1.5366997850531878,7.237183627142935,12.613132439568883,-8.080041523417613,-13.781349892734788,-1.8196155240517458,-27.383538930765315,0.7430967432932265
3,26.8918379758558,-8.746771017011826,-5.26796567341342,-34.22986590283526,-22.42902538147832,11.270145683935143,4.216239375652297,18.032744889091298,7.31818175968752,-8.00869627225685,21.36713300127512,17.494176831057732,2.5527694694761323,8.855012336338207,13.481590489114014,4.983945779613549,-6.416706762604517,8.948265140805642,-6.466527062508978,-6.0073536429043335
7,26.07777286466581,13.020554680382952,-3.304843353112857,-1.7226193667222551,-1.4768884334450387,-19.739546304248552,-0.34341846424924716,-6.30222470154567,-0.06604929516497204,15.701769339525326,12.268898863354288,-15.471318488597785,-10.659776020030277,-12.177968777493279,-12.364064728138603,5.769883949430308,9.466359110873514,4.482480228969461,-0.4407161994246138,5.700346655466715
7,7.451160651620209,16.868932757911956,-2.3509645152502783,-5.02744990095057,2.7895087682357778,-0.6179912349201684,-3.419282332329433,-6.066300701813082,1.009926748508503,-14.011126425719995,-8.573690842456967,12.55957932308802,-6.987526086119592,8.155694312996383,-4.465951024826082,-10.24911040605397,0.10131075118290411,7.965987486247815,-11.188664575206994,-3.841298367662409
3,21.81631489003562,7.843553092261607,15.842963685063081,-13.507432651249005,-9.693102926826262,-4.3623858327484735,-21.538082699631275,0.9460118250707593,-3.851413808270568,-0.4038447696962175,-5.1690668617237705,-20.180858938023903,1.8841542492544674,9.861231219599025,0.1842532499706527,13.010794221716667,-2.800833364484453,3.307035632659236,15.970824988207157,-20.296015932768515
3,10.598720105508173,9.521861410474626,-15.490494763316876,-30.33585833781181,-1.6836589497963046,2.5331345720594527,3.188243358330372,-25.33779437433384,22.063448614234296,-0.18722674320305185,-14.275463110661706,18.65200724542143,-3.7827410644905775,-4.298002462104195,4.892087510528434,6.315272309084565,19.5951408081733,-3.5062457968399716,-1.4236405022471932,-1.2985584797508158
5,13.779525014121678,-18.372405624830478,8.418757849250543,-16.454233729112914,3.554822896432548,-5.627063256771787,-9.632803404231003,-8.227819746337502,22.42367010347466,-0.13840528333462743,29.037492902795623,12.236312994746811,-0.777418698627141,-1.0777269206902675,-3.009705489361604,-0.798050432363794,1.4300914685317383,-21.242600966796765,12.119168585848062,5.396089066086633
6,9.085423880485871,7.77279292671304,-1.5058082706470939,-17.863294343729805,-0.5866186489666338,-17.427706354804563,15.846521728008113,-2.4390669025568963,2.0131640515708633,-2.635090689801111,-6.041154176716594,3.5479454748295707,-5.716962244078209,-2.3980462105485527,1.0355239461531514,5.719049746547329,1.436749470319916,8.301403846200758,17.021596574680824,-4.678363603039263
6,9.337882952529393,4.621308070834411,-1.2780356712476044,6.854046391924141,7.684362675101145,-36.78054250431373,13.803404249757081,-4.489327920438591,2.662951842479314,-16.977959256202524,9.944629931843117,1.3185061541865881,-1.8598027832256312,4.287346935996297,6.138016486871978,2.041088983460478,38.462596911974444,-20.8192658788329,8.559210263576086,-1.5186158791008553
6,24.21635966213059,-11.511907219982671,-13.805469917979181,-1.9681432914559216,3.588635120367325,-36.58624391745241,-1.5583597011980141,2.2195066320889247,3.28790636677246,15.115688572617259,-1.1241663968812636,1.329618850508572,16.403507917100345,-1.213121794339453,0.9596612848545011,-12.052023043105518,6.9189430946141925,5.0577450926523735,1.0150133379339312,-12.880024964345022
4,-2.3371928936839215,14.173439938764702,-3.4179194106022983,-0.8338889078429039,-6.280702382413177,19.328726712842013,12.850255060669257,-22.222679486868284,-17.870953447179648,-7.830215586952473,7.072831935910182,-0.5851380355478137,-5.322317277387925,7.887344671262375,2.226072939516563,-0.018932509080074045,-15.654132550387036,5.622432202227141,16.20045690939707,3.593412468046828
10,18.450517986498447,-31.532581043335675,4.797539395447353,-15.821846135695429,-4.539380910860735,-26.176096755856722,1.6159541962617814,-6.504846136641449,4.912166086465771,-7.4859337079863755,-20.358373757267028,-5.27903517418961,65.94085373012189,0.28864994488391293,-8.93870411543688,-5.416307595447188,-6.13329998699529,19.70051798901155,-2.1638579381013097,-26.17830911259416
10,45.72359711812531,3.580873696326651,5.586283222288898,-8.289680891955804,3.340366197408095,5.593668722477622,0.4133275546886763,1.3898846474918525,1.9648897494173396,10.044867124506423,-28.34022704133146,20.438160533037156,-50.272260473486355,6.9822785182873,-1.4506323650234272,-11.421378364250769,17.902033457994648,5.66668448800763,-25.882229613470404,17.04943542492804
7,7.751027430013635,-8.543180676782697,6.528631603740436,-15.08838175579897,-3.835146290229585,27.496952866325994,-0.8606629916337182,3.410859580785953,0.30289143440923816,15.253640760018087,-3.2313634842853944,6.679217184093496,1.5328146340375508,4.968774333396251,1.3807830213787429,6.044415044355164,0.13222698323957482,-5.230898562866822,-2.448006166032183,17.764733840373722
3,-22.275824382142112,-5.361116547375173,-5.403953528112424,-17.56879064417879,-7.668169896488269,17.701480379106542,-8.238902101360924,3.6280568450300734,9.449391143052093,2.044236367244281,19.63660877840121,8.056461627512045,9.49378955847485,-1.8313198908772845,-29.27732142306447,6.223052962319189,23.839119052426945,2.497264809273526,24.203144165837166,-1.9649652083666576
8,4.094278433762255,-9.44502985566606,-24.53774508725397,9.411457591811086,4.7415768332269455,-7.47343696976734,13.65346528341383,-8.98669330911948,-9.572708017103754,9.745745887629427,-4.335219855486212,-3.2947118560849455,27.56414011415663,15.891207273222669,-5.628794656548209,-6.75793864751798,-2.1506934476727686,15.312846884806756,-4.506366399044176,-29.060585987672155
5,4.595940280865815,-6.343238812010799,-3.2232091154705493,-7.503918492735142,-2.6162361036234407,-8.21895582682934,-4.237342896791613,-2.4755829862645644,30.89287400483104,-4.91968374335645,-12.51978892355462,2.2662225600411934,3.8373006591962433,2.2303899428097687,25.924072575030124,3.2570214611838413,3.2367366311225023,6.68352478592455,-25.129482642349732,-9.275503961577376
6,1.3880912283533284,-2.3942131002040274,13.428908349806157,5.028870736047209,2.4682612555291374,-9.543647305415893,-8.781908026227462,-4.027801914717506,-4.664353032265618,3.5589977732204754,2.0958740636195805,4.848736959871604,-10.61911473394039,4.4348064885768,-7.087644355528769,9.251917773815801,13.539764484784538,-0.6852057071769835,3.7961296998323175,-13.946990181477178
1,-10.909059249106365,1.697681263169526,16.149769383773798,8.5822615947324,1.2460509157854793,-4.073306952701188,-6.560686596982351,-9.930893127333864,-5.282754849160106,-10.805039303366478,21.353890884983326,-1.0509730425875299,-6.354435304803902,6.417577294800889,0.42410185522208355,-2.4741828357820066,-14.95254807804244,-18.334941248253493,-12.08751220370556,-5.332933225327417
9,7.79161816816462,-0.9973915376462998,-0.21757204064142788,5.104328869491051,13.2768912276138,-0.11246546840597138,5.531369400485474,-8.098722428747557,-7.888346162624941,-15.822236745467357,0.2550934525984987,4.026391563396639,7.443574064751699,13.339306725248306,-6.9776967845551345,0.1876864728707135,12.256856064418386,12.301930955802893,-9.728785265193986,14.77977187339174
7,22.52920520720533,-0.046273106321864876,8.05640954634522,1.2015113818252399,19.88041002953072,-1.78289278873606,4.525051016499908,-6.8599056385302735,0.31909488850382917,0.7898522274302209,10.160649153198971,4.881015646929933,8.869658801822853,10.134764764518073,27.40235925860245,17.298751626909,18.9204743693674,13.872816332561937,-14.733792886783185,1.6175211749495912
9,10.032557457149721,-20.03254154620668,-0.1621871077902164,-4.506920392295297,22.023520627374392,2.042014641997318,-15.906742431841884,20.24205545476417,4.8329319963924355,5.21832987826472,1.229192700845764,5.374156480171817,12.340456573302315,-7.05637064462542,12.409512859747059,5.196159700476185,10.642064010960517,6.420609218009311,5.041070018875391,-1.3275666997315732
1,-8.156434618432547,-5.696232122057573,0.9096131856649257,30.08282057474065,-3.205399060694833,0.3062884081347512,-24.25571231625459,-17.187951206892187,-14.58772743886097,-6.600635465329754,-6.6685984162352625,5.0172284147086685,7.026357321979521,-12.172121399913012,-14.369521446509365,-4.112057894294982,-7.0777668339166055,-11.044340461891387,9.857280992256177,4.031522840283431
9,11.652213046978332,-11.425329329513318,8.308370789683746,3.147441710944004,-8.049781165499684,-1.6097874533427143,-12.104706564618162,7.010362496982449,9.460374093327781,5.899129915192784,-3.0401971704412714,13.41411185825292,-5.185017198327459,4.931946220309666,-14.095629039101034,3.2134487109055563,-1.6746352041742258,-1.948288194720749,13.675444523324455,23.99240726212064
7,6.488874754985701,2.3240592736972014,2.5760066972459437,-7.834130562766147,6.722469141860636,4.21615445576693,-4.297337406958914,-3.87461324515701,-4.2086220846535465,-21.261071294999144,-12.98378634073652,10.108091075265433,5.681213697859029,10.139362048238857,-21.161820516676915,-3.4299923214539216,8.305938035970975,3.464292374374595,-7.662892782231598,9.256081889318477
4,5.126305946206012,6.594293150013605,-0.5380159173720918,1.5134343142311053,-9.876312259751243,11.882196598707031,-4.2543193521017715,-14.441045437145531,14.841035930640494,-5.269714113709498,-1.3988844242723717,-7.33425595400841,2.2945707382125797,20.264444189901994,-20.996363510056973,5.955520170558853,-13.945982451580143,7.869363754615101,-2.9915089687636076,-6.0448913950637655
5,16.03288152292259,-27.35445720293787,6.392202922424925,-11.33305712675082,5.179094614113033,8.503509840910578,8.827303655530525,8.944131191779455,-16.39079963527511,-1.9714657930818325,9.2921440935611,-6.206920280619954,5.702283190871779,1.5512095978810794,17.591155090973984,7.744165994926293,14.206299162245298,-6.3790243904276025,1.0159964407848572,8.841242793299513
5,6.062909378428849,-25.77031474048675,2.06027499157838,20.64920467287805,-0.2130863990687608,-1.9906259533526787,17.16758004321374,0.8198448464915589,13.305254504943765,14.568131020740001,13.008891347016661,-3.81073811361323,0.4011643831265912,-8.598574992643467,8.18759317490241,8.72233819419504,-3.693592510057414,6.571070396574943,2.5820243087282853,15.363509517404562
10,27.68518434245417,-10.490456575825368,10.668837949261533,-3.3532265970083612,-0.7845588954088073,48.41864753557844,30.412739981029752,-3.0321317406335964,8.733747595085754,6.0640522369660035,-33.32273029872865,-1.0441343503797997,-9.021611868891142,-17.955558848225976,4.645928577221623,-47.970676885786204,17.178459732058485,16.13052109113274,3.6072514412128656,21.26952877352925
2,3.950022488525914,-1.6148213072396085,20.6241841433535,5.966032487493035,-25.42039962662818,-12.778624877372955,8.407392987192667,9.668050612877288,15.506565993049374,-8.375450043161587,-1.9170078057052111,17.70917024711815,39.120100275281594,19.409653161464707,-0.3350972202274075,16.77213301585985,-3.7511978954039966,19.994779153986904,5.1186055850867325,-16.14255607107464
5,7.092830089245892,-9.521865453424537,1.345876599192834,-1.171855366815742,-8.841339133535113,12.648790673482093,-2.7324343266779056,-13.675580689843638,3.577318325074418,-0.5677245565195841,-11.153911779597243,-3.2197134881537592,0.6721039761679377,4.354192721740833,-12.22495372181212,9.70489805218863,3.473145631473366,12.443623161708626,8.034699757200046,14.912973472051538
4,27.764501387888075,8.09377423930496,8.560708831353336,-7.14536633596544,-6.3207748164773525,27.877058718447365,0.23434197865598883,-42.09158609438767,0.6196541571444425,-2.6175487426388777,12.178385528652232,12.294776756313485,29.310449240144973,9.583964365493674,14.508294907663146,4.644178275058019,-25.55684380198312,-18.124745107241292,6.937278639378982,5.03013418342838
1,-0.7781998836171299,-3.209088986184754,-18.609948916559123,-2.2620053273568823,3.211559537513655,4.685592094957727,-14.08881037316223,-25.00301258893579,-5.320641317962338,-16.720336643934377,-5.932401973139385,7.502013336854548,-12.62953607811413,-1.7983037302825282,9.31149111976277,-22.97237048116263,-0.5026300920789302,-13.702525385749162,0.5858849450430079,1.5633905481886075
10,-25.40183911971541,-1.637716946613362,-11.096701407883703,-47.19900204415251,6.691341428001212,-8.819926331561028,3.254294528897039,-8.850579643541924,0.059653061623454295,2.679620996905211,-27.08766461031034,-4.7645816141218456,19.443705082985947,-4.440830877229297,24.879450541143054,42.25801266075033,17.230092006220595,-20.01936049538051,24.81939113952771,12.955946014851195
8,26.825254702254878,-56.00821002314713,-23.258267116626463,1.6285289202721094,-5.9927209811624085,-13.25463493899745,2.1177507134599542,-10.904246046818201,3.15746662755641,6.047048345725678,-14.598107708661955,16.74558386644769,-4.808842708340974,-0.9646901128566472,-15.896360749340683,6.8371008220197425,-5.552979724012445,13.551783626620512,-25.776826692679748,-1.6138143395864404
4,23.558458541174627,4.8667689239724785,-8.831324202429409,-5.197125383542962,-1.6693726809457599,-16.957966155063687,-4.936720017732395,-3.8499961444755453,-3.0232550500662714,-8.227625931291222,22.484523482220542,4.193989988572928,-13.232166725216295,8.646263832572231,12.48542437606589,5.087007654450454,18.347141721872926,11.964425956789093,-6.395032963261194,10.925962554393088
7,17.157141635987056,-16.424599154721474,14.664361626793628,-2.8129704038751218,7.580387250474968,2.1298453362927026,7.647121652052141,17.45104251521311,-3.1936635075482025,-2.77596992354079,3.9580152888683076,-21.21906179507263,2.0350730683033826,-32.20780606607916,-4.755309929056176,4.096073267413923,7.3896969737203975,4.81653094258035,-30.75881958610823,15.167819286590099
4,13.372403238603109,5.397747376082326,-18.206944990110863,-0.7717436451874429,-2.474655881142434,12.251689236483399,0.6671521506711043,-27.333562695844893,3.1530088522500668,-7.079803245991735,5.943947392995896,-5.533330750869672,1.119096579833104,-24.762738422186207,9.290527151685263,12.391459386534631,-2.047098193060018,-21.970521815699293,0.15313336293513757,4.174463395587349
10,23.802508865569443,3.5177244083982746,9.034634535789646,-30.373896678395045,-17.680824020311345,-1.6613242414368035,-8.472706962419505,-2.6119990835336253,3.0659796091397555,-22.00356286673556,-18.657974222198945,2.385233938579618,27.533530848681902,12.237950059970295,11.936564723086066,12.12800668639812,-3.006907326348916,24.90120123192493,12.173299295462293,-13.81904047004995
6,13.215624172145912,1.8499391845114102,3.4649296351968983,17.778167562949722,4.1027739105977625,-3.26711681511528,-4.326971739391206,0.12175986349292733,5.8918518358674445,-16.220247308378237,11.130135529249156,1.5482197755163067,16.28713028493038,-13.201210898764405,-0.7319713792758574,-6.946990815481133,1.3624096641587675,-7.126595590160382,3.965702969390254,5.77753939174827
1,11.169559355862214,-2.8122473858271193,5.850243868751306,1.6276328647140965,0.9937240391407114,-10.888408508762293,15.02802535968272,21.110673477806646,-0.8927052333658767,8.077522119516523,13.010452062605404,-18.28834185399767,0.8130906850524471,-4.549366033873816,1.291310638822584,14.879002446423794,-10.461504318772153,-2.46359628217397,14.302008986333883,-17.520253787567558
3,13.950352253812339,5.419347248732123,15.900171079116294,-24.57039548310195,3.5398280937770434,19.12949262928578,-6.507895195389651,-13.223266686180954,-6.680478981068195,2.5723619822799386,4.745329031395006,12.159431623127078,-15.976871055962434,-0.4153491292111062,-12.762043003636267,3.499693094638751,4.334902307521649,-3.794385760490962,4.121567681830512,11.863325132654388
3,6.491196883467646,-3.2403303379585155,6.23834814057781,-15.650050478930995,8.449053067512704,-4.720404026402467,18.383343856111047,-1.7827157197023495,-5.449200999815257,2.153726237376904,17.567373767887588,1.2109648783108566,9.279032410518889,16.51148943433612,18.9663761371211,10.381183141766138,18.964273706015348,2.430188847462772,3.369367998332984,-7.79122813925683
10,-25.12277254721826,-0.25943239040791566,-19.9141708178538,-20.07066498957776,2.462936256168157,19.89021458174142,5.4004110681242325,-12.58496450784521,-0.7359378275163206,-7.262628727740359,-22.943319390082657,-2.2704385356550985,30.1204453782744,-3.3170362026810603,34.645666311288814,-13.166667390192831,-6.68034010578514,-8.272117906625294,13.116355698746844,-3.8018640911460775
9,15.31260403471679,5.779319302329217,-3.6352245792734954,0.16627627874306228,5.4912353607350095,-0.41675220525571555,-15.018952610437172,-3.348600662559518,10.746709891545917,19.207461253529097,1.2341411917897904,5.97387498287802,2.394421416142464,-15.300249426680455,-2.6952956070049408,10.23065438825232,-0.8462051788063656,2.581285101777736,-6.383842253481166,18.3634382493658
6,6.945332785561445,-4.43350313382855,-4.298423063449565,-13.899922962420263,-5.09202499408946,-43.186753146171945,3.846461274410144,-0.27158731937515856,1.463856788428464,14.080611556629636,-9.441687954394967,0.09672325398669468,-5.694493889041198,6.140408219367502,-8.776902510884094,-1.198920402164826,16.366199405049546,21.281375797288863,4.697111146305115,24.771720934448254
9,7.132288005663604,17.743954313032926,-0.43990266454168236,-3.313141681665259,5.806185543115628,-2.9587197190872487,-26.46750469075546,-0.799703409060259,11.457765273392871,3.276773213906559,3.335350841021399,13.076157205739614,6.04409033036282,20.832085342409112,-8.329849488856983,18.48743066691328,4.4817355793606,-10.095575628680253,7.8878672134887236,31.850281489229676
1,18.089317548916505,-0.06192625080419578,18.858188905696835,-7.622895603158998,-9.670048973122189,-7.591674023384772,4.623032038582367,-24.855805953988597,-1.342599094987012,-2.562032411929656,-6.931880810734713,-4.6738563326334495,-11.253406598025482,-8.542631155576162,-9.830783824225048,-0.24858033058953133,-5.315577485268505,-15.777331114551876,-11.705239030060724,-7.372266368919083
1,-4.859322229651566,-3.252064999233106,-13.838659775335017,-12.102463770298748,-3.768095197626836,-1.829522699870029,-1.4539297022669748,-12.738926014176766,-9.57963997484369,7.847850653559729,-14.577750099765183,-2.8059988422678055,5.271279146992789,-10.209578196012801,10.2958327557412,7.5909114231408745,-8.820960029301446,-6.559255713618644,14.454770313513897,-17.70962022399045
7,4.813958565960249,-21.312628899558362,0.3283815649542966,-5.139649894356966,14.028686112063601,-14.784373067395386,1.2913380559774517,10.661502176463218,4.777638926884217,-14.223016868484283,-0.4449190539874794,-3.5587429126799597,-0.796096219879773,3.6945154452723123,11.343079969936975,10.092977302751315,-0.020763970337615234,4.691868264792408,-24.43540297722456,-10.78047646618554
10,7.284221417097795,-25.591117940865175,-17.8078585514693,-45.09411003779324,11.134628950100529,13.151851097252731,-19.47323107106166,6.961439649292443,6.3706030972201315,13.287518043505653,-11.030763852141018,4.312330070491901,43.493028373169366,-29.412500341164336,11.432956864523538,-6.297391203569534,-9.501176212618162,13.65818443488499,-3.4077956298559573,-6.2493236821757705
3,7.0160557343551755,10.582316573410395,3.9951546509911897,-9.5714449356281,21.260194164533463,-6.162247614069966,-2.9535057092684998,-4.925283593400203,0.5796721830394032,-1.718047562570362,-2.0359998033235285,18.834235351063295,12.624610728656313,5.204203185068078,16.448586592023148,-13.693883132291278,20.175093204330672,-5.495016535329574,-11.706894661375182,18.969080424152633
10,9.329813460401116,-31.695123245379733,-12.728879612399563,-29.508629425030254,23.440481906346747,-10.742015038324187,-1.6310794513461417,3.608514677975836,3.2369349060014776,-6.2178511512600805,-23.910870701041297,-9.46767584070213,-13.013450267161444,-2.149229237109503,11.504638063532623,2.568422903265731,-31.651944932776857,8.50904545763649,34.86282297137189,41.78295936607576
8,5.798094800725559,-6.988616870611252,-18.003368652081797,-3.7072099083873518,3.520458445802423,10.63488342389726,-5.7633391480137,-6.266202926223212,4.421399249680289,9.284953295770578,-5.2754143532091025,16.50566121842092,17.61091471895071,-8.20427124826293,1.022381108462501,1.5403685724458558,1.985891252823086,-5.347504645907412,-17.2665664474207,-9.720757138130526
7,3.7803226006899155,7.723535272190219,-16.3274971632799,-2.110228856242923,-6.041304414596418,12.408038253235784,2.3856822724184195,20.564472877340634,-4.227544739245432,-17.811173683760245,3.4852529482635006,-9.350586725160978,13.570841261556954,4.86582391972952,-14.883934348876299,-0.14797057567445915,0.6107043698029988,-1.170179888038609,-23.846702425465274,-12.775210667276536
1,2.4177481684633992,-1.0789182532423705,-8.846439932030558,-26.29517146935982,-1.7843803352134662,-11.643609246873723,29.142316330489358,-0.4544278092622869,-4.0532719404056134,-0.9234083388640475,4.460201773862656,-23.508942688741744,-12.137749555183415,-9.803993885745095,5.974591861202473,-20.969320588679775,1.5514002673658212,3.9562716710761863,-26.665571282539204,2.230152420012349
5,2.8492651264454736,-7.7500782341738255,-4.882822992350402,5.893746853929231,5.941827283475126,-13.214647197929303,-4.355826106966376,6.694428682645873,-3.1068421212866566,4.501931913267348,16.845071089840328,-7.161034007794431,-12.838138173154771,-8.938298921831487,-13.998306356462432,2.374259913197887,2.8845694056683335,-12.211782789482584,-4.892342687895902,4.258987522381757
4,27.984111351747,0.9735454220666198,4.972662274661158,-16.611282629213207,-7.423440133790067,14.353329200836344,-2.3595839508392342,-28.49178974208488,-11.613182843067197,19.923296126508305,1.56722653973445,-5.022210435471291,-0.8620278125833614,-0.6411586156958673,5.879496063141426,7.502536425580693,-6.232633616136028,-0.05830059286288902,-0.2888777432980866,3.4722837539869436
2,-3.2310129689457483,-8.494830470788838,10.53009490849202,28.91823132498689,-12.620030575954587,-9.941851395515638,6.571673668773321,5.1339378267559255,1.9165180112468474,2.014474937497162,-1.38298825572122,9.337756370307973,5.805449415837932,-3.8513150168296044,3.495335892156592,14.181189252508052,7.425268020675784,6.987171123926752,-9.132064820853804,-1.6963925118915713
10,-15.778484155604044,3.5300589877404693,-10.736799127630007,-3.7149773033971294,13.99284699715062,44.99248691541475,-5.096279086984133,-2.2784875304070304,1.7068893101624467,-0.7917306039938639,-11.617458555978565,4.572103956383823,12.393202906315743,-24.099486865101763,-8.588085792787455,1.5894074657809205,36.805147682027,42.847782577414215,-17.553208255089686,-34.29262681488452
2,-21.385141208326928,-3.078916163053955,-18.82077014123928,-7.104807629520673,-8.417214377927401,32.90224584040559,14.33229768800688,4.787441184701467,26.258642666606676,8.27890140685526,5.853583495687048,-10.49953484579202,-2.21371379811654,14.646823136901288,-14.836326777115426,32.90184476602991,-7.564157626469833,-8.958907183568229,-6.964109698884499,-6.217369139448097
4,15.647791646603059,13.12515245868044,13.691131237797915,-19.89606309421515,-16.449405382624608,-7.999932611885716,0.5093802950204779,-7.040522364333322,11.315378102093103,20.3605001317779,-5.460210264234279,4.244869349833191,-3.711457243694121,12.74189294098679,11.60999517413584,3.472250830654912,6.847528306269485,-16.67512110337445,-1.9020615205479752,4.171257485058614
2,5.788569471258741,-0.9615970338026538,6.542185231308489,5.695281365005158,-14.873270698307056,14.899385457396967,2.1309269727921745,-3.8735943193429847,-2.745436640679676,-5.809782337592667,1.5620277357680616,-4.471230259677636,20.489682739321022,-4.9330825560580465,-6.915985055884113,-12.883380488221217,12.093440143580544,7.477623582325661,0.9943197425912622,-9.098012339880423
3,26.59563528745587,-1.7637394716160786,7.458297660188729,-51.31238175244801,-3.456131210352266,-16.328213004661666,8.349036766815122,-2.8858701695017173,-12.443670415146773,-3.153612031419568,-5.58549467597217,16.154126744065703,-7.937254359402953,-22.471659154194853,34.03161399623899,-3.4404108482978843,5.119066779222301,9.089149051522254,14.102582530569363,2.1957812338239613
3,3.6193607508189274,-17.34195036417349,2.8756395201821863,-8.360984930173744,-3.5728215221122066,5.012923124207494,9.216930850844811,-0.042952997478315824,-6.7404977447536965,5.296325865187899,2.354438514507573,-5.016708027021194,-4.078982677576779,0.6199611970322625,-27.125664536706196,9.145355354336694,1.5316042869021176,-8.81167150985689,-5.817979492272716,-7.621693317466278
1,-4.721787073600131,-4.6623788774835795,5.3899682904354105,-3.218302447158189,-12.29842848026749,-10.658224740103982,-26.044185014605457,1.1552917185971348,1.286676161116743,4.7921772309102595,-4.839690957980337,9.719606995946846,-1.6682119407684475,-21.09046425589144,-1.8761973484184797,-23.50727456523823,-7.736179855330995,-30.463012986610266,-7.665606542632059,4.114458070219618
2,2.1611459473900636,-1.033785138577548,2.699828077700313,10.006517987975773,-7.591121708904761,-11.368042137985974,-2.27770094687014,-22.43321932674826,14.573087856307716,3.414683334706107,5.158854701552246,-4.407318322732134,-8.897540307660709,-25.25333014901007,-4.33079003145251,-30.554385976063607,11.950450113373442,-11.921510686761048,9.112680736086217,-3.5133264144315275
6,3.869399076014565,-5.014311245341169,-1.3852105238821,-22.43562182155528,-0.5040421125936281,-32.524184394367,4.8063217407455054,-9.025302852449471,2.7952013381388894,-7.538894094948196,0.38769028413818424,0.5753733082432295,-5.2157799647525325,-3.026705255185253,16.56106454869933,-2.6258015616667003,25.88972143025859,14.812267515755945,5.9062346723454695,-5.227104194063689
2,11.77762320793644,11.155847113550703,7.044778662565456,-0.7981811384845643,10.091337954526772,-0.6802920142879203,7.06261702884538,0.2507728048674527,-0.7700151949619709,3.0900039800526575,-1.0972519190022834,17.68411821988885,-0.9623883614341984,-11.42798313528644,-10.795373519655309,-8.970207177193362,-15.576677716944538,13.210223443320771,-2.384721871998421,14.90661259608893
9,25.582729989317514,-8.031571657813393,-0.6441821033827138,6.920783134396058,10.772605974377775,1.938626648141323,-22.707682525232258,5.640784804966085,12.46976749513354,-28.03061763719275,1.3377859755840755,2.803037004477502,0.589758541825266,-2.5427891171122017,18.083888286949875,3.731600978282695,8.480215383360294,1.5165579299727823,2.0906144424032687,10.511185772462976
5,11.507064490315152,-38.36616092844332,0.19120141050936745,-34.42598653463254,-2.5150728223245147,-13.583605620464503,-0.49728865081144513,19.136846657953058,2.6624375331780166,-5.657385823318989,-7.6171646577519105,6.812064648198227,-3.403634674938363,15.633940278753046,2.1684918061432272,0.7142367744179434,2.2742817884712054,15.568082336663464,-2.7959969859520104,-8.892318984115436
8,6.4722436147303215,-2.724906763715789,-10.939775590299035,8.933588857170996,3.5531530367820223,-24.576064575150106,-3.0125755827091334,-11.18550023858337,-2.6421255538488717,17.665110363694993,-1.4744428205411824,9.369764027112604,-3.585868734225295,9.826900363958137,-16.278893264193833,12.779593290520967,35.2635515107699,-11.387087112595545,3.30068083313612,-17.090705660744824
9,5.270163897776204,2.9275593182692456,-0.06458088942297047,11.143102395711882,11.973962170779563,-0.38898900197978015,-14.131856824404654,-2.6485677834508263,-11.50764254978513,-18.442774135987673,3.2274954043456843,-1.780650078396368,-4.248433354976787,4.454936392780924,4.149955818717666,17.883184718191565,-9.079126238897363,11.178356982415886,5.310552329742009,-18.08837351263831
7,17.497333762875968,-18.528301608039563,8.278767785052793,-0.9883589502188013,0.20410878726986792,2.967227050332215,3.2916127009970104,-25.510330940099912,4.860546601176308,0.6239714198738132,5.293204023104755,-3.175637524655829,8.040984127800066,-3.8712434741448423,14.712417377346142,2.0157025987738812,2.8737125133720602,-4.231906604489791,-10.1773228578288,-9.571771433776643
5,1.5884496513581787,-18.00971306395332,2.4489800053884583,-22.64689837849908,-2.6229658368008635,6.1269019969343015,-28.937859144496894,-12.898011180735267,9.410134427724357,-1.5942082694938144,6.319168347841364,4.124890264158091,5.860451365719753,3.087476579886381,-2.9081055047871684,-0.7658191828302212,-5.108030090627285,-7.8219207558147925,3.16603629166603,-12.557576704095737
4,7.426553285260033,1.9886839950922865,2.2645108928176563,-8.250796455171553,-1.9206936595620676,-5.963154145815326,12.53310918615028,-21.11861250824071,-26.95428043610579,-22.534854489770897,17.992358508984108,1.4482283468976007,15.822027610320628,8.707486083921783,-16.11069724768425,-2.158724919650153,23.661463751901906,20.46433675609515,-12.783751597064535,7.080196083965002
5,6.627926196163282,-18.2655633093392,-0.9237331339372892,-7.3382551011698425,1.4402483185094896,1.899304856112229,-15.427355682113724,-6.022854278291474,-18.687429034882484,-3.500964674604451,-4.286819480500227,-0.1842446589299267,-7.539345036340304,0.8101825397718976,-6.990949260995455,2.2470587366207484,3.070369946678281,-16.175221037555737,15.562490154317723,-1.0846924985031001
2,-3.5835100260535206,-0.6073728687344846,31.38147199843459,17.225467329408115,4.184426722294787,21.22999096878142,12.090312375909347,5.279906250593094,-10.644387222219102,-1.8744682198655516,-3.833497611159058,16.9860317305348,4.3607476288505,6.464512876791035,-13.382444761215154,-3.853513403675289,-3.6186535234138857,-4.4128640806476085,1.3324476453740652,-15.617258430787277
9,11.167484345402272,0.07981395828266091,-0.701833025990527,-5.092421342686348,1.5742802837131697,3.3298545139883458,-10.987155768745724,0.7509594368640942,-6.2382934803680765,5.005873835912055,-6.525414877316948,-19.996144135199653,6.623392147567092,19.797528242772064,10.894119857519494,-10.982320330881588,6.468145412677909,1.77020318441607,1.3082737040835517,5.035437997069142
3,7.67298887751539,12.325942901237458,1.6481416940931775,-5.0468263163549665,-1.914822653459614,-7.511018412291956,0.9024683083866716,3.2284845235175403,-3.600024639652343,-5.297405880867471,0.974274519082724,9.658653127415358,12.142128677634817,20.894205727569553,-3.493081670123325,5.241097010741167,0.3535558907431944,11.509389070665256,-15.842161802884615,-0.14401812109205703
8,17.128780378989397,5.657339711584783,-24.715210759763046,-7.835203107671184,4.26316425722771,2.422346590620037,3.627152056387507,-6.830667085423662,-10.996315838342777,10.472221497325133,-28.20213275765756,-1.3362791134043603,-6.677263196407054,6.850766523362044,-16.73093364304199,-5.605144669198587,-8.693109861370804,2.22284485828488,8.37168124639821,13.993232722657956
8,13.615080258703479,-21.347921975104303,-18.381075288083046,28.990503606165422,2.3444075812204916,-11.63227549838887,16.41431057715724,-3.4065399921768647,-3.157288127084274,15.80944345879808,3.7330693036844775,16.684455753261403,4.733880740391735,16.427216534682415,-11.071645427427454,-5.771709831665713,-10.981827241726412,5.531317485076892,0.0038261394417835604,21.431134496853744
5,11.125633637930463,-10.42852511657951,-1.3742232455073298,-7.595163464574984,6.691043231380123,-0.39323200932590363,23.82496318734738,-8.967096192597413,13.076189464836833,-10.25804599535716,36.64896802527898,4.904462101574131,-5.6078890815664515,-3.641210529444483,-12.194218267204706,0.2832219434503105,5.234516666618176,6.834075607885792,7.35794683161052,0.6386300044504307
9,10.044249544931148,-5.329650997227727,-7.92393689673792,-5.656811371076975,12.803773771740898,-4.346388716862915,-17.25833563873163,1.5541990821832785,4.224281797464928,-11.218782690169176,1.3530214844896777,-0.1192918998240391,2.861692923209067,11.048834530402708,2.140570894289345,13.700536785850982,19.47150026205747,1.7780889824452892,-6.654354724760449,-1.5792603847936753
6,20.279724005971996,-4.726839938099705,1.4757735195777766,-0.30480336453864876,-4.638113535159889,-30.516611429845405,-16.48010517388802,3.3198876575563907,2.151700013378562,5.433114912717427,-14.62542979339854,-0.9176210650514272,8.873673791207025,12.63413368654543,-4.270912196768971,11.354852659644152,32.25376053477146,-14.183452664320303,0.32838295848922394,4.7679504209435635
4,9.16233747899164,-5.489151532750852,0.24696890786419434,-3.601733431411314,-8.629230535841963,11.462687736472184,-1.1740645696061685,-25.85589383450285,24.29637248233713,-34.68029427832313,-0.2956959265959758,4.7673490626823565,28.351598531678054,-5.244507451575781,2.0637079301684556,12.715729033584516,10.712932308670077,34.151326518828505,-0.017348738476294145,-1.9262108502434092
6,5.912409000619489,-12.193169068781451,10.428904284714493,9.697438432277206,-1.4245940808227848,-18.359165599359645,-13.267580439561772,-2.837374463300335,10.069451226656088,-25.444462832657916,0.6221888196871367,0.7546835884910894,7.836082521461979,-16.718164735927644,-2.4432404992522385,-9.300827080914086,25.95336130494148,-0.2656182606960549,15.332797929822153,5.019247380779772
9,2.1124699301952745,9.252656443637573,-2.2766733734667737,4.991893605576682,-10.885538769967024,6.159579801289453,-19.76371762261895,1.76394133868523,5.549118973040629,13.167505382850395,-3.351885396678918,-35.52770219593222,7.441707134360086,-5.9624081393761,5.358624762908739,6.043303847269634,-13.245085959482493,-1.631710455561783,-10.38779881369768,6.704735334817757
3,2.4864689331007668,5.338543366150255,-8.347400191976977,-20.558391174144017,-2.8930576289330854,-1.5357162903408168,11.551150159821578,-15.563267326028674,-9.87967906190096,6.098209178757878,-14.428796910787128,-16.442290572626,-5.600733432524551,-9.902910093364497,-13.185719919761542,14.796668062195668,20.191693798732405,-4.526884013301248,-6.961297617931338,0.3228504611477212
9,29.96425972354304,-11.4009916341232,0.7201576979227753,-1.8163556385938588,6.8921070230541925,1.1838630622603499,-19.56830167389304,1.1234558677876896,-4.710136101652099,-6.02073759078688,1.8979413750140628,12.298645039544793,8.706050044258902,4.257101958091441,17.818009974696036,7.247299331590961,-8.354118959835642,1.7390244910634558,-12.966191159265305,-7.677948654456863
4,3.473185473823361,1.010544098781805,-2.778104985684818,11.244900635156018,15.389062449134391,14.117907746077295,-16.986760848792226,12.711207428874914,5.302399983038067,1.6071140954529932,0.14244401172159843,-1.2179731803458385,-6.040336443521073,12.673651774453539,0.21223273092376013,-3.879266644792927,3.5978108797243338,-22.810826964617927,-3.170241633579765,11.513185634650569
2,-3.000874793436603,2.390440980829183,9.214457434682052,-16.53338812140737,2.9334477287273204,-7.317931429968806,-5.869169934359534,9.905024857896738,-13.420627551501287,6.546732035006447,4.633677305521872,-15.419429818451459,10.85268374119468,8.538231168881417,0.566250522695028,-1.1065627363763628,-1.4694467858785831,17.681588225926664,0.0816578967179864,0.48645796630052196
5,5.447992354313184,-21.670357345850135,5.331971856250224,8.670225462757347,2.2409114632504217,1.2473347156828556,2.8646940296546965,6.995939897551069,0.9447457783161415,9.509852669356203,3.359402761269981,-2.1523907088705054,2.6928968687420616,-0.3732269934817205,-6.5260487838044305,9.443414355899591,7.578274458423169,-7.2806446847128115,-10.822698836879326,2.3233578707705713
10,18.48818494196955,-8.42568440843368,-11.085775166569555,34.65433794118411,-6.524878042266425,21.697123539524483,-10.014427283078463,-12.294675581394252,4.972865924397929,0.7839946735737097,-20.915468102518773,11.200156392315531,14.594637407554238,16.72340351014773,6.237264384498835,22.36350318416882,-26.173336272465946,3.814805759904352,1.2936005878835868,11.464924285935016
6,-4.8110655022329265,9.031690401517274,-3.734761470220068,-6.434464088458855,-4.194035935060032,-16.427334677824422,5.348550610006329,-6.110887280364433,3.7137308403887115,10.133212834374644,3.9739967320635308,2.8307202492243633,0.8309634172714351,5.860643181090577,-6.566233259938922,-6.308943895390849,12.57642969425318,20.88648485514467,10.354379356889357,5.607291960434287
4,7.918823802672505,-1.354502919613794,-20.407754775139985,-10.7453832939354,12.13130260218436,24.061608372871245,13.351089994275897,-27.70985334357477,-6.595195848017402,12.941688941970513,6.279106772944937,4.8044789045295815,14.194249400893224,15.233627940471525,-15.221204740962264,-4.819130798290246,23.06947521685617,19.761658315298476,0.8013794669765564,5.663185922797584
9,16.49781851605276,-11.176609057280185,3.0730739328332852,4.855159374142539,-4.059942208037576,-2.4817465819362625,-20.219691508075687,1.8116209867274211,-0.24742093043645275,-16.239149919812906,4.18219683641969,-2.767166905970438,14.575679588372118,-1.7962480693957725,0.49341247581358044,16.265243066454186,10.572618013117989,-7.909203334100921,11.941337229060672,-12.96447877122901
7,4.295943787659018,-18.596261785287886,1.763136517811167,5.395805955249764,14.378563859102572,7.211415107504613,-1.8302253187547137,6.4385506230874,13.57472841932016,0.8428269200185802,-11.280524834123339,13.169939581049544,18.92905470816111,-6.214416373986638,15.941815385467102,-15.008383039580504,3.1344110862891004,-3.1895867329971663,-16.19560863866563,-11.038546098966467
3,-8.283703556856969,-10.624248397631701,-2.704003349179246,-17.318942831726037,-15.086225374081573,-6.274959901164234,-6.249765690151186,-5.932583487056837,6.972297893075611,4.72601829887705,-20.459588524326254,-6.402895242328245,12.639150460595124,7.958377628303097,4.322288669880605,-5.550590075621156,-0.9580810728874369,-16.582272078405175,13.110276143472417,23.785124878288865
3,11.589049206740935,11.524574663551212,-3.3718154260057838,-33.80054728830428,5.304924943696923,5.603703661682793,-41.412783345772354,0.5518732377039979,14.89609111952579,-0.9886149388546901,-18.896253175573133,-2.038731997954711,-0.7874300068453102,1.081141370056245,16.48455798636145,-2.4838532576057286,0.8998348425574663,3.640269412482896,4.553587774335665,3.1135442643367823
4,7.8310288405721264,3.8810947203379893,-16.66204638968341,-3.2198282692389983,-6.111515563562668,8.46759268754318,1.2920803427188083,-33.065998032856655,24.273823263359183,-16.824744100897945,-0.8148324799912003,-9.290592001956142,11.714255371454762,4.269793024362097,-4.257768230892444,-1.797334558368326,29.96992810945714,-1.5783986685680103,-3.9507555602921194,7.0052198543799955
6,19.014620535514155,12.664581484412572,5.118417006152284,-5.330415690172475,-0.8748680898329964,-24.787766791677377,-5.913424180967269,1.1136379644584538,7.9068480282474365,-18.544279688827913,25.139711107342745,4.477737977791821,16.039562197137627,-6.895438083405995,-4.236504535680013,-3.1823783240900068,-29.27762036854467,12.727539121476163,7.968305221817143,10.410376658927728
10,-34.67335116952246,-9.850828094536674,10.185812973207089,-30.823840796028136,0.6628239585151701,-9.844490420473582,-13.659944393662533,2.534537205822236,-3.459694006175799,2.567694712904519,-16.908377135344523,-11.259804592706391,-21.4244546989991,6.635511859775908,28.787489391508604,5.101163260461226,-4.60381570659205,-12.801572201651215,-11.711200734684814,17.22851964782186
7,11.984955545214824,-18.22435262199401,-7.513461104054578,-9.269492790119951,-7.525024836213022,-20.64531499278076,7.344725270120191,0.9231790088742411,6.703537404820805,-10.78351807170066,14.503470196281853,3.1769256863377184,5.006790521740257,-0.1740243555985308,12.140155847597933,-4.90202253630878,-4.364026223403982,24.57161683169435,-36.81918629953624,-4.754853528359483
2,-36.63710818458877,7.430445152337457,-2.561272622129212,18.42787633607981,16.808137625635077,9.150587915606689,-7.5148564690501365,-7.576002352799101,24.838844728808578,-5.765657048714572,4.065148543414634,23.054790923783198,2.1412964798790672,18.445892179077603,-0.01250117542232776,-3.775357799446213,5.077574237931433,10.338674133187766,2.698866888666675,17.95585644943136
1,-7.663651002657207,-0.2715678124574401,-3.8129368988909222,5.001122746506155,11.252554562560874,-10.188641106488152,-5.874301389076263,9.556968911607349,-10.084441501805088,-6.070507516502066,22.922766251476038,14.705606566924477,-8.001514805915624,9.880777047901935,6.068496534454626,-6.956350466484279,-5.359464817014501,-8.944208740369811,11.308073860397824,7.0583527738049625
8,24.85372514655515,-14.162055748636671,-22.63854864190225,-3.277123894315549,-2.6169088409530983,-17.90160761819025,0.6533930884425114,-6.7420209422803765,-27.43871735177891,-3.268233757055382,-10.583061978986938,7.646695393345403,3.705724674661061,31.77842727548189,-13.895645661790303,-11.310061144771128,-1.6430997510769707,-3.832501798231426,-27.993275478180102,-3.1291503403863326
4,13.783564661912276,3.3917915232082527,-2.5896480981100636,-16.284194144862532,-9.11230278253372,21.45445989790965,17.60048456423851,-21.56937162090977,22.249162092384008,4.9125198235404985,-15.610280023904743,1.7045531736351371,10.966245819923863,2.584335589031456,-13.950130648381284,-0.30346901825873385,1.5985528860279046,-1.4434043268025203,2.9946505476259735,4.912348238830868
4,21.11971048092889,5.467948184205342,14.010356599033289,-1.149236646921148,10.238285963519308,-16.39832141208396,9.915238287559994,-24.084798431428457,-5.816900961719545,17.336520988584223,7.752388739444004,-0.09678165724119747,3.5979677487665187,-11.828545585766914,-9.20631948123303,9.771825519735865,19.609996141720558,-5.12396821192589,1.3428680314459696,10.071090430083089
6,21.56875924881848,0.6006322581856605,2.4543122502404557,-2.759905686098276,-1.1652394851917198,-19.618963845875953,9.53324130439071,-1.2354084379802985,-5.133192930999601,2.32302979012453,-43.285513846480946,-0.12169010042066764,7.174776413033855,10.746088885530495,3.9351397749918307,-7.128382957648318,-13.660484219653519,-4.600078121874011,4.901201563709904,-7.82981545462324
7,-3.6597577268451396,-3.5039402675249085,-34.3048955417558,-4.1888300306882975,-33.858658254881966,6.711651338293861,-1.8680342766953788,-8.614158883636328,5.585147713524129,14.809807260664012,-9.282499762043313,-12.350807869272133,12.402805923588161,-7.762975924201098,-2.2341246423420973,6.332625841392359,-3.8067547750451847,2.365475654731352,-33.901821788073605,22.464964928787232
5,10.233010730396249,-19.39399907867835,1.378375626045042,-5.869372794071402,-0.09315959518795713,2.359721011133806,3.176757042921288,-2.519776146420267,16.27342985873952,-22.722041000152245,-12.488064035655741,-3.226722816449349,3.9816288713631054,12.437630151933517,-6.164701438581609,6.555462332264891,3.4425400050848296,12.65068416981057,22.646584117814903,-14.31322230498316
8,11.045167549698796,-6.029476253313412,-7.69150218171338,-18.073981910796363,9.0568194466596,14.943455065094279,-10.567631601244061,-0.281183873197028,-4.2553716380882785,-16.419014670688824,-32.49993305627449,5.462182006064537,-10.659783339491401,-0.821553582573745,28.136168692883444,24.34578558374652,22.421528261520233,-13.81426641848895,-15.972774632222611,26.523017690019472
5,11.053761731931814,-23.840425066256284,-1.3351532010637897,7.5674934490811046,-4.902314392848272,7.387104473368896,1.7568070180598674,-4.597339081188995,2.739559542615707,6.78245252360248,-10.24309752955235,3.8426426379857883,0.9210920649480316,-0.0161240607813824,-6.835914156694968,-1.8844639189622265,-6.392986338627543,10.189765132307619,10.138831175119137,12.645028088293936
3,-8.31014274776821,28.15648791042538,5.321023339658087,-1.6114192603640127,13.848315751386698,5.830786961900004,2.851028947174039,-13.013769045661109,-0.08026624442434915,1.9374362728297847,-0.760551603572137,27.517058203558353,-6.376860214079624,-3.1338825300826936,16.907959049587983,3.960786899537191,-7.669756485737872,-9.928838947658612,0.3929532448700296,0.943639747566304
5,14.208131507722477,-5.724044766902189,9.254366361076036,-13.698204070890043,-3.902696812037068,-16.352619965797103,19.266735570241096,7.178450826455406,18.203486765999187,-8.47986541914271,-11.44268014242767,4.81119145750703,5.123702278213321,1.1510652057899982,-7.852245187496738,13.865057689615236,9.729608821800522,6.337624125272287,19.875469261993143,2.0901212582369415
8,7.81637638083425,-3.242466697727905,-21.872193237569817,-11.803324106229631,-0.665781743285993,-13.369300620488188,-6.408714426018041,20.05439075889749,-5.337012568181204,-2.343790910590326,-21.275915150095564,-2.258318084950805,-17.871397865227483,-5.706755674419272,-11.983243750448178,-15.46891635041473,-2.1665763030911975,13.727753325157764,14.721307483794861,-1.0522879002468652
3,0.255405806634057,32.15809307321775,-2.4188828543844254,-37.19755291865155,-30.80549865608131,-5.865507585256968,-2.9113087490552205,-10.242831531414078,10.361421359961833,-1.1684628372604762,9.901690787924572,19.114442504859817,-14.543299087672029,-2.3946073611457335,7.474256730676696,-4.939746614841311,-15.59423466348532,2.8617130271150675,-0.10223703959563224,25.605690563693425
5,19.47395384065987,-0.7314796679726001,-5.677156559433982,-9.41611582785347,0.2652580318004545,7.408174568059084,-1.8309903441043105,-15.172459061673745,-4.952364253495058,32.21084235957012,14.268489021123969,9.290620221120376,9.694398808010487,3.5573507499157797,-16.890098998848934,6.997640166250159,7.20291666041419,-3.485720403596577,-18.0437091934808,8.7233156327727
2,-11.754363490216061,10.872087717603089,-7.706255963092184,-0.7807341126457632,24.03866136266841,-12.910038884423876,7.303364480867941,4.083642712483112,31.00622993315307,3.1861355019771787,6.437134491472033,3.5124846407519503,-13.93129288908287,8.863021247678397,-5.556951667318563,7.2853267061760985,-11.68672163629829,12.008086832637307,6.236357077948876,-15.632923990010642
4,5.715009373248543,7.170548295702924,-15.324676996455102,-25.373166139162095,-8.606421686291748,-10.017135103416873,-3.6891289030818504,-39.775999873447745,4.087103197695746,8.611670552725323,3.948721352228141,-9.320151007397026,41.716668726661396,-12.833662579546573,-17.172647743775574,-5.8734379460307204,-5.110066331763776,-0.8282346838453729,0.5480101078179258,8.23693483548072
4,7.0560905448540066,2.5535458068339243,5.4765204726707655,-9.920502708958752,6.871979619613238,3.3829265400575457,1.003598191106146,-7.126002574533567,20.81568296027549,16.051687531353966,-8.381685536178798,-3.88527236975213,13.857912108525401,5.884681963081739,10.882631126519488,10.053128688238909,-26.103852053859015,-5.492914613981475,1.0479354000649717,-3.5579056949102545
2,7.821390402994051,1.9990883070664143,21.725059360019042,14.264296992128331,-0.16896512472041825,9.205831624808742,2.4584004809107123,0.3922647927573788,16.189123193158707,-2.9252408988197707,-4.1391972591474815,7.466860635415102,8.158729631177655,-0.9221469423026973,-2.0541972281857386,-24.479857430042888,4.118417467769783,12.909024966343205,7.16357173950243,33.1958654385032
7,6.250807138158279,2.693923571493442,1.3561373143597333,0.22475846366124141,16.963030627634428,0.35163487713627806,1.870245268040132,-1.006066536374373,15.040347559447573,-32.64003703547799,9.033327906579709,14.362512195022576,6.91045471141873,0.9137622242982527,-8.951003368382878,-2.590734075503633,0.6899815406870278,-13.622395516333324,-24.18130801554603,-8.845504485996244
2,2.079583482734769,1.5202821899336358,13.340486744652027,-2.135622096760249,-8.80293023635718,14.597362726286303,9.420710441338233,7.118184163550077,1.390092646375066,-2.284824302700322,-12.87978483923243,7.608388230498004,8.679688013507311,16.243228327604243,1.5546697542541525,24.01020842213196,9.370961243450445,37.49796459592252,-4.9837287372112105,14.393561009394752
4,22.9447322459202,4.5273623048664895,10.186529466565775,-12.802194411113536,0.7231972324260082,21.642763851649068,-17.0261370743666,-11.908050535334059,2.5377777257104444,-11.365733400346032,11.24596397190921,1.8687024187448866,-7.734408909707173,3.0242726583238224,1.132219359500339,13.57094815912588,-10.835348968910704,35.76595572984006,10.656837660448257,-2.366222712842955
3,9.513587337627305,-2.2253746159034185,-12.808743825428595,-31.780222897717707,25.752327476294433,-1.8667618235403929,-1.6059339496779015,-11.892456434914148,-15.367812881610865,-0.6655036336143001,2.9044387471812327,20.289516185953108,-6.013656812269943,5.877372524028386,8.115157441628963,-2.643362180475516,-26.072725451621178,3.8323286768712688,14.687226797636077,19.67934477422674
8,-3.7455291571913962,-6.058457043381452,-31.621229312886804,-10.55385729660756,-1.1209196740225527,24.117663184993,11.437505062829546,-33.74391764095846,-4.314906595724333,-2.1419679068940702,-20.338841112298212,-12.877119025742854,-2.1266961001923588,20.24473369090093,-31.242506286342916,-5.157484248732546,28.82189325137822,-16.884210211369847,2.4740721513932975,2.0899738120880302
9,3.2875068658553532,-6.20510260558596,-5.530586671562453,-2.6175922671376615,-1.6575256053909802,0.4021987178776216,0.10970600552425225,-5.584733585460099,-2.8238305013783687,18.304577276525745,0.06170930015123227,-10.33867771432038,0.502517195512538,-9.738950900476127,-4.269282629164506,9.363257691347995,13.770458273093297,17.678500047738456,2.460235825849726,5.136791399908314
2,4.975755491106376,6.759961572927616,-11.778234065214097,7.919001824028911,21.67000648658997,14.87818903442983,6.64413780402138,11.345328285238766,4.344473169693734,-6.687377473420709,-12.332380369131192,6.19235900132816,36.17460914571247,16.739939636780825,5.0518511687094705,26.81457379346914,1.5826868299989676,9.53943513174196,1.5870312802325561,24.055754626225944
8,25.685536015494794,-3.328916817646668,-4.522402887289688,-0.3262952174319391,-1.3694690285018183,26.908897874985445,9.542071496923072,12.355352050961768,21.298596896405684,8.50643144509257,21.244866495982787,8.512848103417618,17.185693115476234,-3.9384124222753294,2.509899723867113,17.003414271471513,-18.345205328939308,10.638902401886979,24.606517363174987,-42.44638536291806
4,14.152230610643269,7.599233070741703,4.018431187437843,-11.600808674663318,0.8280147273530563,9.843592364057963,16.791544654659887,-8.355816455558276,23.508660349342076,20.50840905098635,16.755747918071282,-5.2592398484898535,-14.00586611982704,-5.647825190210134,4.136989621352914,11.951318423348607,-10.21628392210205,18.741777864299163,-6.905440178017554,3.338484534668427
5,16.183065826254513,-22.203995014015774,9.30654339806941,-7.915142920996438,-1.7447672000832424,-9.670733039411289,-11.10959710425118,-3.6832502504538027,-20.735084223207686,-7.091587975991865,0.1020652301165903,7.63153273998512,5.922986279428925,-11.721202714537075,-2.4421955050127204,4.851958289777215,0.34260314990206053,-6.17497298378016,-7.957166640008038,14.673955227637766
2,-0.5849477978770925,1.0000602099311378,-6.3002328510949885,14.051878584365316,17.957404598264876,-17.776241292463972,5.373832300029553,1.0126248707806194,-8.310443253073597,1.1480988926599927,5.104771963444866,-5.5991169410805455,4.1126346331090655,-1.3840329493228252,-8.56656143197324,18.182736355422797,-7.050256827268501,-6.231281940403612,7.424526402482838,-0.7708885674413821
10,-3.522212867987937,21.036456552983175,6.137564613889762,18.020017212856335,1.5906918413608402,7.657362795802145,-2.314965258080224,6.391008627862695,-4.0562182277907155,9.589430740073361,-33.37284329258277,1.2522418803517419,1.1088031715930668,-29.279795147544057,-18.906076533059668,-27.728561756890286,6.316365153407686,35.349096082315015,1.8180373568768275,-6.489129882542347
5,3.2389924513371566,-16.702296421672326,-8.691591798313505,-26.69826613401078,2.8343966887396173,4.298866312968079,-16.328991335362023,-1.2532864608989234,7.726205194844749,-19.803282197892802,-6.5759439284418155,-0.6269198016448749,-4.741091537598873,-7.840224004598484,1.8779055665133966,10.795921170914536,2.7589303875914806,-7.562976651653814,-18.49219335344655,15.000969168552515
1,-8.769330483827808,-2.03820197309296,30.49502658226204,1.3075764399750995,6.309159483535012,9.79465519837374,-22.09979790229625,-7.436750513795145,-2.5385971118180377,-0.3762224740443223,3.9961447790442586,-13.927156198258736,-3.4241265579420768,-9.71216174081264,-2.128608414768008,-11.57970138499218,4.11868637162397,-9.331963317358303,-1.0580100547638924,-1.700566506349816
1,-10.661779451891325,-4.69179163617924,19.734312467925953,-19.497310740291592,-10.815814885215989,5.0185682761620285,23.979099457756917,7.439534980368297,-10.926768315464411,-4.275634349480535,-1.162034870220277,-0.18766772281859945,-0.0658901028366694,-9.363580114991018,15.062768124505867,-8.412166167726163,4.706994558752679,4.738185018760353,0.27407427118905403,1.1604070595057738
8,21.655323770830652,9.587152874728243,-15.782489369507676,-14.548996112067794,2.1181344959554376,21.66244562824038,18.246904093248574,-13.124762528211319,-12.472034262350315,-1.5709781765448412,2.705061813944963,1.9690555486878014,3.593131285462322,-17.69944843890992,-1.0417778484453426,-1.067495029329728,33.66159435097997,-6.34780090487471,-8.246561057367192,5.325464429691275
5,6.141398244499257,-36.095349735371045,-0.5037389000895791,0.5117493915427769,3.954484373452811,-3.887547251517235,-0.17428019308601783,-8.39109986905477,-14.681196602177678,40.601615985858764,-13.225739609833612,2.0354016530814683,4.670136960379811,4.681955316538966,2.276605210201845,0.6339575695860464,4.610659883348199,10.847913706151717,-7.1243535555722115,-16.58669901362471
4,-4.122061973579385,0.827319731489008,-18.136719309089358,-21.224317078331072,5.815503200776513,-12.985440380515264,-5.931547964979872,-21.466995905666504,-11.936233712592976,-11.226371458282562,-1.5607475562314184,-6.266250933625298,14.573333537094925,5.177006213763258,12.264832462408174,6.219326669498686,14.298599210339624,0.002037155279602576,-10.511553844532951,3.5695478726069068
2,-2.5728367042070683,1.9507554022825682,-4.394137229734376,8.613275036278658,9.716856143327053,-8.014629309891017,-15.508486872646477,-4.574631931740411,9.69749512740363,4.079241549741359,4.130623248545521,-37.352677321592246,20.608247758030394,24.51131473731073,-11.548208452200889,-1.610591428137881,8.495934535434744,5.382745429376999,2.502117215766334,-9.626618873653687
5,-5.685140896001503,-20.207771207037524,-0.978781345566951,-2.6464352162258997,-1.829290632103557,5.956367079517159,-8.847844597908356,3.7583197053367217,28.86889215666017,-10.561244836478693,-3.2622408902617854,-4.911437150752507,-5.402718698836663,9.788673523268919,-5.8446881061085225,8.13458812807274,-1.459681011274447,7.106564328420666,5.089083798568725,0.8696834814722336
8,15.94689370449813,25.60668882429938,-11.18889779579426,-12.140659954112005,-0.30014810411563786,13.327459861560893,-13.123814556132437,-6.8222040400792245,7.95873322226586,0.8821292096781732,3.3657733861028,-4.153032401298182,-4.2373420222630305,10.773262061393105,-23.099387663443007,21.654647139762343,0.542264213540276,-6.505665159173873,-0.45088653826693514,1.542011454788574
6,4.528189941023574,-5.5212972055273335,7.687332008271808,-11.821259482042606,1.09222085986359,-37.00999335584419,-1.4157898103365172,-6.008887211237171,5.788627214618799,-10.773562185112633,8.835797246131403,5.497432955047665,1.8027142691534515,-6.922995056850855,-0.6307867956547958,-2.711444303332153,15.921456540896665,8.850405157424678,3.886431976774967,-10.262767650450176
6,5.401130793955009,-12.451960344011248,-0.12892309795713996,1.5418292095646615,2.42979996959116,-29.458682448433617,15.187240937570106,-3.337097342654793,7.0229423437715495,0.45457473900083667,-13.847486485397857,2.62032336247393,1.3901933223260134,2.456094034574398,-0.6984885846109871,7.491772207309781,11.805091508334506,3.717113656741038,-4.57975039310387,11.257219957470571
9,-1.1431359418318952,-4.696363736584205,-4.705990123297749,9.0877403949668,20.35589755463412,-8.966354700006644,-17.827606153986192,-6.093109123603675,0.5520187949827506,-15.728834170176125,0.7282584957449678,-3.2703520978767866,-3.9562308232060364,-24.774372703633688,5.80268843795401,-7.154078190603268,3.3633923342272434,4.6257646209140475,-5.595907803125918,-23.32440038586731
9,16.019763206695362,-0.9042153158926265,-0.035637481766449985,-5.525487104300243,4.118749752991814,-4.212736299396331,-22.137410388191267,-0.46319980211848666,1.5351938245612258,2.82140319934149,1.4142680340653029,19.621483838078948,-6.8484406369451385,-11.71541244987435,-17.644215366835667,6.74646271270251,-0.7844534679880906,4.490498543229686,-16.20664786712448,-2.6962278214865014
9,1.9795284139871923,-9.695621381946046,-11.089238460960251,5.178116449296451,4.334052574651617,-0.8758988377482151,-12.589451721040007,-3.273555405819055,5.819254588942309,16.36780104378627,-2.5843541240880383,37.05733159723049,-2.5122866078521273,10.705508156569163,14.304547592352757,7.749131207164043,1.6074129181958736,7.07029338487361,-1.2442017737403606,12.249341000196281
10,-5.532796738827054,-2.5740193284085353,-17.032340589127237,-12.214357677421138,-6.211687464433263,-10.154404195042687,-5.1543201223924004,18.64925734403746,-1.1562604033350876,-13.46729982457176,-17.628269853166962,7.076291763576728,0.7437828728305667,-0.14373123142858757,20.341467904542576,0.36482416128555717,-11.105581347219234,50.10754944389002,-21.707870405256315,11.588914742207777
2,-9.286573457038214,7.5964108161948065,1.3818292391323155,4.5843836860139335,9.262399266129234,16.852229958795,-8.804505796659969,8.535846971467185,13.862206641002015,-0.30109556260129183,6.822839457324299,4.955695611412511,8.133767709235673,14.217766654702766,6.457976228845487,1.0746857555689342,-10.003927433383325,6.599556822213088,-0.4465696473641627,20.08193963397197
6,7.950460201719041,16.087249281011445,1.5485312011317882,-14.92821284447525,-1.7939352196884748,-31.633919727090213,-14.333856179614818,-1.1644736841425136,1.7654699405975443,-5.571987870113971,16.059347096955648,-0.12009242484092275,-0.353025914824026,13.896660618280265,0.9521047450921132,21.321586052594565,1.2115331058661165,-12.977244920124956,-7.397995969523274,1.5869123788322614
1,-28.43769963867145,-1.6625914517754108,10.691447853099858,30.62812329500364,-1.3255397892847178,-14.517815635475785,-5.8956021098881175,-36.61672017384187,-15.575747329938935,22.511395715868424,0.8562221083616055,-7.640606982349894,-10.4939514837677,-13.786491768323815,10.303580923634476,-11.245161550798128,-14.876492933567903,-14.721618826739917,-8.164748160182096,15.441233918885239
5,12.438633778062368,-26.65809405109241,3.289240985237462,-9.211242800383978,6.103261228162676,0.9327543210634822,1.391302868474081,1.1475467821551364,-7.0246222602465656,6.133672263930308,-1.2614268899231849,-1.1995853247960264,10.023868819903504,5.907094650361281,-10.822094155370168,-2.0897003028195282,-7.295480990904593,-2.187411699416498,7.259719266771494,-6.801797153554565
9,22.383376410243283,-30.705341745069855,7.519388597850593,-16.347143469997565,12.187617894722974,-0.9003908661437581,-32.97144289501172,-8.014349574486072,-5.068556204720009,-6.478950360568152,6.314033630602384,-13.891061006807295,-3.361833117042006,15.854346248707625,-24.704911976701823,-2.8305843745408565,-0.424125939977134,2.3775366654028396,-13.193073959113448,-4.40245810159789
4,8.250885905664115,-0.7844449586975237,-6.260435004270433,-5.029150436705801,1.938549430537385,-1.4350132184352946,-9.146956832803639,-37.32404196782011,3.0630579132204065,12.817119001887196,6.694531985844517,-1.7767725333011137,-3.4550074367530437,12.353453574482785,14.951600501463988,2.470592121826494,10.927068897348153,11.405226747620466,-3.3611686993169423,2.2924952819095186
3,26.441218306258683,-2.92150350016232,-14.486961636280384,-27.819690977358853,-3.950198015920314,5.069463551022033,7.11720952075053,8.980596113908197,0.2382505118785858,-2.565809970416819,-15.729395885743346,16.75968778457147,9.020901880079192,16.551694342369643,-15.815962184980693,1.4400433134574646,6.630608357021158,4.4646557135136975,-14.169768314172444,-20.979326289007822
5,0.5996348045682609,-0.25414596362010045,5.754884155118566,2.770807003761928,3.4738862893447275,14.0462513786992,10.272482313711421,14.649931605320795,10.019735085445364,-0.4369053399168909,15.5947198634596,2.0991998183261,-2.192625746250942,-1.141431558945573,1.099176991704239,-3.0212087507557577,-0.01281492281839558,-2.9029980933833652,-0.5674471642141147,-8.98207750946526
2,10.72824199750157,6.840036157439624,7.564756847561133,2.671650040614595,-22.0774483236118,7.155523007279766,3.9248880120659724,4.946296597294211,21.728703768919505,4.695245231904319,1.0344767301185513,22.884019429325612,-14.015797933714188,-1.7276850306554392,-3.57728315273973,-0.9949185447544169,5.381227865170436,-21.787762397932163,5.011318599780759,15.46356305419134
8,2.4786684888101824,-18.968874522229452,-11.993669980742457,5.7196236947775425,8.821554962233138,9.497927118537703,-1.2655332803476365,-4.900063040739603,-0.3593777586350142,18.52937801899156,9.392805378033014,-3.488749027816958,4.805923263483892,19.234380154940776,-8.331678206232752,6.807361663537857,31.189640969577404,3.9982284145457334,4.708284257301882,-16.986149549862766
1,-4.794725788809977,-3.2303308578337924,10.237461558653147,4.495586991017072,-4.308916932047327,-5.273242627207949,17.082128169891668,-13.76998476211192,3.6183091420916638,-4.865083572037413,-0.14379419508318225,-5.8139404538232045,12.471503751862015,-6.247239500487321,-3.583368241484384,1.5919200178450188,-13.051618781909728,-11.322903294031136,-2.1724344696008733,4.792985291348456
8,-9.384131550052807,15.309787419584787,-21.606977900866088,-7.540648077887511,-3.8678071474184414,12.543565327721652,-13.972796058067653,-4.909020017497984,27.122293972739254,-12.79949769506326,-5.78976867806662,2.3548184223587745,13.581122044237178,-9.12423521885345,29.402548799843384,3.159318009949293,2.245315787972528,-2.6922607531076026,30.287655437273415,0.16246674821406004
6,13.721926077076011,11.691179948231127,14.618689664149446,2.3493953799586675,-0.8645305530245397,-28.89830192340446,1.7452331851485066,0.8213782503985514,9.650977429433926,26.52795695936168,5.2270349393982976,2.1367756728883815,8.763560542415231,-6.531479511990889,-10.007982436407143,-4.435129413517998,-10.412277038240253,-10.113886603390732,1.3143147822718144,-11.15216391210833
8,-12.203359763827315,-20.42944175095083,-26.577053449546582,-19.078588815375987,-3.757686398878104,-7.847082092866698,-4.512056927130546,-22.257830413771607,23.154855288398526,-11.605975168615739,11.904268528895376,-8.739661999310547,7.631497514290286,16.374495347099977,-7.833022175107224,-16.24687922932918,24.01546488147251,-16.144098959585516,-22.177304086040735,6.260223011162819
1,-7.81110544592241,-3.340094095342682,1.0135020918541697,-3.1644060230804385,-1.9746150767260673,2.773211067156412,10.372437582956898,9.509083826187284,0.30421621663433296,-5.353251279708818,-5.389593912996212,-1.299226462699403,-15.681804261709116,8.571506471783003,-0.8927073131536223,2.343477041289715,-17.345544223420053,3.9850065947632642,0.35986571233807507,10.516960075626262
5,9.778451067483168,-15.316741947826255,-12.158534229222063,-11.920366716849458,6.8606327444997195,-5.718684595721754,-13.417303976319563,13.971981849353362,-4.594195961788938,3.5165458512051595,12.618995490789434,7.4891975696064375,10.916068722839006,1.5841010803117221,25.638430242547106,-3.2284629687324244,-1.0561917783529955,-16.149072392073123,0.8662137317638126,13.687047065428597
10,-7.806258230945968,-50.57486160116386,10.451921461745812,-23.06795459895453,15.600658829593659,2.7051573747951516,3.6547282373795857,1.8452352188749535,1.3110852288534331,-3.033445915961022,-3.577875631051924,-9.608084144166154,-19.223575805856044,18.05266854722403,-37.182070774622254,0.6304452993020029,25.094462370648095,14.811658420438391,-61.41869970687001,2.019107361458382
8,23.96712679492734,-3.398963277425326,-25.28424985062836,-1.7699197124726709,3.1922127878237987,33.447058590614525,-12.529478943643202,-10.419312268377713,8.537001036668858,-0.9223109203574467,13.742409734288497,-2.984354815733769,-13.55330443107853,10.73207111547344,5.677534302769288,-12.213603913656238,3.63743082918291,-6.122518869920556,27.1493498620194,-25.412158065749267
9,9.215161677578424,-12.827078104195891,2.5634349638230507,-24.336932177833873,15.757513611482194,0.26430837722881284,-18.307995468901286,0.4938149718466178,-14.314081635238793,-7.8330333370726155,-1.4470933546608729,7.823663987576625,-0.27916762561428676,-1.7503862198334619,-19.70872263852374,17.121886284493854,19.40028206166113,-9.04624277793713,-21.654615556424954,-2.57596248142732
7,-12.26223218837449,-7.307158173144995,-0.037139065238207314,-8.243302662732027,-15.342592697711403,-19.844278519630485,-2.2045515565307245,-6.410561122901555,-2.1892133177130733,-12.477738009236855,17.74374352775189,30.602340975457377,-22.104482723339693,-4.752343843869686,20.093828341590516,-8.994534425436186,-4.990275199838877,11.876357687590891,-19.236928828065473,3.122610152700223
4,16.072767930722794,-1.3865341357134202,18.26886763534718,0.0378557860137807,-16.1545210905252,-3.529423218850803,-5.805263924969447,-21.660453906201077,-19.718708384023486,11.937581281781869,-5.327031456760317,-10.704635649034373,4.274619461718251,8.275993087675802,24.46158071543574,10.160373224434695,7.747989393406632,8.378131714622395,-7.745253175883825,0.6455179052755367
1,-3.9002017782410325,-1.0017363006708426,7.27734023067215,-28.09908120041701,-2.5927691928139325,0.8336713679458114,12.203109961381497,14.712734590236856,3.4461832188623935,4.0891336456669505,7.1588466501330466,0.830175318416368,-8.260985521728333,-10.743892066633476,0.10775764342662664,-6.084112286667739,6.067185910285764,-1.6671081034789101,-1.3928174776386264,16.29232797331092
8,23.74212989207372,9.687943997396026,-32.740700350963884,2.034913596535901,-3.2705628021776216,-22.33729385315115,6.884838294734821,15.743103504590847,4.485713944704594,5.733782682874248,-24.678074227011894,2.668099049513013,15.617451648410245,-12.933951771925406,-27.669230260772586,-14.528329037417215,18.20847643036835,17.232551304945613,4.355124027421569,31.522559059053876
5,5.909485213455071,-10.916741379376955,3.9923150326755628,-11.456752405826986,0.2505667766741272,6.040574199574168,5.0522969934017645,1.205267009902668,6.273425730158879,-16.80084596309763,-2.4600278577179107,-15.503023784535628,-5.48356851687762,2.6984252271271307,6.410902672387178,3.0096629268298165,0.5701663231820238,-9.759124272539442,5.046341716523335,-15.558007649685663
2,1.4813804415433274,7.545453013651885,7.066532365636595,9.208413231493596,-0.4239634420306637,-12.239303799285157,4.506345230078323,12.298018807836351,4.562005823135838,-0.9642617642244871,23.021867104461407,21.88557225571734,4.2237199623036075,-5.362972067261071,-18.126643912899553,-18.429787780685146,-10.250784449666277,5.232032433524791,4.766598392562354,-1.2746274695006363
1,-3.2262940487609706,-6.161564183531647,-7.36068461381012,6.395093974921245,-8.211210181627894,6.337621995028409,3.1547307936891826,6.081036117708132,1.9462574494981935,-5.364487844700379,0.6729383412626813,17.133722184084732,-2.8839474447580518,3.271365082036508,-2.97328640276639,8.432308796033656,-13.47407500992114,-15.360689453992077,-10.165705969561445,-8.838527881989735
7,11.019220185173262,-9.283839568638415,19.06845376547418,-3.066883382721788,-3.256751162179314,-11.783138946572972,3.9444916589447625,9.920028075563758,-3.277215865455217,-2.641378912489965,-14.073475846980772,28.891227892832784,7.890291121517484,0.6099087964738374,2.0179042571188077,1.5201656965217185,-4.122651990011455,-13.749706226443811,-15.845568196206811,-6.437846555424328
4,21.140061131673917,3.131693090630417,22.448405311097723,5.1881961081099925,-2.332696270713274,10.562591882313399,6.03322706672973,-18.87661260549853,-6.762278099635628,-1.7818414831939116,0.07996762949524622,20.359663774917838,1.4837972884328932,-14.1308797434709,-6.681599967416611,3.6009085971756125,12.573537087917124,-6.417878828578603,0.5679708889837073,-4.445362954371631
6,-10.629491294109938,-12.048013839258719,-4.5142833454540225,-4.565859845790203,2.967291326123618,-14.123670425403517,15.583737726759798,-5.706528701073504,0.7356578447118394,17.176867927572506,-11.46301838312723,5.318945180748903,-12.160418521368202,-4.783054465208099,-5.12315497775734,4.342647086223218,29.365646719786024,10.049297085695661,-3.706826403633753,-3.7578604630116192
6,5.8509409993776496,3.148647474210392,9.83850191232233,-2.123475539943648,3.384913775034846,-27.062571675546373,-1.8706063138556668,1.4068824957077788,9.697503724373233,14.55679988445309,10.353811835918691,1.7084215006174546,2.408828686965333,4.829326659335237,-0.06460595470090219,-9.283266837345803,0.20853059012042596,22.180218348680015,8.518486802918636,4.671276725988607
10,-7.174707690010877,-28.167540790523148,-22.03023105673632,-22.78665129640726,20.492972396621898,8.712531165262588,12.942173949687136,1.7343251703466187,5.585038178161149,-6.648230522856906,-17.86908777963658,-2.7408769348451445,4.62116159337569,2.0126631362557412,-10.859084273942145,25.09099768920086,-4.599457557901522,23.168269510888592,27.58731293843112,22.242761201416144
5,8.88529020894017,-10.95048119050757,3.462334471887097,6.21561932450932,-1.0170895664205835,-0.017897345406662657,30.39311142489222,-3.770827569795237,-7.505772954074547,17.004625072070795,-10.791172421264585,0.09889012773871952,3.97251943987842,-1.0496627164302088,10.88428935683731,-2.4489936269674573,5.471146913707933,1.4425599986427708,-6.110625226348826,-4.66709924349516
9,2.327021824364074,5.03204225278224,-2.2206115365080956,-10.625385675569227,-13.502215149867132,-7.8917050037309,-8.92005843296188,-2.974893655937098,-5.336612070071677,-8.977768378229747,-1.1877286599882457,-6.846112801753836,-6.3102281447299156,-20.073510039884948,6.77832230465848,-2.8917961692855543,5.142080384346922,5.788384507258693,-11.211641999909839,3.356206724809279
8,-12.905597322009495,-5.184712260175809,-16.000391434574336,-0.36163438495084677,1.7323567642389226,20.28470209999681,15.922747719199974,-6.182364421030419,8.794360125965866,13.545511505583667,-11.060351715679431,7.2428770656029275,-0.7347082350944238,16.86172796301718,-13.37656498495875,0.24668723697536143,-14.24998625397782,9.58718595518099,-11.812136683845932,8.205184578064141
3,-6.907409330967905,6.671078227029072,8.50824187745232,-22.215662454197805,-10.839834961397983,-13.840732506042459,12.821607053008332,-13.13587150714461,1.906107073949561,0.49860367945929207,-6.759018168988335,-32.98083081214679,8.167968412049582,22.661547072905645,4.646616567344652,17.63831410185106,18.050462404336148,8.449747620615483,-5.6322648182351385,12.082094035654103
4,1.18834501925833,-2.5297132773931565,1.0187118395427195,-17.323057129147692,9.660842047021227,1.7286820877092817,-1.8171826291254147,-3.298609066809039,35.788173962976046,5.6778961050206025,10.728591551961522,-13.387671690820778,13.862400830457027,-5.600088391165524,8.855752950566886,12.074041837640358,1.6513758112657364,14.911239668011934,-12.161782122177684,-0.8153548739367542
6,2.85598343525718,-14.597068338396307,10.392432759116394,-1.8614558386742663,-1.6241495974075466,-27.757745959470654,-20.159660858138874,-4.0062572389201785,1.9442450285280721,-14.530736552142216,1.448556627383602,5.709650429318148,12.695442602608672,-6.049304911649691,10.411532852534048,-0.10857272433530563,12.431627208312236,12.464395647416193,3.768789942000084,-14.28906171735026
6,6.815525954982002,1.945765891964331,7.6564635107168355,8.881948659409495,-4.152740645266683,-14.887077825789595,-12.378515665498384,-3.3508077442350648,0.8960931191118393,9.214532181271009,-18.70343001636614,-0.8524362643815373,1.6873085704977602,14.737738814522512,-5.640610860491944,-3.693294681833065,-1.2029304048104938,-23.972055366245094,-0.36558384579329806,7.217473988185083
8,10.937827550460803,-28.732147827733698,-16.425220796310153,15.19743595265767,1.1495289065263568,32.54326005013085,23.926812225552606,10.953384634070902,35.382083232708254,7.425463956124293,-6.896864238078878,14.434452972156063,-2.1009060531916126,9.926454812662572,2.2554348054982896,2.2313525733097017,-6.645820841206897,17.95703082908831,18.403363700049887,-2.243757652446324
4,8.150074982546343,-3.9764774200781696,10.190592022788172,-2.6687967043300245,-3.926225999121747,13.43150217576665,-4.3222580519757345,-13.846049860210936,7.507270191146699,-9.14601817009312,-7.660455106595442,3.339116538815598,14.621674766043952,-9.189669005362287,2.418726430726002,-4.180376451176149,37.555233742822615,1.6225406256085921,4.164999736077885,2.7544993419354826
2,-19.246637952647,2.6805102058461086,-19.469160522759545,2.121729120262175,-0.3299956760431946,3.932075845839092,-5.420050575720926,8.011008933130249,11.489002010247987,6.713653585279442,1.8846254365835098,23.713449884683804,4.038884525411047,2.2504282165265153,5.239265409173597,6.2540678479421175,-4.970574787109222,13.19450824096343,-1.9540620035107983,4.525858470883545
1,-8.01457955715265,-3.1117302620982814,-5.824459338182941,-0.7865363107474019,1.7800217602277923,-5.228240140722652,19.11524395795944,-5.584778043722122,-5.0285897321974415,-1.3431527285038514,3.0308752902188045,-9.797999387537141,-1.9781091489592977,-25.533267626973473,-3.8041473195506383,-6.702963074990148,-9.299403892209257,-9.298773326961262,-6.591956538945189,9.884558655469819
4,-4.5918548905614465,-5.017342827608076,11.829762646317727,-1.2028670771268146,3.4115545223229766,-6.110936655752793,-3.5002814197984957,-16.66760876572332,13.253136365978754,-24.742945198012688,-18.466338349831084,6.291078118662838,-3.9014186790818703,22.497805523937302,19.069337435968876,-4.110091829306758,-24.875856679279156,-4.377701195340582,-6.971955790200909,-4.036769787955204
8,3.572639734518793,0.47133440110460034,-23.128818472094526,18.942684326796947,5.223287682781286,10.182184514955074,11.43997868047991,10.693017294196954,-17.263638731663992,-1.1067064223425827,5.3434545046154875,-8.405831850712374,-3.827364577940551,11.75692756476789,12.214445587005704,-12.417949964314023,-1.4957618562139006,1.8162850233655743,13.4967845113362,4.011816859209989
1,14.209435910869914,-4.099456416160796,-1.4175277533284785,5.146864033338089,7.336553438940181,-3.004232469359542,-8.05523883406113,-17.859539853576663,-1.7365631275007583,-11.5889420040988,-0.07229763878347861,1.5716569886353526,0.7621614965070633,-2.0541208082533293,4.379938076945833,-10.831369824960792,-4.687578730018972,0.628726933211778,-24.5701722292359,-21.443136921034778
8,15.573775983890865,-11.78958115108021,-23.487998853728456,-8.693896889175647,8.742361259224248,-19.265100569513027,-9.443137134820969,-10.089801906385201,23.582340197981456,7.898674218307005,3.915507248270719,27.55490873417228,13.329295680932761,-3.55898284352253,-13.797027850820433,16.947272261361007,4.154568659933252,14.149206176306885,-5.90239060160982,-3.607150384727367
3,6.923292003995081,-4.60467850095248,-7.409220775648938,-24.90856092058778,-18.953036617562915,12.26792623584877,9.280853875613419,-1.9504941004018768,-5.461252421686351,3.3936176577442954,11.576773454225592,-21.543304637979027,2.023585537961482,-17.40654437781742,1.512867902068151,1.6357759296387402,-10.0096056149204,-10.31583377745336,4.748027081100258,3.797292136150976
4,19.202364683109792,0.6869492879850663,3.951089594297448,-9.99186178085976,25.845399953908327,1.2030631779313272,4.756376919856246,-36.665108978348414,-8.504274368611116,1.1785504724287725,3.3614196800255876,-5.283748235230616,8.791904961107265,26.921842006168784,4.569140082402292,4.478811062785537,-6.668994066359619,-3.027610284698163,-4.173278271908197,-1.7302098020314007
7,13.98882411592896,22.97400804720766,-11.725672613193781,1.255576423034423,-11.653106233498608,-28.309807607040938,4.1212125980400725,-7.610364883100495,-3.157105617959438,22.094409537297558,-0.29675913315240093,27.97553902069389,13.21060170687196,-10.832240101861872,-12.903877593514846,-0.17702473404941887,4.710593680422257,-17.386781603556763,-24.437149245235336,0.49943079676303404
1,-14.889291591896486,0.19777750035197128,3.934142142291585,-0.4903722876301848,-7.303661772086409,-5.388619434007527,-10.731448299927912,2.337893738270691,-4.1685181669458835,-7.845312491042848,10.202130647634311,16.194897218068704,4.96806532959021,15.090938117218295,-9.410756441010173,-9.231113312971239,3.9452191174257125,-18.081920164938904,-16.987717578194765,-12.785779990302578
1,-2.89466696526165,-4.616980700628787,19.405005989940687,18.928277470810677,0.3605243456653129,-29.175846992792515,-3.0988081481152303,0.9991940439981386,-9.553547748386904,-16.897899155101715,-13.670616246518701,11.643881799213979,-26.459824671949068,-0.11761920905872536,-3.502839188140736,-9.550534478304218,-9.309185328140938,-19.748013124795566,-2.283953577935912,-13.635464128730828
5,23.813122884519224,-2.417762138961745,9.105596408393504,-13.582227631896284,8.434394696192903,-2.774802418518802,8.867582051169805,-7.468513661016832,-6.122935691139484,-6.216600317871164,2.9798120765976517,5.696001086849861,9.109543626498386,7.227510335239821,17.666231548471277,5.892214155877387,9.548730595623969,10.357214009465299,-3.8364008122686184,-2.8500516386851498
10,6.905856344885599,-28.603908583811602,-19.524322237340023,18.551506233014326,4.058762993923438,10.647983508607842,7.131790375649063,-9.878179386595708,1.099591742743503,17.22403670227127,-12.672259346475293,-2.1713668999146343,6.646310766917665,9.392684270294554,17.208599334931524,-15.568158415187135,-9.23674525437302,3.8583145655514386,-12.776981260753397,10.770598076842056
3,19.126273507731405,-15.137511756221183,-25.035428844202894,-36.454999395466984,-4.678094126453427,-2.5485858985619307,5.277381507156154,5.295807936701515,-4.962555650180551,-0.7406261993828502,-1.088624438306083,-16.595107998417102,9.198547561307098,-7.414661446627312,-2.127470868937859,-0.7782490832373596,15.196090465693878,11.749137951842656,-1.9560105852089038,20.986546312348466
7,4.187069901137363,19.605830722354924,-23.94263966500422,1.667780020158383,7.788658251867331,2.1458081708446937,2.9652371995807045,-0.6781206324835667,4.407603007782047,2.874971894894927,-8.250541888229789,-5.812027971240392,45.78062699502062,-17.062481843309186,-9.774300628893238,11.61281377421711,-0.7218729321345498,-10.849777775039351,-19.35665983023368,4.250098132643236
8,13.853667285810122,-6.689326423290228,-17.316744504774196,-3.305419470385343,-6.365373007923286,-26.673479837077707,6.65500978586843,-0.8839613465150586,13.017646174750057,-0.40011540882319235,1.8820585328690642,-5.98538022370152,17.450310368130207,-1.1071577884203672,-6.994088523580872,44.08126126806249,33.385460654209204,6.152524734188743,43.39559189647219,-10.606755115873485
9,14.957939826468852,-2.169862764355959,-1.080246551683556,6.567270898513857,-11.21284669292973,-3.6451615394390453,-20.759658043481792,1.3028220932485253,5.818290894457401,21.934401719595325,3.5359115373916743,10.517103466354651,18.181400612175523,-7.584521146978898,-0.25435951903866183,0.3715250276155091,-2.5163564774792797,-19.03138181044374,16.84758611564954,5.568551089960222
7,5.44566378453305,9.392389521370529,-6.727643749161853,-10.611945795181246,0.03537213241376869,-18.17673734185839,7.46457336016472,-0.6931667733579108,-11.987891697544693,-10.89120197147441,-10.761475255319072,-8.28296640525482,-28.89262934562135,5.0523408266884156,-7.677971342679135,-8.35864294655469,-9.19727934128162,2.000135761188324,0.40287911615953576,-8.961741576142842
3,0.5770881675169699,-9.169724133866861,-6.674062159866886,-8.99470428799153,5.015503037790971,6.74823267436277,-21.862720202696902,-7.144127313530209,-10.46884906527325,7.5170324136025135,-5.9657998596978405,-13.672590926332413,8.238754768846363,8.845103933096663,20.456926088003545,5.8214998542583265,-17.339461510697635,-4.397743852555948,4.412630501356073,2.6665918583423247
6,17.42348454696161,0.06426438265775669,-0.6944478771779188,-26.442478145512755,1.269412014230368,-21.171972430386425,-7.191306506590264,1.8269689601533972,9.40356210648509,7.874465487851131,1.2402444476539702,2.444498802088562,-3.595348368824541,8.394937409813123,2.543542694378355,3.0503593902637416,13.623858936088146,2.636739139627471,13.88863336792489,4.70817830941535
5,2.575210360306982,-26.928438267118644,-0.9309277162517691,-16.954355425566266,3.865382289331816,-10.236866621007007,7.4834824694622135,12.019738839104765,11.651854529277081,14.468110331057739,14.62583016562551,-2.197417347594342,-1.3594598974561638,-10.303186766149897,17.323388113134822,-2.422322968596294,10.441530688549197,1.7177576520875624,-2.39868441791995,-7.491786403690341
2,-9.800533373198075,2.423864710833016,20.95834207416785,32.835289774873175,3.0186272520377244,5.70842060662203,9.801631059611973,5.821138630690519,-8.966246568437434,-2.5191530610974655,-2.0992148822179004,-6.430812384081289,-10.117601300798139,3.761112724768079,9.805664860248728,33.32046772121984,13.468571086118768,18.925973248895964,3.2312902478654264,-24.80003144508984
6,5.372647956248889,-5.654276144357107,-2.410396745241587,8.99079862141912,5.374645706101998,-16.00502083677065,-7.526825923918253,-2.7667715050754182,3.1751539219912335,-14.188948695270843,-1.5520735341847494,5.089663163629266,-17.939624070354824,7.751975585106463,5.279913516780966,-2.807358951172158,-9.548719284628026,15.863188841193239,6.848925079462429,12.875735683516002
9,11.8920625813062,5.243568583399378,0.12404983543096182,-9.42220734616631,-2.8793049602367327,2.457842326751687,-13.512621930922233,-1.8901968558051325,19.450617826258124,21.15008819906748,-2.215651823182868,8.658056586339054,-3.444364612981034,8.567694952967457,3.0138444806718243,4.435988377139532,-6.506461139469511,11.24232475002971,24.20835313285856,10.89508222756779
4,-11.713778009279046,7.722524183281713,-23.161794965170028,-8.897467121368763,8.665032685401995,-17.394774023566487,-8.301575078923374,-25.099602140830353,19.956917326611446,12.554552431877323,3.547024368774445,-5.759010527061257,-0.28511960452315765,10.4256660568754,12.602513448779487,1.3422479685565938,14.244195615273714,26.66981065523555,9.323167187534494,-2.646157270821841
7,2.8461652831870774,-3.5749345599350084,15.474418274474186,-14.59613009183148,10.975414255151415,-7.544419465890505,-0.6103036874799052,10.77307333425096,-3.5725666638526103,17.479772602358747,-2.100085738360289,26.313927564132285,-17.44324146002232,-10.036688542287674,-12.177878299179481,12.534156994124329,2.529208140855496,20.638753746618818,-15.987057106955618,10.512796658732132
7,8.52247827374048,3.992240082710325,13.984216020722489,-4.93813396964774,-25.13465274409916,-4.4575996043685855,-1.412820666573877,-1.7215255360255999,1.2976731516086106,-10.233834243138311,7.861145511039877,20.264116303820913,8.48260398403617,27.649423618849855,-17.24999983898506,-5.966415730568329,9.384645241257576,2.8477700946712767,-41.71081438568662,-3.2708226666322746
4,36.577176246916906,-4.707215380756919,19.49718408962859,-2.8971566666376596,2.0798856259033216,-18.26619216499956,-13.400996457866588,-3.42741279516709,4.448403338341249,31.484833042969264,-4.889388712975423,-2.473177068743225,-10.836312940774764,15.501877781939399,-26.765899278258114,1.0180423854552143,-6.449041651705644,25.233178200396342,-0.44672024253021203,8.792813680228484
10,22.746694579388233,0.4456743327681161,10.427225935149064,8.725820003517333,-8.847181236654508,-9.743780476812438,-5.974542456845984,3.5108684431113453,-1.3350793182656413,10.791298425169002,-22.831420998431017,5.930175548606803,-1.933653587659358,-11.39511022915475,-12.192473959883163,8.957172366347269,-2.060662464014041,-7.760830448076407,-24.213627216876557,-21.69837685315387
7,4.758257632187433,1.2970919279682822,6.1429094810049225,-1.0906435071968454,4.753248572208658,-4.572670855225967,0.7038713520026766,-1.0200787650253118,-0.5182542561850223,-9.98423428294909,-19.956370639154578,23.484975528730413,-1.5977618622855232,-25.3606215439361,-0.672764354039536,-6.272499247850897,2.0641314928688974,8.393050860625756,-2.3312609279837133,18.509686073806144
3,14.955935853880801,9.03084888758342,-16.826986989373683,-18.12053321188075,-2.5437362054289423,-8.010882269649777,24.961505496525987,12.266820705572128,17.857330739681263,-4.977035561055314,6.773504823811301,3.480555793276589,-0.5712047139745309,-8.697654769070711,-3.5517494016481272,3.781406911623579,31.06349284051307,-2.4349919711548855,-27.191839769241437,-4.793316377909757
7,8.8867531010422,-31.281228998302122,29.46033150664458,-1.18665546581357,1.761841566309077,-8.789463409802936,2.9291231817450245,-19.746028772190172,11.037965529231203,-1.547595435065082,-1.015368519810757,8.978373288341743,30.117450475706555,16.638325912883875,16.226958059321476,3.0393085181625032,13.341938149600226,18.38735930179743,-16.838828122740644,2.4421435601235064
2,17.580124127722115,-2.8511256549609247,4.162051193641398,11.204270810883552,-3.5651880097375113,16.01990161455048,-11.70520213943191,-9.977472573006933,28.619613926525023,-11.73652501520498,-10.889937220682116,22.34475294277852,-6.3418904533954485,-2.4390197556750137,-0.5015625728035734,-12.898679482110474,22.41657731182826,27.362172568801544,-6.5109540499526855,5.070839122093477
3,-2.5076212185427487,6.087323799859651,3.344890254637103,-21.93773717329341,9.730501946558318,-11.948236299605618,-28.253468006786324,7.65688925138792,9.710811593155015,3.5379987268236897,1.0936342475132428,4.139494647322054,-12.18222902331411,-6.012452445641216,2.65874167509595,-5.612362560634345,-9.928266421865725,-1.4092216008920324,1.4372778085616496,-2.9122566255876148
1,-5.7650671756037655,-2.1172519923492135,-23.44507656953084,-13.97441206113478,-7.351569030420962,-1.2660001753331185,1.154502470372613,-7.026496619819982,-2.880421680966512,-0.41485553130748287,0.2521804230731167,1.380954983205816,-2.3563496596332794,5.8625985560209894,3.6518456333461695,-12.610370232610158,-16.10434689155416,17.948542379341053,5.648614731326834,2.2853484157308515
4,0.3283719226866051,5.4081789053665705,2.378952122261265,1.6735684270614852,0.8619316079946289,-4.036978940646719,-1.3556767922765935,-19.733780219421,0.7108011146107907,15.858572530229889,5.125158092591347,-4.325280801889992,17.985816630245736,5.994957661401679,7.176340093980939,-3.362526086878269,5.53610318757751,-0.04992464235574001,-2.2917563832464802,-0.42586329828843983
8,6.567151109825184,-1.5035324004793298,-2.898726115546456,7.088120084657136,4.600687948010639,24.552243192910314,5.7828077607954205,13.10221879958444,-14.442182262356745,8.841012132509455,20.754897228731462,9.53876750462791,0.6638950257043601,-1.327165182397486,-28.99330000081569,9.809896917814186,-4.872450089587813,2.5584843344810126,-0.05939703895467874,-3.5592466278619765
8,2.639479326134744,9.568001860726284,-16.89028651765721,-22.392609826439863,-12.458612534736083,17.187930181772977,12.348362392466878,9.656702117994802,18.341671795983064,9.774840690056848,21.82693539923431,-8.719758782511803,7.6142120459977995,-8.243461678852357,-10.163978567858372,-23.7940659339413,-7.788099960179023,8.289996113221912,14.80969150288932,-34.88122619067534
8,11.043567499040117,-31.96748487295996,-19.36687599962403,0.9255391798199106,-11.22271504824074,-10.962390982409312,-5.572780733150788,9.297360738753373,31.688124185044984,14.0726966900104,-10.346559123859375,6.386897985686212,19.760335848683596,-1.9751337946512533,6.3047386375431795,18.538438339460505,-5.82466974518662,-9.84851499444417,34.110916573609074,-9.541109602123049
8,-4.884605448814988,6.268160043472581,-25.09852229260136,-19.573440458663022,9.92767207023377,16.270231497337537,14.470901540003025,-2.4138702597413517,15.180102892673233,29.183302912180345,-4.389927073552003,-5.294861704705366,-4.023331453146202,-2.4812844197623902,14.856709202714626,5.863042824673104,-7.622705809097944,6.387258662201599,-20.26231643226626,-28.6998349319217
6,11.209009146020184,-3.648929651785555,6.997458857169253,12.303130380212707,-4.3721509354999935,-4.834577918883204,-13.67923144193575,-4.90044718484017,3.711992150320656,17.19935313231827,-13.988937958292938,3.9638735991883705,3.7478583574082496,-1.0186855726095017,-2.6734013195799635,-10.601066781384386,5.236493935824426,-34.17788386902508,7.301080148894906,-1.112988708638373
7,9.546620558836253,-4.998644769739862,13.708197562366644,1.8744736343880462,-14.640058768133875,-15.71995303034819,0.3221573951011429,-10.201162014962176,2.247157403280357,-19.716196500859805,15.566884891815768,4.933649956006064,-5.096644764816004,11.423246302817967,-19.18073638867833,3.0375285325430146,-5.27844164853391,16.399074868101135,-25.741639671257452,-1.9296849480335796
9,11.97126491065838,-4.028086180088411,-0.8492751334716426,-2.464932028493696,11.76404384567821,-0.8865531103077593,-35.59827082830658,-11.342304519667945,-9.368856790372782,-2.0445778107989514,1.7899157739400677,10.860191739271839,7.166892688732264,-7.514458185851102,-1.3867886471905524,8.038060665159723,4.6431546859345945,0.2997243139921486,-10.399801008923868,9.07352662421122
6,22.272186772587872,2.021133857128097,15.072462235356236,-4.092967583034959,2.6030176959447666,-43.35043666933686,2.4058435042230797,0.9868124696403142,3.367783519045108,10.351435922867694,-18.47383564376962,1.3955636099170452,13.38205475357735,0.19744709508347502,3.150024108552609,-3.2612293416724056,-0.8984041517856789,1.560555898913363,-2.3518552884259885,5.565028185557921
1,-0.31990966536759835,-4.480063857129637,-17.80973734787812,-11.030277264472584,-0.8467066149310994,-19.46163276931987,-1.7127734402221182,12.014415136151015,-6.656630193036406,1.5743990380103128,3.016545645520579,-18.395250690886034,-31.927386018707537,-39.80334570538709,2.7684956201479274,-10.1506535489452,0.6289711530796485,-19.5631025375174,-10.024649189698463,-11.488047824489389
3,5.669523064532956,-5.884889958336234,-7.184421879745715,-2.5829083480717436,10.14375439523773,14.72643914873654,-29.339796555636113,-4.056010166405527,-11.947772900879647,3.1298251194696896,24.23887776345567,-12.189834271380878,-24.38615508832746,-9.061547694385169,22.60271574216567,2.816454798621428,-2.5559788236178225,5.26544321619597,-4.875119952338645,16.828506018660114
8,2.5042790364062633,-13.813714131622007,-21.316355297910214,-2.6338722690354954,3.6886901546417805,-15.425045872944674,5.803839910096436,-27.36678014580847,13.741547405460919,-3.884781573645946,-25.001698057889502,7.22898113200821,8.846459910477598,4.7532394368553135,-7.110655156656751,4.918632907119353,14.56555566637609,13.78814942085641,-8.84572620352918,-7.168761510067403
7,22.296641882075757,-12.868383475792482,9.171908246126545,-3.521134304533769,-14.526140138439802,-16.06354687343226,0.010259714045230739,-12.184581210753512,13.622893820348079,-49.219555884708065,-6.068042475243068,15.0754241536253,6.94221413217306,-27.99683197001296,3.002416993771706,-8.882056316935907,4.991387043135076,2.1813839650828766,-7.054779767059882,0.46787314800749735
3,11.786418042679873,-7.2120187979906065,-7.45850638703265,-8.309176851611586,13.84557679547565,10.049885419852183,-13.358994144947085,1.7679316418165163,11.05759178580489,-6.079482150603631,-4.37829105059578,23.669228231733,0.7086181803532555,4.5104009301791725,13.033625382960091,-4.243107388124529,6.653511755103155,10.565800647324108,-0.9708842881476178,2.5452417033195127
5,2.710232446751948,-36.7789096028536,1.3153932602896865,8.640220376774415,2.4852515036562703,-0.24294933403155494,8.150923899887918,-3.675402497076976,-18.330655057866466,-12.811542981564896,4.741236271934754,7.155635225548657,3.384863862459394,-6.628081328711679,9.003311805838578,-1.84444149966341,7.122408051257308,-5.117246468391125,1.2082545379639726,-8.564209524092185
7,6.893865011693836,17.95352692211869,7.321927648461498,-5.827074259754792,-2.156812217865821,-12.464214744071324,-2.442796132852744,-25.545174993869267,8.382369352591716,1.3336793724201286,12.627010592164835,2.8811690767997145,24.552847101134162,-10.23963285241792,-9.072091765756895,10.775141198193268,5.183391978230153,9.32476631451432,-26.37156361765374,-0.1654249796719376
6,9.590403471356428,7.11949578219005,7.224817117789266,-16.437469980306492,3.640264115012454,-41.511040832827824,-0.10187632743183062,2.7581511507301806,1.3789935470027737,1.6283509901622895,2.9521815698845657,0.9638081779972856,16.369510484002674,2.3050815494151884,-9.412289970192017,4.6406934418876284,13.324128466905751,0.7403509039658478,11.269800823046463,11.191631513337624
5,10.253368465539992,-18.926930081253897,-6.087732488159951,-15.628112482124386,1.5539240764019873,17.495297607099676,-7.5756360373665546,-0.7345977391952054,0.8646621499763605,-16.121424525563473,-0.01475530662701302,-1.4011201506105073,-5.734868371892482,-0.9934363519827929,-7.623192614613679,6.142096448343827,-0.91371982684604,-1.599188561128114,9.754837151489811,-1.393176202491023
4,9.649999923816855,4.918745151041669,-12.555320844824006,-0.024100489619683252,1.2300899028682,10.38956025914717,4.111789243332311,1.1828790030041674,6.016176955245198,15.886008476520757,-10.13108950600291,4.220202126628719,-8.178041914135733,11.459414730942992,14.502448439560448,15.136382365120532,17.355827245822137,9.35577114245801,-2.0857983732967202,0.5411567269348083
9,11.176794375427944,-3.735150461499927,0.642845351908589,-11.750416106279832,-6.0020953554147685,4.098640276991757,-32.803776921396285,10.907683644647362,-4.056740006231971,36.79682384905802,1.640371093415832,16.573533041477265,-4.592845352493616,9.740935864956874,9.314232469866424,12.419488321255857,-0.6873912017024675,0.5775962928914464,16.328310265328447,-0.429108866213483
4,16.4345848892371,-3.96031957433528,-3.81434945080541,-4.034085879510233,-7.462506268347208,16.582213727467433,21.935976060016966,0.573757521990732,6.482096038376001,-10.45924135626476,-2.07337454778392,-0.07199021253547722,5.64100572352014,-16.281275338384802,2.265439928134492,2.632818365882131,0.9592358809032577,9.869913822689163,5.205844564953486,-1.0297081990341397
7,5.198815032726815,-18.570296199634907,10.08248939218912,-7.570873148281044,-2.4623967308726935,-4.145321274496656,-4.304350852066112,-16.34620691696007,5.587259592031547,4.538415622398754,-0.4874419538294054,-1.7509199777772844,-13.884101945633265,8.463710659577302,-10.650857072309604,-11.902484235537589,-4.720200030175475,-23.42687892901742,-22.441151340834796,-20.181570638465285
9,14.160667998342156,7.592816153755942,-5.690464183721672,-6.371526217123629,2.5585997322505376,-2.1223762901393686,-12.761042445960333,-2.013940068844314,3.3907204460373572,0.49626142434241055,-3.201571493568944,12.461263382150877,-5.17522820471297,2.4385431006767644,6.512693572846051,-9.225670000701234,4.322691057308632,9.475985613494778,-13.652782802273347,-10.04150062911136
9,6.10272276028813,2.760683433509564,-1.543175798324323,-13.438983607192386,17.649656427356447,-6.09828268608495,-17.637900227254892,0.3971853856681311,14.28002020537172,5.180629120119067,2.5531636474183665,0.014517235504817982,1.6662823596982368,7.620199718595408,5.278353145969657,0.560624004955089,3.8732959769714936,-12.306102320873347,4.837843498559501,-13.671824762139298
2,-0.06957461330271464,1.2582778192472288,12.338221123036483,12.30361915138374,-21.02411344623241,-9.21823869331568,-10.55568216852054,4.7318114648367935,-2.985061072772015,4.958978962256112,-3.793620003328477,20.500764071041434,-3.5486367472001574,8.257262981748054,-4.3146543126855565,20.2725168309198,-3.3214105332313464,0.30722269507888633,-5.287469483268707,27.280142799799652
2,-0.8783809413646066,0.6514281242564124,10.308961660475397,-8.06910860636157,3.9492122645193706,8.762095625434615,-14.933370735970295,3.884904111366437,-17.904829589823,-0.4134959890376783,-8.828947473751228,9.112463278514202,11.143130473653406,16.433827392935257,-7.416723953060532,4.87203696026904,-18.84368516593191,-0.5494218919619152,8.70047137794522,4.287525192608507
5,-2.6184156538222236,-8.42258982717702,-0.3111497214636072,-9.081354396419336,-4.434222268707696,-17.483186912116185,15.334080899040964,5.60767641603639,21.7822432729947,-11.403287192308733,-0.5409432774057923,1.5675412606306662,-2.1022502682816095,3.3055480026855077,-0.1403681953736442,-2.167078158484747,3.749071503609196,5.177290488755321,-4.271479173785221,0.6768262921746784
1,-7.8730017485266846,-1.5245730699871767,4.3159061155741885,-3.350598471102978,-0.6109908370973028,23.723673797855376,-16.750393285180543,4.108025583559272,8.195924957044344,-17.335138120892893,-6.779607148973467,-24.415898641686198,13.186164542762763,21.693018328464245,-11.268678080844783,5.487776965415935,13.540602313345435,-1.1349713874506002,39.73561279201377,25.779725993579405
5,-7.552030246932819,-14.099123688806287,-9.82292769411905,0.8769654433627165,-1.6591763663858554,-5.682648440494332,4.825980033502283,9.41176099580969,30.703727430699562,-5.909858206945074,6.261854644945063,-7.197742017820628,-0.046674109244678075,-19.59108722406258,-6.706133106480692,-3.1343423348891974,-16.244770051686363,4.674323598815757,-6.9382685357750695,-2.8900269488188
8,25.15016875462141,-5.9620118291393265,-24.666757378632347,-1.8834460437294922,14.018524952604482,5.367993622757886,-7.694531458683193,-22.934593396524996,-1.6338517834544555,16.41941380370388,-11.233351289038586,9.704473042053175,0.4854591951174605,-28.417393947250357,22.80156409252393,20.933867075949763,29.52562418030359,7.730981910511417,4.274819047848955,-19.147953236791302
2,10.546276037919565,11.313739482969247,10.673862005448365,-3.6798866805133383,21.7352382651814,3.8454379086571047,-7.424496075854559,9.764580052582748,-14.237303307735317,4.091678396221556,10.16649733288792,24.1177420895114,-6.983117046938883,-21.602858233154045,-9.911306748032391,-11.685067655598914,-31.962483115874026,14.114312028815576,1.3296523343537383,-8.03288077926305
6,-0.48402008170294053,4.773354752548274,14.44777766401991,7.4759093725548285,0.76903542215196,-2.8236892263098525,-19.18442278368657,-4.50358754801701,1.1701800522953256,9.818918857832049,-8.8442547720665,-2.7649136761989874,3.508466930143758,-8.673570461213371,-2.819895429557407,9.096734910796691,5.413974768069645,-11.066855542137091,7.619857684525861,12.703404038042
5,4.891060193100285,-24.777172394194952,-5.668091173099377,-12.223460356719293,-1.0890402322066524,5.594568465182493,10.137176360225139,8.350931931907983,-1.0518172213800447,-10.970808923980574,1.318445484371109,0.09953335685261688,5.922431582169264,9.288588663046694,-7.199599736529339,3.283584710866541,3.6562969209580096,-4.720077015956532,-11.892107323654166,-8.794689436096006
7,2.5403930361290703,-12.60513650818162,-14.05278396104642,-13.945155032611915,1.1176930514193497,2.8754017544698707,-5.8271263486462255,-0.8730380596312126,-10.194170738275005,-9.703928746598882,5.138348357031133,-15.556524373663045,-6.309405490352393,-1.5017379967415294,14.545670438643299,-1.553106638435441,-11.51452481637836,-4.855290406868814,-0.6280153702121538,2.529221244807904
5,4.10117022327516,-17.65622841099028,1.82651386916872,-7.477851624606188,1.6157497875568334,7.19320315987165,-9.78984866110935,6.308288203429963,3.9732851696859353,7.842752295045257,-7.63903392876784,-9.681147774815335,-5.438263041516063,4.3972724598632515,18.09469189662397,14.084389424867235,7.699456500937296,4.822251873740477,-13.83770041307968,2.910811311395946
1,-17.862797720433907,-0.3553049063286724,25.146075675468094,-30.21257544704754,1.4646781386147345,-6.10290947269089,11.314115302710512,46.41226138489634,2.824767567616986,-5.61314989240073,4.397125707477004,-6.176891259532365,1.8254564000676257,-3.7228875733038786,-19.013003738315387,8.107787751121954,-13.912739754113279,-14.973499617970239,-1.4440969237301111,22.46375312663866
5,-8.335697282886215,-20.82091746307405,-3.6280250735774877,5.4570503101172365,6.316327524673785,-2.9800990520941237,-2.857386481341364,-9.246758732842153,30.274275542593536,-20.58109380600203,26.574800494334582,8.929103463330136,9.261992948323025,-8.50045211507003,-2.0865262861946485,-1.4507816929055841,-9.865889762860682,10.04098251997322,4.056443329226588,-10.304818077393772
8,-2.3560015534732655,15.762851090521234,-11.651541343238803,-2.8372754694887696,-5.513595166961502,9.425566782779017,7.005027602739011,-17.040297564581415,10.443990426896017,5.199849878022064,23.904986019049463,-14.452272951255495,0.8019300739430979,-8.965729421500317,11.493068747584129,-6.021520580953496,-15.010740114994807,10.290593846624624,-33.40757054130548,-30.58919704737498
7,1.9058277836321622,16.430474265619594,-9.869392749070455,-0.7696841041922928,-5.253483381489856,-13.513238254853704,3.659574707321427,-19.96147934634537,-2.020526527388749,-22.350023213771486,1.5293899931132917,-0.18169169590628442,3.657122499852956,3.2779289418655644,-18.42142172895119,-13.053915048106889,6.130157597387884,-26.758917777617256,-10.675894504988133,2.283074570178261
5,8.452387127762794,-16.019729717636697,7.999490513016687,-10.55720336959671,2.1648780015792877,-7.098936829941729,37.87836806505651,-1.4666951748886807,10.362450871143276,22.460836453591046,-12.83193698590446,0.48129840940394275,2.38448739119495,-0.8238293447007046,-14.685679300752646,2.3051292692932366,6.830836154569505,3.1897008657002424,-3.7854363270678815,-6.878871625309989
5,14.711236364168736,-13.435286659003907,1.9569518926472498,-10.198762139622676,4.544015250941521,5.132505767242952,-3.484106944902737,-5.635110831792132,7.073690177528211,4.618647649285309,-7.289561317841954,-0.16097784556952854,6.9819752239797275,13.914696108536255,12.013110944012217,5.115215081678613,-5.142191208172927,-13.49155020586466,-28.53408734433807,9.388700000363217
8,-1.5298289222646142,-27.312617220219714,-20.13721082933361,-18.794367102753412,4.415664135828129,12.720238559400341,5.368903694520273,-5.7342869239879235,12.781774938741709,-17.53555087008821,8.62965810064996,7.007018151997309,8.411353853635378,-2.6754829617769507,16.30805878762179,19.94152704928595,10.630210524076675,-6.335911374231111,9.170198958707127,-22.565133702793446
7,0.06828746183019341,-14.630858715342695,17.842750243832434,-9.34259079685436,8.124145405309784,-5.655446754279304,0.3507009549456564,-10.089279920638138,-1.981166642248203,-11.08957958005781,3.6872382253434552,7.83792209306048,9.396933596094064,20.495261956360615,10.37546477511614,-5.530684364209444,-4.368931219428054,-5.409894480246599,-35.649236662933134,-7.487570766861551
1,-12.506991361892153,-3.836757347760378,-1.8266536699519915,11.639728130715481,6.7311203469858745,-7.217978057782852,-21.622572832946073,24.45270368962989,-5.42940312955075,7.291410704842382,5.401745231104902,-23.835323474958834,-6.440324415927302,8.179805341429457,-4.026892944625082,-3.529306948762447,5.526878721085521,-15.09088856078345,-2.3044829606153368,2.4009987543769435
7,-4.255514025154184,4.3057592582781385,-4.575561460090768,-0.5604959950301929,26.441294155222018,0.8089934482506718,5.462989334447694,-11.211471813535987,-13.558475551456565,-10.510731694772565,11.504076366513623,4.711053961127644,8.736047792984014,5.427540448363303,-29.467418383416017,4.658415553613404,0.372173848733544,-2.811625980671087,-24.700043492133062,-9.36909875066533
5,11.914233307350628,-18.001652078434482,-0.36024332517874047,-0.24172165610359908,0.7456999736911951,14.029962451157505,-25.632910580671947,2.345214353261019,3.6730903643064625,1.6891207635365661,-4.8740815735616385,6.578621215166116,-0.9254638907821975,-2.1630194203002437,14.7976329180326,-5.87707334454935,4.650714254794232,10.034338230479962,6.629689087311589,-7.73161627817521
5,-0.7339020915991199,-23.559837087307116,0.7712140794218779,-0.027640130677805352,-0.244406622762662,-0.6604561398526259,-3.59576665213846,-6.52358176501323,2.566249820744892,-14.949429363800945,1.17598298175616,-0.5191983280215497,4.482928043601259,-2.433961763033113,-7.771007155323341,-4.165910471274568,2.241100564943405,3.646755624693168,0.8118899791440057,25.890185287565345
9,7.413123792629272,-11.41986000628144,-5.052214855807055,-1.228520602063968,-8.881423117838578,-6.935189164830923,-18.655375242498167,11.173043911598093,5.622672641234113,-8.244619851737685,0.8552680794075517,-21.259644816543304,-7.571191385333481,17.60858628906213,12.683427818714907,17.247960545102984,-7.787772599711081,-12.734788107332589,-16.452192722221387,-9.633044724509883
4,16.17969964363067,-6.555386049320332,5.143659301042842,-14.285473662578678,-5.491587622859026,1.8177800643141442,7.090036957256713,-22.08865792466541,21.08819586567631,-5.997847965729352,7.0801005696338235,-9.492851760348678,-25.267786505881432,-12.677390528499153,8.897022108512816,2.634460477484978,-8.382577125419864,-6.103944108383331,-4.985028902599252,2.7820598503055773
7,15.728911103466109,-12.574284650025639,6.646461613190867,-5.290392548893067,-14.745059932246585,-5.14450143390797,1.3053480971933786,-16.77150482842879,5.823960083255831,14.40483958262073,-2.5727279790099624,-25.155700989490995,5.623905708072625,4.062818702788332,-9.123136808017751,6.8027707423645465,-3.352575238976964,-3.4685713316987163,-29.794063045302074,12.355571326250583
3,16.3551348808981,5.566019033502483,0.4482573950748425,-17.314175775979738,-7.5395898737529485,-13.515297000462073,2.879116197069822,-15.715434969024178,10.691226943824939,2.7322818083959515,-11.843367604484433,-1.2760053951357826,-10.78771752359841,-4.262104872697474,0.37290417132334086,14.271067683733952,-10.012484004737665,-12.99915046587165,-2.383000199363704,-7.162293857629509
1,6.510048623206037,3.109832006443375,-20.4604878186303,6.413307271246536,1.8742073955559486,4.578940791126218,-6.314391115815036,-21.18022265970802,-9.448491005265044,16.00988024383194,0.0448184772786806,-10.337065907723051,0.8152758794670203,18.983918115563853,4.619222232742325,-5.218653212437488,-15.530212089830219,-12.11729002920245,8.861055335191713,-4.5941843980729065
9,6.354079159597227,-13.660476393512587,-13.117153431042182,-1.8101201347553384,4.517903136361968,-1.526871051421622,-20.215478672259003,5.710906884529649,-5.396203054797439,-17.990538973173905,2.3811595374012215,-9.776873995188705,9.269240759988602,-2.0419124313768098,3.2585787222387164,-6.574625813038702,2.5827474953789467,8.091251336661484,6.400391440380783,-1.3903995977526291
7,6.007056643701322,-18.67271108721401,4.745774885240319,-11.397327646505158,-6.712596406001436,-19.75614725751753,-1.674620772637088,-19.302345484510916,1.3360803502963758,-17.513363279796362,4.4762710465652935,11.969082712274329,23.88714473776809,0.9843039269666145,1.4439420613981337,-8.680337072424196,-8.976960919715088,15.867421929682697,-30.408740614622012,-5.441722229355404
9,-7.366042592267421,-5.221328647605317,5.186496902591849,-4.952735613544773,1.201353854629234,-1.425975542545455,-5.028255919878802,-1.7483313041143185,10.234922029015246,0.6147411741979503,-0.5309407721818439,1.5764942359371852,-2.341615672222664,23.03077444728646,4.440980039901295,17.67316346702812,11.871924196595259,-11.590157253983195,-6.499916359731262,12.014368265878877
1,-7.022175901178171,-2.6248856509046012,10.685329027033811,23.816707767544365,10.810521057018935,-19.179602864544663,6.622906795122568,-0.06376161643251166,-7.639990714434498,-3.05546194453158,16.639282864602976,-13.244464676191237,-13.262768517779314,-6.1170428730353095,2.4939582712640025,-11.393525686905758,-13.810740218278582,-4.468815028767406,-14.476780418374954,13.87281298834316
1,10.006439385373062,1.9704511457141867,2.6766429212024008,12.342948627552758,3.6244554773850854,7.467538031377424,-16.645761547287066,8.230604583876454,2.3898584508172984,0.6077110607112897,11.718008090782408,-16.086505426145756,-0.5690467094526714,24.441314967852676,1.3938761774124955,-6.577071245278601,3.4222548713336307,12.1007301403797,-23.621245046587152,2.1051530057157573
1,4.2155807596764445,1.4231940607849354,0.4162597489183617,-14.136126653936214,-11.685571119411343,4.47357456452425,-6.609933411647943,-3.0023551408247284,-3.8694253332128774,-0.9800986004719126,5.652160960941423,-20.003341858793366,6.296920905209552,7.170294024276927,8.749006291077485,-12.882734571046534,4.651851547691593,-15.124474170927373,6.542040693864225,26.182633095826667
9,-13.769696858553395,7.200557934189426,-12.341412912189922,-11.42297733756044,-6.780100972933456,-3.6611701674840456,-15.262162597806373,3.8611863316275548,2.729389440408201,30.688284065549947,-3.6603934155071576,5.815470292487015,-1.6037996123125904,10.21707238059961,-9.776928520569442,-8.967334289212777,-0.9460764688004577,18.467702731222964,-15.739534520711688,1.8840660495006165
4,10.508270153055667,2.2415359838889155,-15.522246470509424,1.6905311893853314,16.016333916001262,-13.601580477399748,-1.4552574242549428,3.409234925987626,6.168808414718342,21.512297638037097,6.998419810405917,-2.0632184008698733,-12.164921452644048,4.610265399134404,4.815916606298042,-5.234101214591671,-2.5723831456428607,-1.1426483605481947,4.926681798818419,4.761912113167508
5,-1.8511767203579286,-23.354448284970864,-4.1018203955616155,-0.23390970821908752,3.852873931284504,11.841957721306116,-6.971606703310277,4.138104430049005,-1.7188389554904093,10.257636584339606,1.4422169719936726,-10.030545077414272,-4.393764172402273,10.774173667657246,-14.27134092580051,9.856123049923692,9.533138039262216,12.455353112389542,-3.2152540078573693,8.092735284901718
5,5.367393669989267,-7.961221525611805,4.014804107171102,-4.037351922903402,-1.5830479263850514,5.814143677574128,5.257874103268861,10.494639610352372,-1.9470823698398831,-8.916006749550396,-3.752332904231565,5.855037883323623,-6.757544515686005,4.116452955453651,1.3561530572967648,0.20109553976185657,1.7408815893323113,4.394960258186217,-9.02988758940755,-7.6430698149613185
2,-17.14640581390834,8.336374611072364,5.174748420338374,-11.36656737708731,-18.9054696486323,11.94879851202224,-3.885668429617401,27.90305354506201,-20.49025283607604,1.4416002144041233,-3.178498425909434,10.49256490070034,3.4857554908862114,33.03719783723796,-4.384566190838821,-0.44947848516458144,6.095019362291531,-10.859701662620505,2.1701693678991654,-6.225811044388802
8,3.337761241205933,6.806235681301673,-27.5224100182811,23.83568224406856,10.704233943334547,-11.294694142129918,3.984019596907726,-3.0961476797143077,-21.193346596372745,8.128379414121595,7.603361781651732,2.594917056315755,14.8276196072876,12.95942876962512,-12.996120293469644,5.837408757349923,15.86494463994591,13.506305864931614,-5.1154842245086956,-2.5977938650438546
5,8.77830564965317,-33.7654278596062,-2.9100945580952886,-8.108406025870853,3.951877781394555,13.91013446600207,6.484248493045175,13.660994740810384,2.9969481881738766,-10.714153634322638,-6.624709096516514,-2.10574353704104,0.1995661657178216,11.932582381545629,2.157255392513683,-0.7842904014347565,-0.18264926428093187,-26.26942393455562,-23.524298587681045,9.680615895522337
10,32.957434697357854,-0.6349073340807267,6.099360538051923,18.839988125970468,9.642271629909066,-22.706928147946705,-17.19060870672303,-9.685996370210223,3.2213378489851694,-16.118209815027527,-24.736420376994506,0.10869436464642135,-6.39256669164341,-18.173642907203877,-3.7059631344508146,28.532956135000042,13.110075426340853,9.631834173698756,13.16690562390965,-0.9820391579682821
5,14.032638491301162,-24.747686013488483,3.4893233504369947,1.7287988718272915,3.1428893393648374,-3.6857413253277187,20.667804256415575,2.5071549878186588,-10.357598856477527,5.819665917275637,1.1064895263106436,1.2938263446380625,1.6101655583466092,-1.5459888273548759,10.446622266505075,11.073379856153778,13.183875634517754,-5.655746696822237,-7.990861605847276,11.00865733811448
3,-7.892629963428705,-4.408161913073633,-4.56034493891684,-27.000311633055667,3.028631313842086,5.176402188168032,7.340851257807699,-4.970731853454963,-6.072724581966314,3.985545299786888,-7.777958116638696,-0.6847881982586592,-6.819720060921451,4.073845409559748,14.657481428564829,-0.02273997472654532,-14.570999588644504,-6.074832266149455,-2.343042790573957,19.770469595689683
7,11.852498777279969,-18.567410020783395,-8.03606823099342,-12.204576808069614,12.648706896704494,7.592630065441413,1.3087206030364693,8.176786236594797,3.0149716358261394,14.776935568553505,9.301090154185314,-1.8286607780899995,1.1589586762371338,5.190614661186181,-4.699682445267415,-12.694646742016905,-0.2351031711951732,6.17909052015705,-32.413464992421545,-28.330231951650283
4,2.396528300662488,-5.728265496835527,-25.487514066500868,-18.13271579587121,-18.30254128316337,9.547360114273985,8.368644987198834,-11.120913612809836,8.42695896615282,-12.162056432660004,0.36349620948285305,14.911783468513825,-0.975525309999548,12.310371153818103,7.622706236956643,6.630408490668597,-6.272043709933093,-9.961743983894943,5.660551054816938,-6.577435583324008
3,-9.446778722375491,-9.527702746173706,7.640608325379844,-8.241008629232347,-0.4531111948961901,-6.958398822174536,-11.530865187158705,-16.92026006858916,-13.682831505369995,8.342800400625329,-23.020400139125094,-4.690207282874725,-13.68261125363808,-26.580730946500385,2.916621310046561,-11.940350175047364,-6.375687608158853,-2.4368867204017564,2.4240699420928173,3.678289811828618
1,-27.14902915755461,-4.240038881040805,9.520563971996253,29.268665203395308,0.36787244159452204,1.3023909587321438,-25.25587360138928,-10.579970525277226,-17.60504043305483,4.657485966145614,-5.25657359108293,-6.85453066339465,0.14684511657065746,-17.879255111902246,9.447721932147484,-25.30801467001113,0.5170412085080702,3.4703403911301005,3.184277335761321,-25.06760032316916
10,-13.885224968589274,7.621585991211774,-27.342819123815584,15.505649993406614,-17.309353090982466,-3.6939249636194242,21.148101320398887,-4.072405584354116,-3.1690382962914065,3.2153708014212934,-9.632991179498221,-4.240666042607859,-21.952103106330895,-27.182480864120702,-6.158411448073479,25.69773632059556,-9.736278243681731,20.738431140524288,-18.964127358221724,-15.824558056494427
6,7.002471729747001,-6.523520971840389,10.544877719033956,-5.169880152948123,0.7148271057052525,-27.466264241641614,-28.516554229090712,-3.714755224623339,3.752518837503027,7.4760303054149055,35.992376100156946,5.795119911390568,-16.83693864521377,4.34160394624694,12.162082063590923,5.370276632746657,-9.459629327933783,0.3755222671335934,-0.42065008343924326,7.055383349731502
2,7.9478893982159935,2.405011975236673,-0.3840959286577881,9.186546967540561,-14.999703540520667,-30.725488516576824,-8.295772859545101,-3.2600537792494872,17.543792529940912,-2.9634925107900063,-6.911095632973982,-17.989360032089277,33.12819154193989,-4.273082164834429,-8.129595973462152,5.189110629670266,16.556409831440682,7.108741595449372,2.168533462044304,10.052116547535535
4,8.218205163074606,3.671445019108879,20.202018410024134,8.495425293005688,-12.782422127167772,-1.0211850049937576,5.362223980085244,-43.787724563216536,19.683480643775365,-29.357041235153428,11.061935612238829,14.29741813886029,-0.8237097400440434,36.156022723217774,0.329497329140239,-0.6153946424254815,-14.302489999415563,6.276887828434059,-7.779706700701366,1.6206276504034212
10,44.796056029664754,2.7539123565629176,-7.453052524382032,20.725105542479376,-6.292705789111891,25.935349008876376,-27.020812999012083,-16.749729299337385,3.0846135849153513,-15.970910058414768,-24.21272656492387,18.39835390292879,-0.4193268762074769,-2.0639356432583877,-22.175075847350797,-18.212438930220355,40.93040473969927,-26.500894670596526,4.576925783996968,17.416634159691018
6,16.894961800711375,8.794245012943163,-2.688971653605316,-13.541550972446073,-1.3415176367098351,-33.41951171126075,25.29587667610766,-1.668983725921341,3.596914094120626,-8.389682671089798,22.574031492708926,2.4046148673994407,0.15054448917974383,3.5744253392070413,2.0262248008670087,1.898663947861788,13.775836164553521,5.319230655112509,-3.1650095841887276,13.10542653226435
4,32.82428197161129,3.9515925967290055,-2.169462539281615,-2.9537168862924608,11.854729640524248,4.342820778757239,20.310343512131233,-26.78792394841602,-16.44347817323567,3.843852143072791,13.33736016844399,-13.548544512534367,8.32739927588787,27.460716934692734,0.5793952229706105,17.76608235530492,25.15183534616091,-6.406421340408153,1.8074446541017668,-1.5795694591040492
2,14.020672825507383,-1.506729310606715,14.784589931978921,0.29274495501161146,3.221904781003244,22.12431173830732,10.645711674457024,-5.103197900097266,10.42068100400979,1.272632433728561,-1.4989725370602145,3.9988442851851573,-24.239345336845602,13.547503357954167,-1.3362947068383861,6.083056018562117,2.0737601814488413,2.4536060060419844,15.53455584161426,1.2461093025700078
10,43.15121689420891,2.116370180014573,1.667130112676714,0.5892807534775342,16.33165640139685,20.14507723770173,23.02704509248737,3.509813404253208,4.0491199193278025,-23.9084737876593,-21.20928025904511,-0.0599955444991902,-18.180937631883186,-6.0266766645167795,-14.695202998855063,-15.23366837110839,34.76090803706668,-33.762241142999166,-25.03379496018276,3.2403454278829065
6,-0.7851366186287692,2.800866381094608,1.545435962716373,-11.599112341368842,3.723818294880067,-35.98251761059595,-6.315060161604714,-7.315567762984939,-1.3124168483060084,-18.8213834489101,3.0854237801912476,1.1520904858501004,-15.468756565142888,4.584812674147065,-7.0799407715733125,0.4141208014991089,-3.3195299304929025,6.056317552896288,2.1551998587911245,3.571044127803182
2,8.101045182950028,-0.5696706141817782,-14.468747167935218,-6.0316890729723145,-13.362975789116174,-0.24970671816723078,1.310443339847516,7.722503176258359,16.232529532214997,-2.456484594063345,-8.22682773642822,13.307714658260691,17.573417766823823,-11.041842690654693,16.68591768967382,-1.8741355285799015,-17.81430905570069,21.342104337828793,-0.6330469424152563,21.64009144343893
2,-7.217998234550823,4.772677558933548,-4.216280583416907,-3.0156891657146656,-16.369821669189314,14.829339486900132,-0.4857227949547227,3.5829688834156297,16.608525967232097,-4.511842617998401,-2.3412920143741296,7.933394462902054,6.512217429036873,32.18871307541335,-1.416087772659334,-7.654685396970449,8.108016590491946,-9.671530502026517,0.15476737099456805,14.847153525215063
4,8.804286702698931,-2.0330474447120106,-10.51933922543219,-2.8679185553560496,7.028421439216602,-8.856500726997306,-6.50053759197465,-19.43534482772231,24.22231900185917,-11.54571371702903,7.850221532222151,12.339064336762988,30.9555347314716,-25.80390804022276,-12.184136389282,8.848544428340189,8.11422965055429,2.1441993259142875,-10.003096227539547,-9.119295210648286
10,-22.387199764317504,15.548548657738527,5.69032286658565,-14.681585137567021,0.29890565481224435,4.446187100862682,-2.261634825189444,-9.422519247458652,2.7270830129770167,6.113503659872865,-27.142379982378277,0.38559132699730414,25.028320068401687,8.187644675413198,6.263421385946368,16.885745134720135,-25.3210788097413,29.359545739087586,-25.06846323949536,6.317183138754745
8,6.977003638964492,-3.1791913673298247,-19.552506282630176,-13.23169771286534,15.715290141140459,-18.317561708364654,-4.720143080814299,10.75290922476072,-9.644527185854258,-8.966067568651393,21.345561601795264,-0.7442690348921843,21.67783700674024,20.644589693263168,19.044571877553686,2.9012986723222323,0.521949135637291,4.107832075739237,20.17199157008845,28.920168245733443
3,22.216969293018856,-8.485423362731192,-12.266824681273018,-16.4061703713908,9.07175244173044,8.09532189471377,-12.730932261302472,21.00570857506954,-4.591493297693177,-8.767352500836818,11.516641890989193,13.482307920203718,14.409155472850017,10.817466624392996,3.219136891696996,1.3860100499893946,13.81246092072578,17.809806741495773,-1.4102865836500023,-0.18036239403141519
2,13.318674448290498,-2.7414240798527625,-3.39933116044669,5.133518304128906,-2.1976724341318024,14.832316890984593,-2.7424985664177726,21.817587071626463,-10.95543606831405,-9.251219749991664,2.0459428192596514,0.1626722272022776,6.640171298462301,12.997321435654573,-16.652089860047095,11.559701305779459,13.467640263330267,22.314914080513343,-5.200093732954468,16.657785080783633
7,10.514249670674001,-9.963560798567455,-17.30575719299904,-2.0682854882983155,-7.2447814628947365,-27.866276972362613,5.14521280632989,-17.293871011196426,3.4588814167249327,12.834114442264795,12.857483069567362,-8.130657742993288,-20.48829229550294,-3.2964805034624245,6.538620567824483,-16.15455052900173,-3.030298413413488,6.523225637907773,-12.21461543034641,28.875750678300744
3,-16.320055661925302,6.115152229837663,-3.2889619563906103,-28.57518737511819,-5.213758261590142,-10.116676619359106,5.927431062371305,-12.236520872837572,-10.79091900050123,12.868774903702601,-15.9145009129849,-7.617637082083996,5.379927307909927,1.0232852952178624,-6.489721169489529,-6.900630163858855,12.947709774138435,11.158338223120895,13.889499165506436,-16.393519240137312
1,6.929400624339719,-1.4517373089212293,8.043951642437653,2.709082709020206,12.081183921991762,3.085335712615194,1.4853754176862581,-25.488196706872017,0.36460825269539043,-5.969799199209924,13.271166264249464,-13.306946469569295,13.139152508002814,16.852406423994825,-4.049439942394237,-3.9895743274040956,7.030932804415371,18.30258082107111,6.743911367491226,-5.3717886593879705
6,19.427065817149938,-11.442597280859566,0.03846460720712874,-10.288838117471467,2.3943042016586857,-6.259739769626291,11.866058138895648,0.6809172463569944,10.904889267603703,-12.593288235857395,21.2582155577333,4.193491145675991,12.069819012648093,-4.591004795664225,4.390179150606327,-5.212611920829424,-8.993867398147579,-4.552938024548073,0.3018538547286164,-14.024580831792205
10,-0.08343446017440925,-3.7706837012130086,11.42008239551426,0.7006219146190391,-22.94071560316466,-7.916989910792667,-20.197823173851642,0.5833801943361543,-0.1474783618709119,5.338436122307099,-22.57038244536432,-6.139694036820997,-8.015718302567844,-1.4055166193505757,8.844518162839611,7.4075386471679305,-5.882357337753993,0.7508554879416196,33.32849100374783,-27.27544925034262
1,4.65355702145333,0.8635079418145426,-4.8662552651329465,-17.383418570609155,-10.439742430466321,-16.08549395601165,24.35300487435523,-5.148448303414364,-3.8337059147974637,-4.235867126152218,15.310973720686285,-10.37093415075661,-6.753374239560924,-20.776817573276354,2.1046541087334347,-0.0856422715968348,-11.266054492282347,-12.96049145888744,22.456993682487056,-27.460563187632935
8,21.547541423830214,-2.581007219673061,-8.642666170130592,6.615889100569753,-0.3636431789128388,-17.594055007310573,-12.27631546164993,-27.174191244884312,5.145106928850752,12.005394274138663,3.0583880652113336,7.392293232237194,11.715022095278908,-17.370326683175538,31.854602339336715,-20.57479281851598,17.431537438294495,12.570617185267437,-20.008756848585982,9.216868224289396
1,6.337620018745382,-4.420102594456418,2.5194090528548267,-24.10831951845944,-10.354628206798761,-17.324570162917627,-0.09335826649143453,-20.945562318670184,-8.192347117900322,4.767906507308292,-18.83546233938287,-5.4556205982351,5.680792823193034,7.162507938487444,4.306499939569107,-12.697786101919746,11.842378856353243,-31.02660169176054,-4.990753288271467,21.212089707262926
4,-6.640020280184393,-2.8803019097355884,3.4424037795232145,-3.3582081558317682,-10.168937518431852,-26.04702636961968,0.3664540728974258,-8.508246666160678,-20.016779400851362,-28.68611970313988,-1.0141157936951268,-5.286437476805736,8.543060663735456,-2.5741834102797663,4.785753049363113,0.004060799186303754,3.0498891040793876,48.81212302936744,4.7820228675612615,4.095458460755822
1,8.550165177487555,-2.297771176720791,-0.791723731366937,7.664487192748227,-10.672330270921936,-13.384978401173349,26.46965176045422,-20.963491328933802,-2.0339943454253526,4.102031664610891,-2.6762619694871015,-15.59810647030512,-2.021171947770582,-11.493246166229325,-2.903804532262841,2.2018901101519663,-4.774435181421486,-8.79632117443184,-26.904736245954265,-11.949019851827922
5,13.857238744349996,-17.653040929333585,2.400350164531572,9.957124653051636,-0.4424327052139603,12.282656331859453,7.482116059111152,-0.4604340594300633,16.206666140431285,2.2536408959536347,-8.145600437586625,-2.9807251615264554,9.238041850454945,4.306406249629132,-4.684981544726302,1.4389944634130531,5.400823715337939,-5.457315227920468,12.861865872425955,-0.25540994429662556
3,10.038887637556046,-10.30655617734056,14.191411340260975,-26.132443726533914,-5.292814868315176,9.922032517427336,-8.675471072042269,-9.24094549315194,18.11379369059687,-0.6605022457856539,14.745244955098933,-4.073289129786471,-2.202256942899412,4.5847953087924775,3.2715850421162234,-4.32535666521901,3.528940346453842,0.9913967468902471,17.450108223959873,1.9552073985118852
7,14.984836848031224,-13.849632889771774,0.17084550557813305,-4.786233102375993,9.364075194180288,-18.54149129207627,2.484918960517328,1.636290287931259,3.3892380460487472,11.31345056183501,4.94099902110555,-11.92963753736757,-4.625289827608778,-2.4269339916373047,31.65428911018757,2.7604065792022197,8.016032547200792,10.24021821464612,-12.154243214767588,1.4636971493958695
5,6.975143013635654,-29.983272572802107,3.9846535981163904,12.906027566979507,1.626361633584196,0.979277188551521,4.092171216168408,3.427320162654821,-7.576782990263276,17.17758595564714,1.5929821524749577,8.717386573730002,4.122821785662554,0.04192200847171401,14.36775113926133,7.173142614719992,4.002323340489323,6.3356677834685415,1.0581132771441983,-4.086808169455043
2,-7.455048232977422,-2.193039265451002,-4.867263699635758,1.3875928952664651,-8.075693231264172,-10.60714684401821,-0.7692008930766827,18.994228858449954,-17.33683396760105,-5.780082657272732,7.713763410205844,25.50695676524649,-14.849694124318747,23.64255495311454,19.897038998426183,-1.931736131112304,11.787350962434312,4.804588146757306,-4.171092057950487,-6.883670813650159
1,-2.264007139213057,-4.16674129329988,4.177298965919335,-13.288218106484928,-8.277360753846745,-2.7748865829868796,-5.930222006037415,-9.155059697919661,4.021046003612155,-11.33647691220129,0.32394031448699623,-2.4508448489269155,10.227508733525772,7.817409838071578,7.949671313272346,-7.5569909297727405,-6.6246338266787275,2.1003387646441607,0.22566051965699585,25.82267984092975
5,-0.06070272598367232,-0.4762267245228031,3.7335565218013373,2.0838697157999313,-0.013716660102975897,0.7381186438666013,9.249837474401428,6.963006811718361,-3.043333180378057,-12.10549573424313,4.790699997203327,-5.3319232010047894,4.656372313040132,-14.44762853067345,6.848191519979405,-3.1542484247174487,1.6790468737815472,5.853159329179785,1.9848981687016929,-1.3491737766143364
10,58.83671876263939,-18.11160103237618,47.16385632946932,-6.0973164464672145,-29.494811189727592,-8.16754498522073,1.0738630035060828,-0.4345516990693703,7.900073556497228,-16.362328899078886,-25.231690662250482,28.3904397991056,30.28368730848391,-20.512710222628176,-30.10579090910776,6.760293820675074,5.630763817807615,20.52419754400038,25.467496414587373,7.74623877692496
1,-11.565605912506946,-1.2095797041113834,3.8646023529368367,-5.634066211557396,-3.6859981846489935,-1.1060667252411809,-14.362159839479789,1.619399550655392,-5.46453536177118,0.05836535924341374,-12.059707182746138,9.34462925794613,-13.57007075193633,11.409630554236761,-3.569669054683011,-6.2853511919103475,-11.268636380723208,-4.425030584597339,-3.410881343017685,1.6017819801020945
6,3.9522862921210207,-0.2541071986708614,-3.5411700143141562,3.6858047306480453,5.263979149205976,-19.88779254770707,-9.895452575075662,-7.329902138652649,4.407236315707244,10.949515483327884,9.137743910069805,8.013443874456028,-7.5794976363816176,1.2599148719488082,-1.734464470230236,-14.01658173396026,-15.821224425297181,-7.714981916642361,7.173084034266349,-17.124890008660543
1,-15.57216267049845,-6.477489199138976,-2.9870052207603752,0.9413624471143582,-0.7441926889916114,-0.6601313179638586,-3.2652981247829254,11.220122688737092,-2.2471146339682724,-10.12262946960793,-3.616736392839389,-19.555438293388182,-9.89921969531815,0.47787011441608573,-14.257786074074497,2.0560700203473106,6.608117147408563,-19.168527642242925,4.8118898845544145,27.0443332038886
9,2.7714884361898955,16.93843213253034,11.185314788285366,3.4021488871670504,-4.944394601806124,-0.5671249497814164,-32.90080802775275,1.0030061801315826,3.8787912077355218,11.801979796583993,0.6433278565701936,15.056475502273246,2.1945795300358557,13.010005938440326,7.692645702758397,11.712936384712995,7.900442918161625,12.201982490019779,-1.3033271330081138,6.771753836985308
1,-2.0304813279686367,-2.5347983391011466,1.032586446480044,-12.691687028494858,3.250240008801871,-13.829699304874751,-6.75158276849211,-7.944181175915469,4.021059183657715,-4.001042880016004,-3.130481007615338,-14.527320946680527,-6.532470437896146,17.75940379810138,1.041119089255357,-11.37145121899868,1.1848794176811142,1.9023118363579834,-0.5489068901606639,-21.813015084259973
2,7.184918613803049,6.881976665964553,-2.528383369802521,6.006321546700492,7.756919308065382,-9.41435015453932,-7.0254712303344045,1.6273421334090599,14.42028063233252,5.48523170795138,2.493204543794959,2.7693706495692854,-39.50175901202741,-27.75942128037021,-18.698101351727185,-16.10072642713704,3.6272667021221405,7.509083860763017,6.0313425496866255,15.967224108464261
10,16.969286496047772,-19.11118700068303,17.19539996161863,8.839810749774157,-2.5167646389846845,-31.89075216709387,9.483440023392072,-7.1916733805118245,4.332105003784546,-7.486767929788213,-19.597090581933898,5.216392860589769,33.85699003591323,13.586950008678683,35.34203413627768,7.625617110519038,5.297448208040265,-23.426887769804114,-12.678003219868657,0.3992932018413975
2,11.371377010527041,0.5806792786572701,-2.6909269081462996,-15.46693690665634,-5.572970041376594,20.529750712538803,2.583689843577242,6.337201758255719,8.008745890412019,-0.8616775601332305,-3.7109309216264696,13.212408212557126,7.118285454612181,27.7027494127258,26.300596909622957,9.536752417728207,4.657978389342693,-11.626106947573087,4.383296751473527,9.308092262684266
1,12.896419780461382,-8.388997127173235,-3.2789004180531194,10.745609559998353,4.6825329469868295,3.9991250484115843,-0.05234518418977552,-8.790545699744019,-2.363151898300338,5.988972078891946,-9.163010108054497,-10.940935464775574,5.461367808746887,-16.025639730328834,-0.3454206477852853,-4.484237847968153,-2.721706203956396,1.1543605179472638,10.282143613991018,-14.40281055402724
3,16.587684756692596,21.58513030407461,9.587435263212889,-12.867653764293305,1.60167578260308,3.583809881595699,-10.249453641834549,11.928402723810715,-4.404097664508592,-6.341556888985578,4.067352338734305,6.373648925225393,0.8195567418578564,-12.769779459292764,14.326061504979323,-6.722652235747002,-6.791745410120687,8.249511519633463,8.453329571155546,8.515813380016553
3,-5.044867519425122,22.669431468066744,-24.1309908237648,-9.207524721318922,5.7810889322592995,2.2273380969568657,-22.301749585782186,-2.592721040647649,-5.763168408592155,5.7644401829909055,1.4941428673726744,-1.2386047926184631,10.896709366054047,7.172468363302757,-1.6192690481103207,-2.7296627231765767,-28.402949097028383,4.171966062851674,4.212251811619464,-2.63289542826599
2,-27.297340576219998,5.351348284183068,-4.94456583468267,4.401989725276202,8.10043116141355,-10.357400952995274,10.222893188677983,-3.511174215771814,0.16227854549328047,2.8384001844475186,-8.479857460874182,8.72832427744479,0.24492298194225004,39.72503028394609,-8.056139097959477,4.512916932782817,7.714838418168572,17.588432831376046,4.251836934494477,17.41764150767942
1,6.9842681004456555,-1.4605188465877423,-2.7351482807899234,3.0974750478279653,8.851071560752011,-1.0664380727545981,-20.655074870324256,-4.705031815511275,5.750117497027415,0.9885940690915376,1.7389103023793855,-9.760604841318218,-23.87756726950316,-9.373131325849167,2.2302082200273303,2.0417322652183945,-2.246741028698407,4.4812532129965295,3.697923288663137,-8.179294966854904
10,2.038394571641395,24.33205920312747,1.8227089364216038,-0.7637479227265702,-12.424020758205634,13.078066128818598,13.10044736387388,5.7981984645616125,7.870447264900173,-3.184215623641412,-18.0286237752041,-11.536654759273018,-11.8347721053481,17.984414079359603,22.97963236454747,32.638090987712026,-52.12966523993243,-7.788609571680948,-4.724570188417795,-2.0715377377175246
4,26.068169337738606,5.400747679702388,-3.594754373600331,-3.8315046879322,-15.847690813803277,-7.470456186658354,-1.6811882052877554,-3.140946176941938,-21.91453775612657,-21.445865565541233,2.6395172130745084,9.005157823479635,-11.222548860266642,-1.680536105412867,-6.921552984973166,-5.097073286784305,10.031873560530531,-3.7137740553333263,-4.279229566053788,4.513194219966298
10,8.544338486722864,38.008934611628426,1.0863153362685085,-41.63711278936363,-12.720036729132618,29.174987889493973,0.9980804199125228,9.88950792282072,6.615617937270121,-10.287431260337918,-21.145300572370125,8.189212244906512,16.593459396435474,-2.8036853158213693,-13.066612455661398,38.065058175788494,-14.153345579058993,20.040883834520848,-36.3430105842106,-15.159321490679913
7,21.86627594788549,-7.398264105957816,-29.417022443899448,-2.6440350536154726,11.506719770710703,3.1876504045259155,-4.820995968096486,9.430042712365818,5.532629698731814,8.349479661216503,6.028162408552762,-0.07545932923096976,-5.905695446533272,-2.5836244251213216,-2.274709019818907,-9.67998483491838,9.794382269510796,3.606490462243266,-37.163938168178206,9.167141041235176
2,5.358869632520209,3.727702468889915,-14.130364080481339,-5.644578239875161,8.109260427236295,-5.008058660259517,1.6138731344590795,-9.26005390385715,9.736998877967583,6.078450681140111,4.034938582407749,4.700281119869741,-3.2756828481648363,-29.672211630351985,0.684485415584873,24.91407577328288,-3.5302798613041206,-11.159245951408948,7.52022697201428,-11.472093085809176
1,2.3629531609009953,-1.4589799077944616,-12.772502829525376,-20.1748723169922,2.425698604359498,-4.239278053278184,-22.67236724552301,-16.97272693736445,5.348761289350544,1.6358757844676632,-4.660792741313134,-11.302457771408326,6.465559066363204,-1.5852547027947081,-9.885371912211944,5.27518464260472,-11.791318219514524,-3.902377449126217,19.743724228484616,-10.37781763263812
3,15.177861662449528,-12.106926164737335,11.549112495835208,-43.948734180388826,-4.834995868903965,-5.625281200441503,22.066088587734736,8.153243276371313,1.088405716064139,-0.33548377523215955,-18.137505215293363,6.234117427407757,3.9389687988750017,-4.044532346970428,-21.8923932365822,-10.615386429718015,16.601892467201694,-9.836214133043656,-11.884663721163845,12.124683534555711
1,-4.751234125953587,-4.374620875827851,-7.971131710750666,11.399946036873473,-8.124507301526322,2.0279872220155406,-15.095535543664933,-9.3306765804635,-8.366994966974879,11.72766559890332,-8.211092403325637,-23.66269246867286,-16.838774658480364,4.258134659338436,-15.068422797536291,-18.713488286896286,6.37640731636846,12.978442489840722,3.2663985316069675,17.300091543138688
9,9.808100046240368,-5.058965726987408,5.652859425074243,-16.990566641500752,11.051118215636745,-5.103709156844043,-11.242875184136846,17.079080770533878,-9.449294963585595,-3.787974487638651,0.6257623121073356,-30.9860542978196,-5.694732257490097,5.587510458377204,3.652813408099584,-4.1868788857667205,7.78873240273788,8.547794214630485,-11.47325688730159,1.1403040982753658
8,-12.530717504387145,-4.448119887946687,-22.86111585793422,-18.04802162436234,3.648450901761339,17.416085303764355,-0.04285678245076219,-18.124198889646305,0.9185022471197863,-1.0837271015583627,20.596463617367856,2.507930754718859,-0.8516226950062094,1.3286233036514208,-8.441434411892686,15.262109042362635,-14.239328960830278,-0.5711363334299953,2.9464571783288624,-2.9776480346500414
10,33.7069404239745,-2.483109181063985,-26.472624168671487,-8.760677038826604,10.3590005214979,-23.616603010463777,-11.471530118399716,-11.093926192615719,2.482033242734856,-5.874812639653164,-21.395491704227638,5.526364094697498,-35.01474142374755,-5.525575124699816,-21.643606347571087,-4.038067691284596,6.912328960466094,-13.674365575429384,-19.043182858970557,2.537630493966742
10,-17.547593314544027,24.23331558698549,30.681368007747224,-3.35315871728406,-9.391024080303554,-3.221741994378457,-5.747917515461627,-1.540063635327784,3.5124428997461044,8.311275329451535,-21.682521571536952,3.126783061533753,34.323451143961904,-3.711996968985649,-10.296592318707535,11.730308800856344,5.252000631956525,17.03894584622883,32.319035477867686,1.0294957968103282
3,14.92890035061096,10.757197270104015,-5.4252800223416875,-32.52110269779479,4.439979572899615,9.977646125124016,-8.31785931840798,-8.106699189820862,2.0823222872283056,3.9589929266303074,7.50719577713699,-15.30432903295632,-1.6103802714811781,1.0697969641791225,3.459004928025932,-6.260947183732172,2.5563474691833648,3.3625030228072066,0.8480432929798377,11.527589650446972
4,6.531988415844721,-2.22903691449702,-8.935652676659705,-14.060076087188907,-20.676044518344128,-0.20714299050368234,1.164847911474941,-12.779814510123693,7.483152349977347,-6.0644994165882355,4.560338508376378,-4.692464408920431,9.300523004545646,6.512677363967426,-1.680950585950392,-0.9622063795341691,8.404800618902172,7.999847698342604,-6.817116303811507,4.139979991881868
1,-6.807356803247502,-4.920485318521407,-3.235165039072672,13.09934684043241,-8.601177817514374,-3.163111035184114,-0.5208898962929762,16.10932375472213,-12.395731850612947,-6.604995341722212,-7.668523586169104,10.02921553019452,3.3632032019345535,-13.336490387077863,-0.22618175040528687,1.907713942164282,-7.044883676722308,-7.116551154180186,-5.466173174165672,-2.841941901731383
7,3.0645013365095037,-6.735158276880517,-5.309191952069099,-4.033951716912471,-33.766857217779545,-5.3918049199509905,5.5454183616677035,7.35190831057499,2.821611645126168,20.725731673578096,7.756150791565726,9.449796135919549,-3.340104643387544,7.020610442129465,13.525320202220472,-5.36113920025771,3.8059979045408383,10.160469333837082,-33.26559648222606,17.079934121692407
9,-1.238281222871903,-22.893515796384055,-5.167068911508014,15.929502631802979,14.32784043863697,-3.691497476419144,-35.507070178807936,-12.79375704696765,8.602524365509295,-4.093381128722808,0.23270598979930548,9.867701332023598,-9.757459788311168,-3.8573749774661223,-5.858186692196475,20.494672153636238,-6.669665187923277,16.67059502973651,-22.5851930048285,-3.339671487164334
7,7.792898769001028,31.098387305228663,-16.446527025011566,-6.342537167292292,17.23207206912858,18.323432649452492,-0.03573855659283298,-16.228789323238786,5.999997031100104,-8.305051025771707,9.687529686294397,-2.061745837440009,1.1298365978130036,-14.272143313310009,1.2146334499860116,2.0782739636474683,6.709802660642882,-8.000420999873278,-12.735338985068118,-10.444007463737137
7,26.24387326732774,2.9158239115130136,-12.130997042179546,-2.7517420595990223,10.928060102626022,5.125725191331347,7.289578384191033,-13.78941449200777,5.362663739870651,-0.5190859825637424,3.312791981445002,0.4845550048662328,2.0082535469598466,-12.185082358439956,8.082605978161421,11.714152422780403,11.697865023934035,-7.387645108183406,-19.44613345460826,2.5078402849393995
4,-1.2057509969425357,-2.1949650041122997,-3.592956665823235,-2.5727227252607965,6.045857644469234,-1.8911205526506085,2.4517584019245295,-37.75021352985753,13.50852394014296,2.167198828141353,-3.5394466999877143,9.428543899857406,4.719229467770891,1.211875483284627,21.26490906930859,-14.834605428959833,2.5076307406243403,34.23485642921362,5.792745427210317,0.5873865770678472
6,6.139604414806169,-21.298288827181292,0.027953418029746935,5.0160699539857925,-0.9151330702645419,-14.396451601180354,-6.25777734404957,-4.11932171668721,8.11568679161123,-10.976107332736628,5.287621224614012,3.8131705837825036,9.449186462438771,-0.1848851079623266,0.41974872296768156,-8.867715388301589,2.162662573867185,13.097709027874973,5.767284995063246,14.02939033396881
2,13.250253693579424,11.13457904558448,-1.5081589077193163,4.946476458960005,3.7982771473187364,-7.599183544596801,8.962410846149151,4.343372282497298,1.882186991995113,-2.3106811838372994,-8.67928949901743,-15.355425789439831,-12.945596185281788,-23.570313351858843,5.399183402373846,47.88297229182411,32.30172470802386,5.418110677242075,-8.180914477193495,8.56077059096653
7,10.108662081809431,-2.80172911552027,-14.927767063710062,-19.341300341628187,-27.071869878295757,-15.92267667546307,-13.461872589158336,-12.616184880932186,2.108521033228163,-8.065089516485044,5.043692921030386,-0.5279652168687543,-17.19422654471709,12.38637949878541,1.8508445719932498,-13.151795831872986,-7.977732504128911,0.35195657809256264,-21.240245888033055,-0.02915826971285762
2,10.136779873974891,-3.441279056048264,12.79659435280056,6.090320508210613,-6.024795507941951,-19.709081269385358,-3.2730326052648806,-15.07167247798747,-2.6413404637571567,9.762613483202172,-6.198470121803302,10.45882620760474,6.65459252038298,-35.648368917396496,6.204402037218563,10.098324635749268,-4.165845663061002,24.42956131000549,-1.265862333517899,-5.552196191850628
2,15.573232322745488,8.851020017622798,0.30308616385227305,-2.5470050520791347,17.71461315851673,-9.102640014378718,3.186257332795422,-15.830429130735379,3.6353057584936748,2.3652004878408146,-3.098099928135258,13.490958265048063,-6.904188604155054,-27.27211731020826,-10.80877980550833,23.70009140954761,-22.18679109055023,14.945449483441221,14.584563255474931,9.055496382456447
5,5.8632652589005545,-17.51872726512955,-3.930776800606744,11.578075396041985,1.065490995750811,4.400880640874714,-1.9757720754022465,-2.1139761497431087,-6.388601303957233,-12.048003731705714,-13.827140154449133,-0.8021556899908013,-5.5156136390415025,-7.954268682671435,1.4579320695116176,1.463562326461277,0.553413060178539,-2.72856162518831,-8.514115105275145,-0.191401863204109
6,19.62316385400721,-12.782312977712953,3.143896493676828,-41.20616743388418,-0.4683673380119835,-4.849581527920579,9.193828627400883,-3.7442089214261127,-3.8126457519373442,-11.956354282588585,-17.751472817079986,0.5616823325232849,0.3285337382863731,-2.740025721774166,-5.827423616477946,0.9802621335077903,2.224605061693297,-8.524791207485862,-2.535566634125529,-7.9345050770253955
5,12.531334299604367,-13.635397802631278,-6.458371274792496,-4.225950216073077,-1.4929233268324262,-0.4968803745708623,13.399611344114142,-11.767442993674486,8.81025496510976,5.431171472539034,6.076818524229263,1.0968824756462707,13.06687973528112,7.821071150714634,28.590052021911116,-2.474412218061511,9.158804821517958,14.421530936018625,5.2970437982279694,-2.0422239163370293
4,4.688469066357036,9.911444768267938,9.136764441692204,-10.061185520992112,17.979868465243754,1.8791105782371438,-20.20259336424033,4.293768687156522,6.955621279705564,7.36629548160327,-10.228888942500204,14.081810574455545,-5.0573010285761,28.229748566193486,5.552695888047658,-0.4893323394513227,22.365116364682514,0.4277578907344173,-2.956284324088691,-1.4008932124685556
7,-12.831609496913511,-2.929259720454854,0.13786257992667073,-18.79188182860331,-2.1467292456229816,-0.2638529606419424,-4.48028025349498,5.947306739889269,-5.744600458269311,1.1671314860985822,1.5382806999963834,1.0268132335409874,11.209695589727556,16.20344203080128,-17.518017505651276,4.543794638354405,-3.688453471297398,14.902907773357338,-25.568653541315726,11.045730913324554
3,17.52277688357696,4.823851454473143,8.011660353991227,-17.432100213942803,-1.0928324787378265,0.9070986714084177,-17.174551174344867,16.90053076162928,-3.208350889223345,-2.3862545891332654,-3.3017586712135247,15.133994981350071,-8.947828651859345,-8.728869478186095,5.526038793093927,-0.1218117845126585,0.11064474585416595,0.4213133741111721,9.98240804093382,13.140252565720019
1,-16.340587824060137,-2.097654112346413,-4.413874686511463,-9.22972967671305,-8.99382370776338,8.168231648330824,13.693348273641524,-0.7616442121999065,-6.631774177584504,-5.63132901336838,-4.06856745536168,-21.432453445311896,-14.383301483981572,-14.413865872661114,-4.174385418533807,-7.342120911366825,-7.627902426979215,-5.512861252287716,1.0239576630809566,0.48139119400681274
8,-19.730154228589836,-4.635163309602446,-33.64535357654077,5.646673292414414,-9.853638647892152,-27.681870214718423,11.34720334794822,-23.764716410456394,10.52078387902081,-13.76500589008689,-5.803980266483321,1.087671510560594,-7.069139562771166,0.1916718768635789,-23.613612823151115,-15.920762330722894,14.595590139194103,2.1265073627457083,-15.389120450254328,-4.9549004972764825
5,7.742745539600653,-16.245911389612647,-7.280290436925721,11.065688280704435,0.7249398566811777,-17.037103874936985,-8.08174550722995,0.466090743039711,-3.027508378153888,10.034726034072817,8.773334653479187,-4.9073986794017515,-6.255361181784689,7.590573455768967,-0.1875912618569312,5.927694799243003,4.483759755798279,-2.715202048481089,5.522466761665409,5.713288558867777
1,28.622326552404523,0.5345649568765873,-15.449491782247055,4.637508597554682,-0.017146421848607707,5.447838728096207,-38.67304813633631,-9.253120518274319,-8.197421766616488,-8.320461094542145,10.607591595897391,6.360605097069309,-30.053962165896706,4.147953816487094,-9.335521122143232,4.090546449786603,0.11609245461052797,-24.740721374951956,-16.384765715796114,-16.00430302558781
9,11.541114920095009,21.351159046661202,5.370747677658828,4.436004106006549,2.192575159166047,-1.3539179862449255,-29.029297840366365,4.468131305702309,3.13015421639975,2.4428424453694344,0.28876665950980285,13.39111595767403,2.1851884981676686,-1.6423625178507937,-6.093410342473235,2.342316244260398,0.9726543247974428,-14.362729815597785,-20.391068400740863,0.23593240996523757
10,0.1061751471753265,-6.0678970495331646,4.133688739301948,21.686130158954438,22.418526830261587,36.668263038272734,-1.1365926789236707,-9.956334174070777,2.7834619795156663,-0.24172962808907902,-12.22932698171391,5.270770908871297,37.77629639462203,26.102398880730963,-34.414304448783305,1.7573715130988368,-25.013225277237677,-29.918343736677976,-10.867971293538348,25.153552112633697
10,8.815035760585722,9.175042236672681,23.232289688059605,-28.956614005769506,-22.06640473255533,24.072423731112746,-4.175374066503483,18.758069943284116,7.9883417837266695,-0.3863873734231231,-16.714061672177362,14.205795806081477,53.954091457862866,-1.448783023368259,-8.333905771317594,2.982539650993499,-5.671553845114266,24.822570926627996,-32.179801131077404,-21.74273531074702
4,4.367387515806109,-0.06921360192536286,0.08969153439588207,-0.5276121231430189,-5.16194746799435,16.138905783097165,16.98993058707128,-16.965711061539302,-7.686074169349661,12.601365288010426,-3.655106692232784,6.142077160857029,-14.160532857467164,-22.531578075147916,9.992645435225146,2.8127129462717786,6.917725040157316,4.018760566652242,-5.6999238591031824,3.5859217683330673
5,7.908643230783271,-14.829139928552447,-1.8475384612937051,-10.253714722595234,2.4917139859530866,-16.710754720473204,6.80022198494177,-18.296641091641707,-3.957770943387575,-5.562297944673249,16.2351961822994,5.815895817582746,2.0388589145175775,-1.8409865777730017,-16.37031704501386,3.1843169355164145,8.640698182410382,11.937471626439258,-2.6338611640018432,0.8866741416106503
8,-14.169625491654912,-9.167522577347036,-13.94814948401067,-22.634720350758116,0.7935801896732358,-19.41543250252255,10.362027946837225,-0.7713016750070301,12.13228619267998,9.619272987763143,-22.416924118223644,1.1608922262859578,3.0166158292566045,3.6523689506395676,9.271662057452698,-15.206404631370258,-28.816516790070843,2.2138112100426586,-4.003121938978291,5.569204014991553
8,20.409455554695576,-0.127533702698595,-17.96215003245257,-17.33085424554522,9.716673958819483,-16.668226891840398,8.62917417400567,-6.706345854719897,-35.57078094576737,9.3320805464975,13.38702187017018,16.278832778422732,8.582741868227671,-5.922871449624283,17.09538691507237,-13.188718738742889,-2.415260576400118,17.210000297003084,-6.791975187214191,16.838757418759002
9,0.7415472913438714,-0.8911388637766822,0.08304497568873659,-8.912617745551206,-1.6104642185486142,-4.528740381221415,3.2420226732732047,-4.760057541698858,-5.935591721621124,-23.809050488241787,-3.1140928311525666,-3.982511047406242,9.380200523370494,12.23332972920219,1.5947258968898392,12.091164863602533,-0.6818898666842292,6.500325133107051,-6.102102737806984,-4.830339593312343
7,8.171827657325757,13.789917297645227,22.128365958525382,-4.391404825133883,2.7080631117028746,9.11645020578969,3.000787739956801,19.483961706091897,10.656681575146344,-7.148747437234346,-2.2262456613623436,2.6459883245144775,16.912786530540608,19.332401148669593,-15.49503210799522,11.208938202004827,9.63621520738585,-6.807658164985202,-13.624105135667824,12.679611730408435
3,21.033761361162973,4.042699614617674,-8.417571410905415,-10.309824090872576,0.5386368704528655,3.8020496388964595,-7.192637710454795,-16.053079696893125,5.140479424184404,-2.6619086628154216,10.041254478730602,8.390963877645033,-12.957490463117969,19.29158175588714,-9.517362968533819,2.7968855590780546,-11.00336287886024,5.4255622393636145,8.034952745153648,16.337997491451176
2,-11.225153753606673,6.812325815150404,5.977366053303716,5.0934149873770895,2.5365585188917654,-7.599687873766379,6.829742807863842,8.131469379887704,15.016130858878512,1.4058429521057525,1.942389643604654,1.963592493787607,-2.9008322355973664,-7.538766107873997,14.056411593131344,1.4333438365979863,6.04161020596555,13.806605024439271,-0.7841562257670049,-2.369065827041836
6,20.31339046328067,-8.140666977851428,6.108011795644906,-3.5623149314540523,2.8516087438531432,-29.99946316084022,4.100935522175876,-5.771049846257411,8.578862503986254,-16.26990579947609,-0.3204865239391279,3.239966447976447,4.082820697286613,-4.033267890423792,9.161604807418222,-2.0576886792507536,-1.5554570172781181,-15.29628905543776,-0.39797861613168384,-2.0975559533301604
2,-17.368710379952027,2.178346660862224,1.7918173744339132,7.13197039970442,-9.770854829356509,11.701328552088825,13.06895948224191,5.971820995697869,8.146729024590135,-8.467663116072089,5.481109393795707,16.81373634803341,-4.727981772655125,-15.094623444740881,-18.99960346689623,23.315348438222728,-4.091454921765604,18.9207867521576,-4.0178442858821874,12.246863359401113
2,-3.106520457467046,4.665863418560856,-27.585211379105978,16.932155623939224,-1.454239808049874,-6.6178139331755235,1.495245737580278,13.628742477200934,-17.35357195209343,1.8614835375458167,10.144087552070246,0.56814548894969,-1.7744704714460169,13.221850737748188,3.684663446351557,18.24722372267454,13.769322025399525,-9.751410033704314,3.437468359195458,-12.546469204841948
10,-10.717813932659414,-33.21578358614217,-18.74679623293634,15.692596877613248,9.178867364134389,-29.072038445140638,0.470011181936552,-20.23612163972182,-0.8203067177868557,8.244017748851313,-23.37077236370123,-7.99113607071563,3.4730272814323158,11.580851549856833,2.4663076404262476,-35.185233577368074,-27.760122518039235,-1.6693852497896495,18.30478404471911,36.265569636920056
7,15.280449261098155,1.5283761562527691,12.700891308307831,-2.4053472577455666,-28.72746825499795,7.210465438001779,-0.5005304592155558,14.974321037997823,11.326382281514032,5.109781610797526,4.810838450155404,4.748769757611142,-18.204395575351295,4.153264962904106,-33.79537340758329,19.0843565348284,17.091416640051257,16.2203465387638,-12.92437407362687,23.242027580877203
3,-4.888470808879191,37.6232047542866,-17.61239765038802,-6.831205380852822,-9.97176906482374,-8.620711640186732,4.920414161479465,-0.3669237438161368,-15.122180159538877,0.5956007344866789,-17.151002989222917,-16.942154537493202,-9.599286697551713,2.970526790038305,19.228985267626335,1.3361304281599724,14.258519586248468,9.895864495695296,-14.984802580029774,3.3027204969072415
7,23.043513542214843,-18.58230663852869,6.548636695545026,-9.917254224794025,-27.441134334948902,9.436720141683164,2.0357430822318388,-0.1545575913738957,0.9389237705492626,29.188012676950056,12.319680150458396,-7.204097499266735,8.486509049996348,17.916008773601956,2.3757959519180973,8.164409124841592,8.241906806806583,3.6703707254759843,-11.679515862223639,6.362954457335529
9,6.179513361465249,5.371371394184335,2.965576619415426,-8.0291558857494,-1.223827760913521,-4.184824134024156,-10.678499260512641,-17.956232136968307,-9.894562440435196,-21.517333006959184,-2.2063203557308664,-9.714338961469304,4.5478985628341855,-0.648694731871877,-20.441586218036935,3.2846493701161124,3.4847853035075755,-14.318113633824762,3.1792544662248265,3.3403987330431506
9,8.475122756478203,4.659370359090612,1.54582823580934,-29.444729814149184,-17.221008927396973,-10.301071847207853,1.8300703646815393,-9.71192388255131,-4.439817449011267,-1.3770587499734956,-0.4130969899873701,-11.158601184352587,-0.8199832671164882,-0.6142458415928016,-0.7925500139133702,1.909053164502435,-22.97467688745404,14.236923889942206,13.546086606411624,-9.45868183415426
9,11.710138880054512,21.03801696192048,1.4725796444040868,-10.260998660657918,-15.470509775066938,3.2096317874254052,-29.8714933639163,4.911977939624045,4.451343095732472,-17.49583689289019,3.725756370146779,-1.7859209332000885,-5.270168512418464,-7.147185383958052,26.118829408622712,20.451882570408248,4.149910434028184,14.478620586273166,7.056601030655278,2.9473023862464123
3,0.15540673968949115,6.964605012863594,-12.172516106301687,-21.847534551457127,5.436153986406463,-7.75455599097105,-6.2055275857442656,-9.24826279462241,5.416550595083557,6.157875368777092,-1.1228630931668564,0.5983365331355124,-20.635093517471955,-3.0948800212623424,7.529464105552108,5.14842640797594,8.306426835475047,14.528606339409244,12.58220816691349,-4.52734902806245
8,2.1388129775149496,3.1880613256521633,-15.762794684292011,14.63567726663208,9.874647412246555,-9.416044557782607,14.896296277320813,-20.14135154044733,2.147459357913904,9.913121927416972,5.421400571163677,11.461623532264166,0.575783201991563,-0.8387015341511757,17.737204233108166,19.656284876746703,-9.760675977787276,23.08774271417514,-16.58461906718076,-2.9464719969697217
3,-0.9817923362604715,-5.847710139088733,15.311173810485899,-14.277343302016774,15.826122889379688,2.3178475354433914,19.39614124741861,0.1287014765281309,14.219228010188603,-2.6976456919694574,6.604991521105267,4.31670511482638,-0.10725405107143482,8.377093296214131,16.56347080067269,2.1258756854255187,0.8831813564872879,-0.4522086548383253,-13.289333077706956,22.692103442016982
7,-7.796759011945927,9.132471682749168,5.282374645049563,-11.48452958021629,0.4525924101843984,-11.271025451778033,-2.203478124397571,15.105694070560785,-0.927002204992073,2.967023840479499,-8.059963586867354,-24.87306297953046,11.20161541800082,-7.390442745383063,-21.301777895725703,-5.461451695734616,-1.4558011180030759,9.712056519959473,-14.102257291531973,-2.349852974357712
7,15.735943793303584,-33.66185409078822,20.854590255325395,-8.240345659892261,0.4895892620537243,15.368546419693931,-2.1149937118584563,-9.729555094594035,5.719471639712219,28.307094266220314,-8.46839074773659,9.02011216932456,-6.4151850516427995,2.3501397418576917,-5.0642035946982995,5.202146511501199,4.167207609932822,-22.846313369852012,-26.9946834883134,-9.689948763804306
3,-2.809737977915864,11.294732287549984,9.847042480185483,-28.688180700205297,-2.09557687971388,7.066431375555615,-1.4501032586067293,2.2413455701620872,5.600084658313673,-3.3053361414377496,3.705320077063898,-17.951563555158312,0.8912671588616718,-28.560469367762103,3.157633532110286,-7.8613025859797165,10.709505286292675,14.262970595731336,-8.807525269110432,26.6720034604334
9,20.180769261603952,-10.692559296852744,-10.533635496752536,-11.189011745347116,-6.0444000100605795,1.9324755403718763,-20.19600579526755,-3.5699826883811756,-4.354047987325396,-1.403390167886735,0.5467177745429616,12.419790280172153,10.245584307518156,-8.074518400693343,2.5713752805678416,6.99910980427088,-10.658673000283546,-9.738121979242488,17.07593015005505,0.1677439187231866
1,-6.640848139089402,-0.761418635255354,17.209084954722968,-3.9097276148026476,-5.4521390967917425,-7.270380101480763,20.172984977859276,2.9849660092876036,-0.875694426558697,-6.117502836111688,3.209956108936229,9.456002975105314,0.39950633690383386,1.5014967184225188,-12.519066575354934,-14.422721984734281,-9.147267146221687,7.437332124338576,6.181874674126616,-9.520429939815557
4,8.51620574563584,5.790025214763273,-40.32023378164163,-2.2092883007918007,-14.274022448451538,-27.463526356929968,6.744149244332906,-9.471656296842365,0.6408484023492198,5.037000930033703,-2.654877170058669,-5.783195257928899,16.531532051968533,-12.630876889059998,5.302090427257802,-12.218627418144983,-18.75468805140641,22.344156487140836,0.7185951785028972,5.975435435201238
7,17.881640254066188,-6.167047287677322,-2.083553315707147,-6.552902803080678,13.662027758577457,-7.935813671303884,1.3064409740573,-0.16343785600199956,-1.0406496047272014,-1.899328977819631,0.24116985433771,-8.400286031614414,4.950955256664422,6.608234956827633,-14.971875376938172,6.259331818260715,14.74846628815851,11.805219452941378,-25.792718668309885,-9.454999286105423
5,13.864987216200028,-2.351011167381561,8.404019714579722,-7.473904819539081,-1.7315172575250402,7.59988312309309,3.0770290279830297,-15.921043397584906,4.157517605072254,-1.0158630996809959,-13.56212781196939,0.6647917506417282,10.299535054826332,2.6093317981154076,-0.4713533805983541,-2.770752176853903,4.204633361705136,2.3017811753032795,-7.0910688081408475,6.129841676462824
3,10.117926899195695,15.083220143649955,17.120096597549747,-19.853417260573156,-5.434343820144882,9.020902428569011,-28.33125369548212,4.281099647243106,17.77669036353675,-2.524257144691299,-7.941850968483819,-2.816337029230575,1.6193045371171302,32.29476957477867,7.313519094912636,-2.194540803237448,8.953713810781423,10.527871177288025,-6.899145551228465,-8.857705136019684
3,8.636039928625342,16.218277874591553,-20.774365648189235,-26.386932418852748,1.265591415499094,-3.1991046726712025,-2.3139979050044346,0.3006911935117751,6.917282964973097,0.48126422785081835,-4.258032395686969,12.86852668765599,7.492206462737824,5.605980541382294,-7.4542785763230635,-9.775736531298445,15.091261742486257,4.502136617891472,-2.6115805170784157,-6.046341990892745
8,-22.911385181985597,8.110617168389009,-16.165511751787367,-7.050872257833135,16.241422585881057,-13.897594601270223,-23.007702851739253,-3.298107335411767,25.961720944180897,-1.107082435907479,22.830350276204033,-1.8056836853449227,-22.83348643147362,3.2708999201878166,-14.861240299447946,-5.047271848805662,6.282084735475044,-7.443077372190846,8.9851978677604,46.214388236906316
6,7.3498594163111965,-15.563515272258325,13.30629984790534,-0.18367401320524568,2.662182448313091,-14.951153882039153,5.422009117986635,-10.021157591880788,3.4069872255396323,-1.1991064567731546,-8.935549623395081,4.6033171931532575,-8.971163484349644,-1.0966336549427163,-1.0974523567903152,2.192228596568739,-22.944408976588747,0.02958290985939538,7.074054188999192,-12.150717529226878
7,8.041098311043184,-4.981117547123529,-7.006704781842641,-9.177164203590776,-1.061292984438107,-29.54924250829953,0.43200135798668404,3.522709817867722,-6.363667370534811,-1.3207786322073414,-0.8449629875409237,-19.888849141346654,-15.282642551071742,8.22691401168803,12.29972202557055,-8.234416177381986,-9.22305391635381,7.803435319228497,-1.4786373093515657,-2.544889628031447
3,-15.721253163445388,-20.331674202733478,-22.54053749380025,-60.09186691842652,0.7272777913524298,-8.972459725561885,-10.643479249797666,-7.3506866705886384,-11.574653882458783,5.449463702691963,-11.442588995903396,8.735627256571787,12.140138855806565,10.414070410872565,-7.176490151778192,-1.7638717775429826,12.160117189135278,3.3360882616005885,-1.8956825792139747,15.052246525758008
10,10.189545054643101,15.310739109644155,-1.8772231845365155,-22.375580303688544,-2.8827880764254528,-18.53211543698281,-4.297858783145978,-0.48752545556518134,0.10339563438739674,2.5924847686983643,-16.812040290965754,4.201349629883526,-38.413191752153935,3.0911341761127162,25.57612384610657,1.4102013503552802,-25.925396143756217,14.175340507884926,-15.854712212979605,22.49025749852316
10,-20.407089390159054,-8.948542942870583,-25.90274132863866,-31.794148500076336,3.7499069394859017,1.6867209407923802,-16.4635699206599,-11.427612841156261,-3.7487079028934516,4.6575354279538805,-22.912525393789682,-0.16838461992735398,23.708874340885068,5.502487689396859,-34.363550800966266,19.203728759292964,33.24693791940713,-0.10105050908519497,-9.892287021133402,21.192247923544024
7,27.741701294869358,-5.222976732629254,-16.71690926124222,5.120966668819489,-1.383781557627073,-1.854438715511482,1.9508167033437003,10.6539589546554,1.8451431059501406,4.602219277540757,18.811283705277496,-25.058839252686724,3.186105128992276,5.055296899816502,3.031282141014276,13.98822173124472,8.721822742701672,9.449092768873378,-15.455419243442911,17.575768176981033
10,13.319232973707038,-0.5826875740673065,-6.485929453503306,-22.954029536083894,5.057213311806373,-10.757142464093258,1.8608303604613416,3.1238227010722737,1.0368775464019722,2.7675458772572825,-18.687367846351147,5.7050614283621375,10.374902597076368,9.277405180986705,-14.984688793604926,37.03336943876507,9.75268229994249,-30.488461102089126,28.43357431586642,-32.540075863694206
2,35.408483874037884,4.752065434138775,0.412320362391435,-5.875846144248818,-7.757096331767234,-2.650712089482626,2.1008397312214018,14.04310856680215,11.629035331269261,-8.25432706916943,-4.588510016973073,-0.07756754025440094,0.8458589742715326,16.94121700800095,-15.627524912825834,8.570824353184467,10.524622667038113,5.163897336360172,-4.803927897080639,-1.9184054042288734
5,8.883912204860946,-32.71744622807177,6.9109180920987345,-6.279998755905937,4.670453176686726,1.8271304977796676,-16.59005193869281,-6.724536481110993,-0.22455846019122383,-3.647680406249395,-8.24804163722565,-3.408376852066722,9.057679766366737,-8.486208998804203,-4.7323209508125785,4.953809528314858,4.474019501902454,-5.757091090026132,-2.2475393612945505,7.148786766939503
1,2.5366090338020486,0.5178148256132533,0.19393557359830038,-41.158407169372744,5.072088829063439,8.935426398976368,-10.182748622495264,-2.016922347924304,-11.300550187117729,6.829345433453007,2.6000745663535776,-11.484873318038463,17.53264580914481,-3.838500944614327,2.469527636167581,0.30680349296498477,12.780650384935214,-7.959826290820693,-0.5447177456415456,-3.2763968117486546
1,-7.363345629936975,-3.0765581011119982,-5.1203116478350825,-7.945108594444948,-3.7432872915430573,-3.447620612284894,-15.02898767285241,13.923252626261537,-6.6857682184143545,16.69002731623969,-9.67415202659645,-10.037202017375325,-4.270454442565023,-11.250800218911957,4.4507913578987495,-8.475266247367585,0.19060860571177596,-16.866544679210232,-7.8831956885128385,-15.14099708325041
2,-4.808788256951051,3.0348902844656274,14.696475475482744,4.389963079057606,2.78627100115229,-32.04424700109333,4.327192570254874,18.306526228403996,-2.3985353256855237,2.0516832712913278,11.367037889413442,12.102884152740232,3.7069157512039475,42.068473242671246,-25.544092210549184,3.9772384853170193,24.32529274180426,25.367071314156483,-4.467532057196761,15.491999657316171
1,1.926153713094355,-2.9634081542414403,1.6648236337930495,-8.032120684290529,6.983236008493059,-25.542311254109745,-30.37950977943681,2.704512950761065,-9.931985735972097,-2.569825531511621,12.896592694523571,-11.923121922724555,20.493156797129007,-2.5739760441144175,9.479520253130282,-7.802719848251176,7.682205405895698,-5.2435455103718756,-29.570939731250174,12.90441423734281
7,3.171974571933677,-39.18565851169079,24.51522937775823,-15.563622160783773,10.441257057150981,-16.580681067741214,-8.936021053636665,-20.706092484828496,3.0887071585085177,-15.420188040885773,1.408151285569416,24.363430167927625,-6.467160293771098,-7.119115963748045,0.904674047667561,12.96187512432884,-0.26280822630666956,0.787708310291628,-15.391454449514013,-2.86554110593062
1,-4.379717835530834,-4.120097526569457,-3.9050788072758333,-8.317494771748631,-6.652456439319379,-24.019650958744368,7.832395838235596,-15.491054357794829,-6.922624408520903,-5.934221331550668,13.58628550710434,-6.657113242828842,-4.186973498424974,-11.391253058610635,-9.18642411270576,-1.6185565483692836,-10.887982616552028,5.100152518104094,4.540084741462991,-9.834039551138389
6,28.827850464131174,0.9838682820497544,-11.746383732017186,2.1588657202321375,1.2576856895141773,-13.277288549143863,-4.921466992242371,1.579091718150265,0.2966922187418204,-6.413794279114561,8.615767572512627,-2.2469608046754814,21.20913133134554,-8.095213541216538,-2.4220812972936687,5.212342507887613,1.1258455822437117,-13.702760630934744,5.451321641269876,20.08688854479994
9,-0.1124182527438311,-8.646470192446042,-6.185363700405792,-6.065106086155427,-6.076644773440368,-4.517383256523894,-16.296746680819073,-10.358744954203607,-7.512287224483018,-5.852954884840768,-1.244139618493203,21.47205232072983,5.313318661611271,3.1223058645592765,8.564008430592622,0.057129562327505656,18.954896798178698,-2.314884224648121,7.929911186756186,16.049791924525973
3,2.1199159544506827,10.142722068802412,25.702675964882502,-20.07462320903221,6.603811233501089,10.536742716106849,4.413983334709818,-11.177924336272651,-0.023540053690728646,-2.49160003442145,11.090634603075005,-23.602122017386435,21.698126455429186,6.028683416823274,11.058848835818797,19.651664822685966,7.849966926157464,3.551075716957339,-1.4545710477300318,22.93081701770881
9,-2.6201916653983766,-10.286476010682422,-0.09354932831301732,-9.218844391451336,-1.5471350101690478,0.47788527513311196,-18.93783685518453,13.879196891940468,2.8361777865334705,22.304570312879353,1.308874602901845,5.789498429846382,0.34628179290492334,7.323321473329814,-9.04716264987009,14.682562427136531,20.559114377982766,-13.613043503433136,8.487842466876897,-0.445818208952355
10,-2.650783040582887,-9.2235058275202,25.68466483113515,2.467533546110035,-4.287309810951679,4.293358231370563,9.160570681227018,0.7245940189187685,-3.6178213404882045,5.8487101341809495,-14.780272782708343,11.053757286502618,13.451613171868834,-4.891877944535407,-11.27924228561965,25.401191433453423,30.7201422608732,-16.382880989055234,-6.003864794581078,36.68652641051431
2,16.959867977351756,-7.57892943111443,21.4593475995698,2.2954847648880725,-11.92768495370629,-7.093334462602248,-3.712668865690304,5.046555129196941,1.713184017412701,0.37542348285258004,-5.356564959007704,-9.718854112679454,25.997337539860506,32.25222836082622,18.62648922067846,24.394633951153764,-3.503219971113727,-38.21345213307546,-5.5113934556037005,-4.452855781136712
6,6.8563649419810835,-0.5405874641610615,-11.70082571353614,-7.423458417954727,1.6273952175060464,-24.118129223131962,-1.731681610178641,-2.2114362707997866,-2.841384623235495,7.124464449085533,-8.697390733364218,0.45454298312767194,-2.9429043372913952,17.1295502186552,1.15971096157224,11.851355312980385,6.822533678074393,5.975353940839637,-4.454837443215261,10.38521856413681
6,26.08383249582912,-6.893757918840638,4.2831580937571605,16.218932474008234,-0.174478254318728,-17.77359600503523,0.6061941497574126,5.153742658138066,8.75841396484488,3.4825858319443883,-3.9686528533616836,1.8606855905629405,4.8316803193439135,7.272832705070851,7.024759814088083,-5.5982528518663095,7.959683896489541,6.376265242551905,-0.869695359451673,2.8605430240597087
4,11.541709201180383,-1.8093895188651183,9.04436287645751,-0.9298129022409398,0.3072268623780319,-10.912760107320153,14.63680065063087,-14.010765100330117,6.837133174235358,-10.8558380699849,5.68986215480509,1.9784690035670616,8.338783582631887,3.3137059680162055,4.6155243528333285,-1.4181513664783947,3.6496070058514203,-6.820242153562841,2.9615351438432973,9.870818442077159
8,-3.0117934121323,-5.595492730438427,-16.303172430214996,-7.929423782208527,6.8265003009900305,-4.124444836388003,-17.432742326199893,11.467572562706579,2.242926486120966,-23.586477553823737,-12.635711489351584,-9.575740327004857,-9.127049897623419,23.179034468672178,21.182600166608303,-6.8056664326713,43.224427166958506,8.327845133327367,6.738773152827896,48.10752419977071
7,9.505500878213557,-3.13312492577411,22.342126464167738,0.6407410157841831,-5.460453911968684,-9.736829103752951,-0.29650624454710794,8.946584402782564,2.63578576760931,-19.685527949703765,-12.728225353553126,-19.06602404296819,7.021191789577884,-8.530792020930093,-5.3989022238807856,6.309422416516395,-1.1347585233155075,7.158433915099461,-12.019882869293177,8.41061514399609
7,-0.25272923581493334,18.27294876190777,-2.2127107794302225,-7.689861360766799,12.739755179872553,0.5681733967076417,-3.4114495556565205,5.2293179909650505,-3.6766892684800974,2.3489058250428276,-4.524585566833044,-9.477442499044205,-7.904664361317408,47.08210440923453,-31.517680339511866,-10.544320576179485,2.2006863784255666,6.173746451524616,-42.60113704336443,-7.812390944806606
4,7.526631862616156,-5.074382198766138,-4.456995902050304,-18.62363969848236,-13.050422102144337,8.450146178086147,2.880508481534326,-11.065224862297693,-2.337630534604138,7.695480710046077,9.1932711131751,-1.5718553925260097,7.575715218915741,15.646785980058507,1.3509940977690515,-0.5781207999379476,-11.310766828312044,24.80469669202231,-5.063301627831432,1.6964863293879
9,11.541096318366138,-8.596233743989899,-4.1701258781077435,0.2498719335042523,7.3787036119166025,-1.4852546411893313,-32.8786609508043,-6.156775098253987,-9.938649307791458,1.5355345024306466,-0.8890340873540611,21.95634067371873,5.587501708832087,2.531782666430059,-1.4597008693376896,6.2167129868011255,-4.221834770036823,10.573876367606093,0.6253652379291585,0.5747980471212724
3,-0.44689017104073336,5.229671959087604,-14.508872459225088,-3.4033266301816383,-9.079363713432594,-3.1537598637630753,8.125232647353434,19.645927447239092,15.161119189244095,-4.053015857250179,-3.436291985922432,7.586835622388166,-6.494040367713097,12.426957991376703,-4.95242448969019,-4.633309211508906,14.930490203790082,-0.5067470270730776,-11.78537198507752,-3.971875382932537
2,16.523170394819815,-0.4275577815539533,-9.439186918564712,4.288799633365673,11.70686437205649,-14.202968215603704,12.078665510930419,2.3070246998783697,0.5937820492496195,2.708074283739438,-0.2598560413915305,11.580638043159867,16.758422201944196,-8.622457230537384,-8.53541883664599,1.8696045490877076,-15.69805125667557,-0.6203211494445431,6.771527183488519,-15.16913372945164
10,9.27733330901345,-1.2280235632788503,28.818227186035774,-11.650794668612743,5.660161644376867,-15.248874493864916,3.4602507693404254,4.370703052247977,4.804885111881566,-15.66191324140432,-17.059803122053488,7.603502209283921,14.269965538177857,-3.998693785040344,20.280963522713176,6.204888546906968,-9.032847972499718,-1.0282414691436115,-42.94336696608583,-3.0014916247849595
2,-25.0130218078173,-0.3861117692710141,20.351273792274128,7.765831241308671,1.4168394520634673,-5.9882370163156695,3.079958731915247,-0.9236798506570238,18.826703076431254,2.7373671978990095,-4.99219974956084,8.01672235752597,1.9864123639174995,-31.037526730739938,8.713776073390648,13.421870271880405,2.761802080645773,11.145515610020682,-8.457218577699564,2.774169930364974
1,-8.097890401129721,-4.347479252173802,-4.59955575812206,3.3000926904691323,2.3596258409692186,-17.330682723847925,2.255061125403465,-2.018903480851287,2.091272369951356,-3.123636215848832,4.605219554849998,3.965844694482818,-5.600479447788941,1.0188861840055026,-16.463582512233007,0.20869612658593972,10.10766856385223,3.374845236767326,-0.02300224340865875,-26.436055161342555
2,3.3716489162631165,4.373484302634185,-15.11645175796739,1.6206798395931796,-2.800021713219179,1.282117926867513,-5.180205798536292,0.8899753611181116,25.735843581975697,4.632846466556942,5.72263344396099,-8.879024436691,-17.722648821019423,-15.212905990482076,11.096387769405547,-13.146934016242955,7.542152878831999,24.635508199333685,-5.315592930814624,-7.397451506403266
6,2.4872570651651946,-11.614367250190956,16.485975621093804,14.207941661906037,3.889644042074657,-7.554802060975122,10.579606169934609,0.5861413602066912,-3.312925628353014,14.596408576912154,-11.751138536881207,1.8529824947350595,7.63257024114654,9.682017760818987,5.5007175113556315,9.375322078776161,14.18227729826241,23.532482329879937,7.354794256569493,-12.502590214992347
1,-7.779160926839152,-1.6260016004819728,15.142920231258927,-4.260098585879973,-7.503932273404429,-0.08676455833197716,-4.567031033607789,-0.8615196292178275,-9.89139533365044,-11.565049312690041,-5.573040046587253,4.415648622879537,-2.6322234464397414,-14.577723907541143,-0.13156316493626308,-13.349971361313077,-20.154992222026515,3.6966913601123026,6.867175380137793,-23.014031223793157
2,-2.9785351560551723,-4.1959360703704895,0.8346662755508163,-5.796516931007938,7.865731938414076,13.38885555376508,1.5201026247344258,3.200334427502189,13.515232393798353,-3.7919666746455785,-1.8858863880351844,20.69704679471165,29.281598309064826,-2.149789583712081,15.85616410410202,-1.8615969544318496,6.513797139548083,4.183976979351094,4.479949346207738,0.21206971915875217
7,-1.7925430510559863,-6.705494063072424,10.54354021209658,-3.458594478132553,20.001679549148907,17.730435537538273,-5.16054878301456,1.4920787846353978,1.543620602240349,-2.0914621126997632,1.5450177907977878,32.65164048158818,8.266957229917194,-1.4387582435387622,-6.148805934815692,7.08719305439611,5.05271155605043,-13.03011167577874,-9.719930937936498,-7.631801799749231
7,17.158796776759743,-10.061306360464025,-7.929787752181083,4.539934860595877,2.4898114783392917,-4.856384468694092,3.421941704455342,-29.75601905204588,-0.8792775252576321,20.263597309361653,6.634512910194817,-7.860459521579426,-9.94366335185583,17.16586665372719,0.6792985468479432,12.43656423276099,7.5423994632431945,10.178575959150074,-17.680785702310846,-3.9433103997461805
8,-16.943465949792877,-20.959339085434838,-26.72685979633018,25.205280497355947,-2.966957704934907,1.113852672655308,20.212937160296057,18.79490318632549,-9.793653695753513,-6.721887025176292,11.968288118543077,5.5487584242426715,-11.387479182577064,10.191279320068658,7.6092849665701765,2.38732673347513,35.21258845603833,-0.6943214387284846,15.757417894758435,23.83753411879929
9,10.602476936184601,-10.843457614818895,-4.718488779201726,1.9206495998662243,9.088473146366201,-8.145836608839732,-10.517384379935594,-8.072761383242575,7.005608993404,0.06738195533887151,-2.4892564566029587,-0.6675760902842522,8.597419849976504,-2.8143304053991645,9.034564190070126,9.876816591165005,16.24898447246383,-21.601749072088676,-20.016166697982776,-8.65197051564347
10,35.5289860692252,31.837249442575057,-55.59566503398959,23.722395624179942,23.478139318118103,28.36651213989942,-18.819988908273736,3.9812859034527595,4.0156814917957115,-2.2990205901671077,-18.83387619741711,22.569495876466974,13.9152852570293,-2.87417355529627,26.830580850950643,-9.914659345897576,57.612556206249785,1.7413005321845825,9.13088859429339,17.31620905585538
8,7.610615928923713,25.050373288215752,-13.825703039124651,-1.4304940605610978,-2.5800092080455452,-3.549366063254289,-1.5086896216289791,-4.998645777177114,2.0746233741826896,0.06008346317155755,11.267597027039407,-0.1571504814722633,3.359881325376284,6.6727825273008765,22.259472350338893,-11.100708796970025,-18.257493072379198,8.861182231851744,8.394842116471272,-41.4129009216645
10,-11.076542738741452,8.718097515835208,42.5337429045815,-11.552883070433198,24.93011296069419,2.8223788167728734,6.83045111387599,10.514175768080062,-4.20948380069227,12.496922704426163,-24.126090175975094,-1.0397150176208518,-9.990462208637123,-5.680979069228921,0.48300621845261305,8.458960679407532,-2.0949302314413965,-5.905333496461736,-38.640763091217146,8.496361776002827
1,-11.637051834116896,-2.2987004001503353,-11.256324954448228,1.157758005489789,3.398434415385533,-4.837934271930672,-16.01478733827984,2.341658015970305,-6.397462626990277,2.0491615923806714,-4.050187221320605,-11.985270850931165,-8.554254279949197,6.559691894795222,11.334428311173275,-1.2118148321843645,-17.291274421630856,-3.4534492914899473,-0.35492201749207863,-11.542334830845732
3,11.45489381382199,-0.16559479025045354,-15.854530986523462,-24.342366013097717,2.665539643512174,1.020099172163835,10.371353385407254,6.435479817858148,4.363198404448426,-9.332406406651577,-8.678547528113691,13.774072828071521,-3.4956548156614917,5.334683219557327,12.863866595252203,-17.706977009995505,21.9818005178872,5.759839946580995,-4.111870531511879,18.52202945335272
8,6.95598792266436,-2.692155259344014,-24.2748237303384,-10.930205179318786,7.981743373961668,-7.76558746581718,-1.0159279967558015,6.633700405593972,-7.297137285908219,19.79316757961347,8.230770031582358,2.915704877776204,20.15021686291289,-9.30453583862279,3.558414663182428,-6.0672897806115,0.1396274533764994,2.6475914843317274,0.9061383961746134,-38.90339555511076
2,3.558737872839303,-6.534246350635522,3.2945009809648225,-2.6989806045449716,-8.972535204496992,-3.5896634907178093,6.705055199354019,2.4760755828927774,3.805370841149312,-2.573087367773747,-0.9054316886885956,-13.040301898740722,20.0718565462317,19.26782288702667,-5.392812703667093,-9.84845656433308,11.688527832846312,32.21086420013016,0.436315267460731,19.25554012098606
1,-8.92364000939309,-6.328682561642998,5.379886747998922,-3.33803186724517,4.498364323108487,-23.121545698036638,7.403467998332903,1.6713998237602805,-5.521122220923641,2.034643015742457,-10.056091824087332,-5.4485845770308625,-20.015137847393852,-6.046414943975414,-6.687599459921386,-3.8198520294973473,2.959812320152854,-4.625025147296402,-11.352628999106754,25.905885325447336
10,-19.76408282132353,-4.063926825591151,-8.45189097334898,16.346903189050753,-17.94419554292135,-21.502768692970815,11.7855252000269,-5.066864506101122,-1.0315727571279694,-0.8201984057016909,-20.457320415556783,-0.5047695742839624,13.11716030381503,-5.36000845367411,2.3402434557581557,2.3864529094030678,13.699101148776323,8.567728806249015,6.001893171861743,-16.024846631981795
7,-6.53156223579642,-26.617569137937988,-0.35097534703057875,-15.25127088898456,22.20076497159654,-33.63411239867158,-3.8545273700132463,7.968237640557554,7.798397800608103,-27.73625955656685,0.6634539191241737,-6.625443161478656,-12.418321730026078,0.009010190612995794,11.191208582489129,5.466554447979051,-1.0356112547646648,4.460745642212059,-13.331873833179284,8.604856193082899
5,7.593713964734741,-20.083873913518666,8.00596437142575,-18.376964826614863,-0.6841545873344472,-2.3190535955057823,7.293544036550074,-14.091670686960061,0.4965129708571312,5.782013564360843,18.401784913556074,-5.2727314620325565,-3.2179564311612583,-0.635854937890685,-8.024569236000117,-1.8688829178877793,6.470550976574719,11.587283789675189,-10.86234823937651,1.786445216275712
9,6.6649572938981265,-3.749255771073736,4.444850746458608,3.267866145472664,-7.432630760367781,3.232177742738633,-29.58001942708628,-2.999623700809686,-7.6271809505811685,-9.741337755388875,-1.1007505824515138,20.91850215587793,2.6664717630905246,4.493202652263192,14.8153613656657,-3.6597771341105942,1.585925885742206,-0.7348831201768289,-18.20241174552985,-2.44965540520666
4,29.665287653782777,3.171432109548989,4.570565897606003,-5.3560006494948755,19.022742974673452,3.8420642555538462,5.718881203885377,21.58079808467412,-1.4202511751580826,-1.2335759229232184,-7.972331554596761,-2.101945434756768,-19.67921793020459,-22.7450194966147,8.571630399200924,-2.3012161130421953,-30.0514557136104,-1.7992701967794105,5.135011576617195,0.6888996929748412
6,5.299827483364154,-7.141766501883147,-7.042660071555203,8.95406239034709,-0.5726438610291726,-38.11780530312974,-14.977208490695265,-4.084067844891334,0.9551184107542285,14.951485894937518,-8.52905620363916,2.2746074330022346,-7.1453061388600485,3.0106133045555348,-7.95801971246787,-2.9396582256102897,5.819538024524444,4.9297328266980855,1.364389653995157,16.667512949122358
2,-6.939996329112702,7.097434203930089,9.194096380821302,-3.5050709253170527,-2.876339651821165,18.514075543483617,8.381218441176687,-0.09505638182562492,14.121590663323452,2.3087085346050804,-3.3084986756379253,11.932690145357537,11.472480418839638,9.048597352866814,20.843439659729604,21.872645002817805,11.417199846199598,2.4073962330283116,1.5668931971863496,-5.999253022661906
1,6.87296196842393,-2.590830529226227,13.768578027696291,3.698790325721238,1.9147029227204277,11.782346843166078,-5.393643159929732,10.247795814207631,-4.597286874720881,0.6502939589206944,-11.113855142677819,-7.371764819991949,12.998286520280084,24.878532664362606,2.2290880676059737,-10.953463225058105,-1.142518137418353,12.684565140566933,-18.788804479077704,-5.903328693541665
6,-11.207040717907693,-7.248966059862502,15.275837597962015,-1.4756626959901809,0.8029691677139694,-37.59569176900159,6.034945000348644,-4.040180534224774,1.347967058059673,-37.39660200845739,-3.2254502787830344,2.896602241390672,16.709097844922873,-14.34864271585196,3.012301417682175,11.474240913542614,16.51145927844449,44.664076898925785,-6.846043760742406,-19.009322514580255
9,-12.474652988771755,-5.027778091566735,3.295920355500569,-8.663529106967486,3.7771966765098415,-4.11850940983764,-30.589046860276767,-10.643283740361852,10.687283733680209,1.1518817679577833,1.5111761469111644,-1.58339243573366,5.41393693927435,20.950641610351003,2.837374089162119,5.310457483097959,-10.345560895015225,12.780252077716243,-9.642762806112804,-7.121233145839577
4,-6.264136888911443,-0.42038315744665944,23.523712245157686,-20.850202098680956,-16.720775671855648,8.167975146619469,-6.978243861937203,-8.44379841770714,3.232546918589103,17.208029688781124,-1.4369027989633194,13.99864139729808,1.5760077901520158,-12.687423507564326,-11.440350742253242,4.797138709081061,-2.6137340270723355,46.13059060833102,7.393699123974337,2.971613614556344
2,3.947937690160492,8.958769416800083,17.729922983145194,10.201767149013227,-4.666777803961802,27.36653307971262,3.6968932657539524,13.886154202359494,15.179247831916737,-5.075405258773169,3.9320717040257858,-3.6823731899869254,-11.746939657257307,-2.872822575029185,9.945576576247277,-1.7861636821635622,16.293970731370266,21.72034029652716,-3.201618233854995,11.507448222172991
4,5.484784562176716,-0.18525603172070548,6.192571239865149,10.306120661594115,22.39304722517336,10.738562380359504,-5.173276633433208,2.8663757644489927,25.38479771268887,2.8347246187815167,0.0328368574704333,-8.53138909529373,-3.2381548263617583,-10.716534603373894,21.860387565025245,3.5057254032444516,15.052012648559835,2.850807632228199,-4.387823888266288,2.7706636975184997
3,10.341540976407144,-3.3956268987810247,-1.746023634003504,-2.7383065311271864,-22.839544367431614,-4.841367231707198,-13.604663257360745,-2.175375045971977,19.641404316367392,-3.9184703894687467,-0.5025392898154587,0.6909517360206725,-12.413726245625872,6.77358253631497,10.035995032113549,11.280759298045043,8.076837124169272,-3.335795030186053,-0.20084871542469762,2.1851918470079266
2,1.239805729287262,-3.629195923967417,-4.541027740839295,3.4839834874623086,3.404638441813111,18.819492669077242,0.16473919257379444,1.3934499673289786,7.686881893467106,3.3605378135998105,2.764246809530821,1.3322196682737548,4.126035315414494,7.146372586568795,7.490283325166816,-0.7989029789597435,2.6057770085776455,-11.597789823563273,4.085735224908361,-6.694373034588285
2,18.291943906127056,4.181214486535013,-0.07270962121785818,6.501105073518305,-7.718391544627367,17.251443157913236,7.529833598216386,1.5600351929161875,22.751352568871074,-4.468822541591354,0.9480103909313944,-11.090149544657404,6.268848538237394,-11.596695110939843,7.745188943813605,5.1695285526201395,-6.546867749825474,-8.57727045498715,11.39754432253644,-14.451223531845962
2,11.675128368143103,5.963022865240894,-6.926855030758645,0.7074332646117538,-10.413917850733089,7.296254452802534,-11.933709779608726,-8.33734347231779,21.486309449754028,-1.444338720445925,-6.011180912977028,-9.337977957793047,18.515975961407257,2.1381558765782853,-22.631410611740115,27.042937939988757,-3.231006371444855,21.062949046633562,4.9519425874973155,1.1540146408913454
7,17.66981448183465,-8.167249373919459,3.9527653766150217,-2.4060175480656367,-11.510415546666266,-0.18712048959010552,-5.389940760203057,2.0000481851456,-3.648992503455104,5.192671657364702,-17.845412572537892,6.780482887298268,7.572721271493249,25.261371313144885,-0.009565325622196197,2.330910247523515,9.817010619358076,5.188926010743554,-24.08068707606072,-3.6920285569005564
4,-9.290785942146115,-10.893787168634052,4.77747314367901,-9.368420845396242,0.33043680277875,11.461359650847031,4.14337960969678,-18.924410098456505,-22.735052024869884,5.278174570549915,3.469404011512783,-3.2393481840442453,23.4951701282752,-9.326593555256323,0.0035840661545596397,-7.554114875296084,-3.0144096565243963,16.410687890978444,-2.8323742703752637,3.5801947699121985
6,17.418831299634327,9.081352808683608,-1.341001155512408,1.0111098599596824,2.8906640478715135,-26.33621278805841,-3.0991629636915357,-3.8817465551417283,-0.8555681586872081,-13.247980924587926,-8.134580787186014,1.3803577954057982,2.2838665664189577,0.3802692269390756,5.70807288528635,0.45240066736974915,-3.3956339370693716,5.014831636439855,-0.904881202065724,-4.289597311454021
3,7.520993667586255,36.42699114329347,-4.967741548643416,-27.996684569348123,11.735719059854514,0.35665286955040165,-0.16111337992998365,5.888327472561065,0.7984638195522313,0.6022047706619595,5.0886487493237444,0.8035936507020501,0.5072462369929811,-3.426277137029033,0.7252014592397641,2.223084915071417,-29.955623300502502,-4.819316552535462,20.148007605436526,15.469273597794398
10,-3.068495517233151,13.330236021508776,39.69190044092631,34.59362698016467,-12.954549258721464,47.16033075303995,14.8607106503373,-4.383330527423305,6.661193656445397,-8.430316335978434,-17.31041601344952,4.996817246976654,21.873634724982022,-9.717436192451624,3.3686665475296227,18.97143822611921,-3.088491054664538,-0.09338390102120275,-17.412804297069393,5.097967014713642
7,10.011154169580013,7.555842190424906,-5.421847664674328,-14.950883216596281,-13.741815383754103,-3.859396561259862,5.23249935060506,-4.521547181212215,-4.27127468402556,18.618686535508218,4.021981544065681,14.142618546647885,-3.84470206733847,10.403545487084768,0.3979218108831068,5.188132909345603,8.095506662311259,-0.057737680669619484,-22.832623004926653,9.0211114446012
10,10.036648900193606,-16.53462231045938,-12.673913404762747,18.3947270519965,22.981888095663372,-1.7177730772668318,8.905606673560198,-15.714838769145185,2.451111077431246,16.708274154952246,-22.546206807959805,0.3960135908575353,-15.499408630267613,-19.083180410836093,-0.6206039435521107,36.8203690946994,18.954991679638848,28.12710850397305,39.5738197628052,14.122830313681845
3,15.212949150614229,3.822797588818376,23.696165008762296,-23.211949086529224,16.986227831146294,6.624817612906755,-5.249276217109969,4.140203652705978,-0.20431600860955879,-3.0302826996893972,10.662898663871362,-11.980839527952217,4.468245113574831,2.3362016232547527,9.591257755927483,14.368900468618094,-7.070488622195767,9.782350287736275,25.921916983752816,0.8661138548408303
1,-0.2869356416260944,0.6471019668952014,4.276866811326986,4.8894062007627,-4.622435648862239,-5.98321487528418,5.337694770502887,-15.597897644325222,-10.196239736320816,6.208823492459552,-5.068611138880334,-11.386427863897454,15.06529011379543,14.287531237945062,2.756074061317109,-10.751747099994173,-12.661430899957658,-14.474631235120352,-9.150747389708714,-20.52638657977316
3,12.567589102964234,4.49304932872192,3.2044046212648216,-26.113984303960457,-17.052494252745372,5.0957617432891595,-8.269454036154363,-13.792606754215903,0.012450837813644755,-4.56173641326931,15.030345161477795,7.707829016475744,9.533096906679727,2.697643513083646,11.36684194533544,3.3298610276842275,-8.296425525779618,1.0118649899599252,18.757737168504526,22.80687639544725
5,4.754579730473271,-14.705539006516503,-3.9324439263475592,-29.166437127851825,4.020798951806238,23.143057536188966,-14.20301734889948,-6.817418703396029,-2.9690450786972056,-1.2589136536333287,10.863110226906954,2.283675969202801,8.031663258249091,-9.169026712221772,25.62448579748394,9.465636235910889,12.657674541790428,-2.5985160400355127,13.935357065793228,21.758116687107687
7,11.576116275547296,4.652977620938243,-1.2559615443777294,0.7252618717716803,-4.63227432526891,-18.110186165390893,10.155309891570832,-16.017300355570754,7.688218429235922,-27.788499138167616,-21.686468880817735,-3.3361649105781765,11.258492979147295,-18.35251641250231,24.362518367915243,-1.7020112350859136,10.6012654782508,1.1387760138820302,-47.01390231285705,-13.51160366660313
8,-5.733696923347435,12.227405597663328,-15.94129146375982,14.930380707458031,2.238394110535012,2.56846438097991,-2.778251477497868,11.843723587447906,14.25672306035445,-0.09188576863292969,-23.892161762639937,-10.23848870614695,15.905890596651858,15.259738572755179,2.4930859647126757,6.116766577170193,-11.122980216847846,-2.7903827745779775,-11.005249281203724,35.988517953118844
6,-2.785647535399729,-12.722751144445047,-3.572383236196571,13.830616225801496,-1.0284703074553092,-22.256212725396505,6.921848506519254,-3.630901948836602,2.689554469366824,3.256222141836651,3.0397698797057453,5.04482428588818,7.558455473633799,6.418627237690478,5.348254120770217,4.443021172066758,7.912533931001112,5.8096121143241835,-10.902393055392944,0.8595071916931327
4,27.636310611619123,10.631655159400225,5.737408066233219,-11.650682199246699,-16.47027563551131,0.34671242263212476,11.92105483132904,-17.436134600442447,8.62370769414297,5.68336344505944,-0.2893687097881304,8.98176516883299,-2.7313372568989998,-21.772930363328786,-4.639147576412678,8.744859823301653,-0.9823549526272375,-11.692344779593016,0.1745943404002488,13.160935642743723
8,-5.865005082349188,15.815969692722241,-22.80245575416714,-10.6279669569335,5.764141716168055,11.938434659854007,2.681763218696633,-27.686212409164824,-3.1955186944461644,-6.318781325907039,11.880648741628903,-7.133604880327233,-20.513496250312627,-5.968176292151899,-16.880700560247906,26.742477695295676,13.148057916328295,8.756083404490898,-21.721957072645218,16.821186237982516
3,-3.5076067690989703,7.759433524701351,-8.506392673142784,-11.94804166753312,-18.180314214914954,24.65220056314339,13.080324449399312,2.6410129919648724,0.6028472913134033,0.16891813954270044,26.766005846093023,15.830993726773029,10.662573100915305,-1.9945073244854665,12.0793373678438,-2.5928646139286977,29.14397263204124,-2.2342455721489047,-6.666363637402853,-19.451829512861575
7,12.51742580715915,17.690343551456035,-1.9924404002057492,-9.011530985258448,6.270590319910787,-23.294337249609125,4.263625534762932,11.4158627146662,-3.9959141582371975,-5.126649297376944,-0.19483543974934153,-33.85390208957233,10.693589745003578,13.552578430180446,0.5912931279839876,-2.8686625781499506,0.5877625431531202,-20.30750257489737,-16.458500093824224,-0.7107703406734744
10,51.20167427749915,-20.793435637372035,1.9952575628528164,-18.420292180736716,17.35460295810589,11.947256237586632,-4.956714242414961,-4.51594410356583,6.034307209928425,7.208549423459646,-19.13975494934506,6.090527798060881,-11.345178340068664,-18.01531386189708,22.339156720963107,6.13599208125823,26.47587955925848,-15.408950945913364,9.19132295774733,10.551855547106102
8,0.15523717511821644,15.108954120257373,-21.545304390091086,11.849244065245209,-20.51561337197151,-2.938199757880268,-0.6836043406367669,15.823156547611434,-3.304333062970116,-19.066411088996556,18.199791292730414,-1.2492096654634466,5.793903697420021,8.83083968434176,-0.6883621438767611,7.9335631196281025,24.714211584912167,10.31590045548989,-7.942877555394517,4.298166302571824
5,13.019893032810895,-25.07591207751979,1.6830417222616996,-10.97514451684836,-4.2432933991312645,-1.5302993371262765,12.749940799423152,17.02184866443809,4.462854423305384,11.9673832683322,6.307372567278386,4.8879303477684015,-1.7553937750241482,1.931273485721864,18.045866298791292,8.844156326321693,11.185921767468145,-7.3553168031654135,-19.76628454953039,2.9948591153429858
8,41.64252799541214,-8.218344826297974,-24.675707525238558,-2.632059644710168,-1.6573126794591166,6.56985627622065,-4.446272302826833,-10.453388101104476,-29.52024494138611,23.737018585298326,-12.37849362407444,4.96687766876483,9.717017101066396,-14.16321552195377,-3.9069600440656975,17.20618664801171,12.376083240578035,-12.89566299813385,6.449593257796526,-30.088373241390514
1,26.400793880552033,-0.08708310349629755,-8.232401492714388,0.35078343500195874,10.820057662176445,-2.8884027468015296,-1.9185100262594228,-37.73568057826844,11.577631405546818,-6.328783773192959,13.106568727441598,-2.8580384559049805,-4.084495063605756,4.363237510417411,-0.9396010957267418,-1.1270706844468155,-2.467830924221174,-25.42222186527269,-5.329724551364452,-12.455708106638097
10,17.773412435501548,-37.77394200193198,-43.104139780456066,22.937885022291375,3.7837899652820055,38.33161282959874,2.758919508738792,-6.280360540640366,9.104534527769035,8.54146278196851,-24.01587841059096,5.641104211898961,7.527621381911783,30.000779139686053,-10.594081327854628,7.7285419243382485,-31.099292701011954,40.10352693331508,6.655099611540145,-25.453645467546988
10,39.83401727108928,-5.483323586954362,-22.482235674688265,1.5019113192208575,2.3873058087326604,-11.454744732808551,-7.138928708751522,-5.07500326456067,4.111995336322335,7.450511472374317,-24.459102005179947,15.832643890681624,23.133387637806788,-10.347144967839494,73.62080388083027,0.38082055054969777,29.48743843589177,14.805096226768406,-12.368028505539524,18.744288103046387
1,-8.616871257761787,-7.739234017390244,-6.3848834339236005,5.7049434275465,6.680429129230418,-14.206356903333543,-7.761485616141788,6.308827299017766,-8.26603635733927,-6.0044041757746935,5.636235500790705,1.3679418203085691,-4.5512223961988365,-8.84917126972752,0.012480028970015766,-11.780381131904022,-11.415578957038052,4.266537002563526,6.040044148660744,15.628365546654589
10,-21.27600614266351,-6.879219277640864,-19.62531469864237,1.6539142020282451,-1.8509928737360952,-20.967533986221078,-12.908016504926922,9.038010989461181,-4.778045210182459,6.860461329271006,-19.011505785079244,-7.879365198587209,25.091237265787406,19.197661292112215,-8.035751981025916,31.880977557893754,9.553853795381446,5.333979988680234,-19.431015629641617,-5.525375709018659
10,-12.942085557847445,4.484120927119064,-7.674274869364787,-5.84312586836568,15.915343430803853,7.7172940493893005,-4.4268018244787255,-8.506962603241744,-2.4931268193825322,2.5027718824073553,-9.098627716738141,-0.543951035283021,-4.246640131668676,6.550269131193261,-19.482855549500346,-4.119556153223568,-12.360622881178786,-7.383100782195746,15.23283498314121,-1.5843556052935244
9,10.857884403468175,7.6025695615549775,4.532441359091811,-4.709861733534868,15.543948941217053,0.25863213294502385,-30.17059875585386,-1.8886389792698757,1.9773978764939877,-0.00036866669887325454,3.2582742889954823,0.834970678300497,-5.407923566665397,0.5433548320336933,6.294542918651493,9.528543586069528,17.27205644496806,-4.760478055684063,-6.238909513843989,13.835935573782608
7,3.004500992400933,-18.379920733839317,-30.254273206889742,-8.420441830330907,4.853681206612456,1.7230716065751395,0.6588837267722254,-3.258755503664723,-3.1840229785709555,-4.828058361231507,-1.2556773063772313,-1.6068465727383392,-0.034764654376239434,0.5172969964154657,31.31957956817174,4.424865130025971,1.500303850560174,13.771687219808344,-22.83454456181247,-0.03678556278116751
7,6.315506194852909,-9.046255039216929,-6.6931958370791715,-10.028184217661467,-3.5508247106943847,0.33064247326905294,0.5656064309278571,8.230292548560204,9.612663238779895,-9.166291990710766,3.3759268660693755,-26.012108792509775,0.11896120430727386,-2.221817419465358,9.699013567945157,5.026512112866138,4.556547881710962,-6.051126647517992,-12.174330346939744,25.710401918360695
5,-1.1189321650242459,-26.0575577731037,-1.2378196497118938,-2.2471166268575864,2.4011426099479185,0.33965643355130415,-3.793575214825503,-3.7287740066355846,22.63053084029888,14.603907838612587,-10.695487074564904,2.9536853328730803,4.929576386906841,-2.440239660401696,-1.564924874203048,5.613523643112691,9.366481639202572,35.12473835241721,-0.08115915620010827,-3.779359295794725
5,-11.87490200265827,-22.298510493289164,-5.024112040370609,16.483946542237547,-0.5939883987462544,4.1696842755337356,-29.71548921730688,4.453895299711348,0.22115004180103792,-17.182395591035245,3.0614018313668363,-3.0620957030266402,-1.8406587222094362,4.475501611267797,-5.769291748552784,-5.100680028810321,-8.601079191207628,-8.27308080914226,1.3760551630070093,1.3480920368550666
2,-10.568224827253843,-3.360473882512862,5.9899232058917224,9.599591389955517,9.207452523656785,10.384373692090422,8.892852110898245,12.036121984011633,13.420240050222077,0.9560143603851752,-0.13299978572454252,8.94000059330957,6.170524719540457,-3.738006211323221,2.2020723748891085,0.26053936603575156,3.7605005059726713,14.151546367196458,-5.812376406222336,15.786288058460556
5,-6.1213468305607925,-6.7975450753743,-7.59062681171288,11.412509453100398,-3.44543366034338,2.320002004409153,-4.520601906823679,-2.575015410676744,26.814691858271058,5.508188794306239,-3.953674869494373,6.128663620584163,-1.4712969520572976,7.1180405968180365,-23.420397971871857,6.614900657048353,5.4458037586832475,-12.373664879536758,1.8484844246449543,6.907935084835607
6,4.286252187493431,-10.87094831493941,9.404487957976276,-21.424961083999857,5.677701073002504,-26.166455138325066,-32.39391904166033,-4.679538340271606,2.38919967062916,5.443546093193685,1.5507329066183484,3.0903279218177495,12.887911769127943,7.7557621862193376,-6.551545572125656,8.083108779674564,4.244105991456835,29.21721903283818,-7.895202475450441,0.10374064223258328
5,-1.1302306359693475,-17.30462776331118,-1.0425948436139114,22.605022897292976,-5.926829666691768,-11.145607053607616,0.1887061397530072,18.252577541994466,7.021383984931337,-0.35853982946467783,1.5730190118043421,-0.4234107679565198,14.581542194840205,1.5246809077354015,5.450804352950349,5.239379062254017,-2.2246788123218035,12.67334705876986,-4.9713799627357504,10.746436629373099
9,-3.7339761795509467,-11.03553289189509,-3.3767038171324724,-18.51496872511672,1.3227352624175976,-1.2610998477505966,-27.95669845550092,-6.68888561875046,2.6898708763648593,-16.341385484052854,3.0232522197120666,0.5399870102344391,0.9573580502537873,8.989503740446466,2.4321454303764636,12.324887130235975,2.1724541535352317,0.3325168760284123,4.5900235542272725,-17.855456471989736
5,8.619488022102951,-32.46361473575287,3.4882389634743554,3.8550930971221957,0.9023352865802943,1.991401210148859,2.7458993819479893,6.63361856503768,17.343020587038875,-20.966565497223854,22.199081852758653,9.109316216068484,-0.8760107969019075,-0.4549770018645234,17.14075936439884,9.376305601922144,-4.619733375214027,-0.7837466679785288,12.759880712186483,11.050584250565887
6,-3.556836217623223,-4.684823669025334,6.712589219845202,-10.750262415556149,-5.741262793593402,-14.144175928067217,-4.566871621117967,-2.7863296036401137,-3.3075082055909286,-10.508512516951587,1.0199651510476182,1.2922569127433552,13.458847229757698,2.447969816738951,6.783454862540353,7.749118388287425,6.442039317272888,-21.80564453090162,2.794139643984156,22.422406710558832
10,22.28633403877061,13.94466454440389,-3.498508005008386,10.47303353420314,-42.28534509628926,33.894636188961684,-3.643742263936613,-13.104627306883572,2.1619020500284707,18.031451001391225,-31.420448640496826,8.04782970720485,13.118246189529044,13.98883345122374,-6.376852971771429,18.173002449397348,22.184024163566722,9.288301152121988,10.036923421828584,0.28290669857336437
6,12.748610019345435,-2.0216104696515207,-4.2086105588434455,-19.586234586588496,-3.7302557291216045,-2.3865135893537506,2.5005138311301733,-5.9170356442963445,5.012568112574011,-0.1746140222212376,-7.19460623172945,1.182028106066936,1.53593562815802,-0.8971243731954188,5.879135812217352,-16.14148224535166,-0.5764908840725314,-13.758172811874392,3.953121606189898,15.12419346505195
5,12.740094818361282,-20.416825148716555,-1.0063763477207173,-8.814600329806098,1.638458844408992,-4.846705346198382,2.370717641418696,25.72456974499893,4.934701338268863,10.57135087984467,19.912900282184626,-1.1289958547992738,6.228716987370174,5.1835006400395685,-10.26704073165482,-1.9589273789984798,-7.933295837497629,-0.0042102670514392315,16.22896483173695,6.310318288222986
7,27.103069678884047,11.859099641683056,5.836044207687529,-8.831358234516895,-17.50412232634179,-18.245100226406308,-0.5256073794557051,-19.914473376471292,2.0182735637124907,26.761345870639534,-4.676975939184281,-29.903978083655307,6.163183878350194,-1.364865430397107,0.5894826415870646,-0.23476359512606715,-0.1635627054088573,-8.920344451644521,-16.063469205638306,16.38451318614771
6,-2.541720739924166,-7.971058149637074,-4.807925696679915,-20.667478601221713,4.76750957817086,-12.68162965305952,1.827518087150061,-9.159943583284381,-2.996262168511958,-8.948197040051094,-4.35345731141076,1.826610234132272,4.94154457997529,-3.7323036040548496,0.7684794419806742,24.025639152307885,0.4751140968922858,5.863340771098381,3.127941950492106,2.4504844872827527
1,-12.589349277315284,-1.0864987401816464,0.35626089387389137,6.085608793058038,-7.0712912009963995,14.375096437813987,-9.52499491649243,6.63217253286307,-10.563909583170533,2.108600542246755,-6.999967479858882,-3.064117513474776,-30.614256005123913,-6.2627246717686695,-1.767453671353406,-3.6655778499819545,-16.89817632353244,-9.922122816367068,3.936312014972177,-1.791672212436981
3,10.396553428517002,23.037113106266847,-12.864270275871993,-35.541643301766356,5.945031001480466,7.390764410888982,-7.069540960936031,-2.684566845790119,10.760652060249893,-2.131730004334531,16.660761198366192,-17.96904237788896,-16.963944318951032,4.256229261127368,41.875702157175944,11.205602444229637,-28.428021232368703,3.319829284730265,13.965946247716374,39.37408377674407
10,4.848633525969111,-2.196855854261159,-20.401544992718186,-5.977888334002839,-11.819275724699702,-29.028957462909514,4.090639419278939,7.854220263136713,2.7363433969886,-0.3498958819323843,-24.479618054277342,-10.964581112714638,-26.78661920819961,1.0508580269729526,7.205641334402674,0.8840491149367442,26.47899139723015,7.992651767240522,24.1778352454795,-2.491048815687029
3,6.4910488093973955,-0.6553555079263029,-18.521469066540377,-31.077544561677932,0.9870755505993324,-3.036569143140154,40.243012340454094,5.800441013933888,-4.513785652164874,-1.3267953773422898,-6.543418897597131,23.368487345059467,-12.343048476015165,-5.435095842476795,-10.149418389473107,-3.1571759121601266,-6.482667994247753,4.3962928848708085,11.433481163377492,3.7742484014705737
1,-7.301142721633956,-3.142065698930608,0.26642517915675357,-9.737576697787622,17.294453380190212,9.257079609278978,13.930242221884248,6.042462718096848,-7.344136339133188,-5.7663304588134805,12.850443629989767,-2.680326471959349,3.79606842523337,-33.65902614432009,2.966982212117712,-15.333957564877014,-9.942243651942892,-11.017952454039259,5.2536211140446625,3.0362990426172125
2,18.482084992702102,7.019369962560365,-7.903729780390998,-17.535272784407894,-26.11554880344703,-21.290770233233097,-9.217848494081993,18.602404088767216,7.424905828175215,-2.890672710147061,-5.783888232179051,7.696236630113459,-0.7504603030230954,-16.519197266793416,-7.391234248444111,3.944016647315498,19.012027371218135,-7.254755537248203,-8.779881323163291,1.5360070396829038
2,5.6653743722977925,5.535571012234248,20.39224761023851,-0.054214358454562905,-1.0830103364424595,-6.419843635577105,-0.30019786901880874,-0.3337847391911648,1.1927597679456077,3.9841835973281072,8.942547731324169,2.7404401138734906,2.3756250025774994,19.828425063771967,19.443598157263953,-17.655542847098847,-1.8263520049205386,18.290518471759814,7.452436941493987,-12.490089342992384
7,-3.367937435831884,-6.522395327037009,11.18815357193278,-3.530019967771138,-16.697615289997177,15.263739506618823,0.6405091111068872,0.2701273160980313,-4.037585770357133,-7.840999490372579,-8.31248667394785,3.4409374615976835,14.616876520965329,10.864093388473254,-20.276146537461486,-6.277213946528876,1.2695082931029065,-0.21609302926616802,-4.19064740583938,-2.1253897737196406
4,1.7629625954721933,3.1209915412420406,-13.725539208919844,-3.814322008039445,2.152759089108794,4.824071346288674,5.10046294967165,-4.757070289776287,4.374840724214351,-18.220916017582052,8.25806780273996,-16.478186779250148,-23.623291314714997,2.151053840802273,2.2884031472738275,7.258687857680087,14.77660856397491,-1.9976689997786226,5.568874428662837,6.887664246576715
6,13.281929751337655,-11.901769808481507,1.424467308493637,-9.928051298711956,4.513212623181827,-59.28734592166215,-5.757491392970888,-6.387979244469515,1.6354149569898004,16.514219022414633,-14.264880712137291,3.2072509910720717,4.566536878975097,17.45528693726513,-1.0830796419944209,-3.2014238883063384,1.3400024334003142,-17.397552587414687,-6.096537335960125,14.786460525858367
2,1.205425449418306,-3.3518178152073683,-1.219464642668475,-0.6607679679108496,-0.48433159045479357,32.8133647909776,6.5412822738812455,7.69580125601358,10.39759378081493,-3.1020989119848954,3.4946616426029076,11.478112042511972,-9.73573773236151,12.436034653400569,4.981686345515945,20.585397342114018,1.2592328783850872,-19.10346426002839,-8.731283293123454,10.871114641864896
10,-17.072292811326125,-19.914435740260146,-6.783193143596757,-0.6792783389641137,2.1107299719853803,-21.77415917401453,-36.90302764429944,13.070088469803174,-2.1233301713815407,7.11211671705186,-30.22946899513658,-1.315921272488514,8.722029853505822,7.524851946679096,-24.064105822588544,-11.113038213750702,2.194432304594648,11.458392136129447,-20.293021895790318,8.97829882799909
9,11.406668535148476,-21.176295704992295,-12.107175706496516,6.650567930808269,3.8203844249786765,3.0243674898305266,-8.3253648917025,-9.654018281171817,25.705252117331696,13.22397005161388,3.847047976952926,9.343660234572468,-3.7147245605797403,-0.9602184606875435,-15.950741761884526,8.205187412028936,-1.0813296040983147,9.434944534340127,6.985304163701667,17.96176797203183
1,0.15240550554597232,0.8569884105590497,20.346755868532245,2.352020620381736,-5.836457373642513,-10.507808449081178,6.441546597079726,-5.481832879349744,-11.54821658439446,17.698374874171147,7.115127353687338,-7.324709277817936,-5.525950792135542,4.447593346380508,-7.284291530105993,-1.5481597449275641,3.123256597898874,-4.230552742501168,6.489496467153245,-14.822286087110134
8,15.325247924002873,-22.287250906459732,-14.893877016595379,-19.496303741296295,-3.3426027995207925,-16.603320912444147,-5.064329864410739,24.41256803487041,-7.59335908006755,13.355699384650913,-1.8946684689637876,3.469736802426575,-4.996159758113489,0.40753258829790084,-7.732871645578186,-25.57016612734975,3.641206108553577,12.703259400252634,-1.462689689161386,26.904248982637988
4,21.574990251566895,3.9864531696869365,-2.598877259053827,-13.866401019305023,-4.130461714694692,-6.898284908291804,8.348967353128216,-50.79254269243708,21.36191254927918,12.59836216288098,-4.530334865749478,-0.3363135606655354,8.187212526832328,-12.841137962403469,5.986793959422704,6.819429132515089,-1.859792252082931,-19.11295749093091,1.917514383817061,4.854311355886111
5,15.477086695397341,-34.946844467224636,0.02395226480331314,3.7889908978958493,1.7267995769100375,-10.491222262801855,14.49553351748745,-19.267969561755702,10.338557508436946,-6.243875190276945,-4.557824341423765,0.3216624394558243,10.206538443773185,-5.736676276411992,23.75147371086273,10.550847791816112,8.254330929744125,3.968442679741571,-29.88808155947133,6.586909190706277
6,19.334313226113508,9.46615180122404,8.214357301420796,-5.063338095614191,-2.7955419288921997,-23.567727048980597,-0.8432721803399847,-0.34479771047474506,5.93356724276405,9.538050566061848,-6.338325124831468,1.3581795165090567,9.069870106162323,-5.123097029117414,5.776849717380972,5.953368819610338,9.91461470963861,-15.547684990970403,8.601699346566003,-12.211879362850954
5,8.9381222115029,-16.8715855247819,-2.054226744534789,9.165062454668739,-1.5261449168621817,3.97945472053878,-2.6232780447173614,-28.91206707362857,1.2743287529796792,6.571065874376931,-7.855339964522753,5.955371068826723,-4.21225900000465,-0.9347808495119596,-3.6071967897940027,-1.996435975079021,2.087943231210373,-0.030175089952999556,-1.6576961713105596,3.571063977930059
7,3.313186784848962,16.948015925425956,2.5060643575196773,-5.496702088211165,-1.2175206711494826,-14.908819660213254,3.169448991501859,2.745957813608377,0.9704435598522341,19.927212154264474,-8.597709255322513,21.197579548195186,-1.0911237327121786,33.529670295156386,-2.235079608939066,1.7047384226553537,13.025078632077213,-1.8386087276999068,19.986103626877547,9.484775722606738
1,-6.29297095398927,-2.871703966617546,20.60114825755043,11.146948034644476,-3.8270750703980028,-5.938360355126649,5.267542822141485,-15.160197260608241,-3.233594719743617,-7.819178182208097,-13.747250148689538,-24.910505159627803,-12.291800578034826,11.23220786005203,-1.292331813313306,-5.707646723131036,-12.442969788503458,-11.897269823474648,-26.73048366397146,-28.39789624008042
9,24.877666357493048,-1.3067155701044744,-1.0317328491254187,-13.141463887215396,19.541921954187984,-2.683339367700103,-35.092555918335485,3.4332123071516714,5.452450422874364,15.106255125517617,-0.1938056683919771,0.4281307537655392,-9.913396973797939,10.528739249789933,-9.735648737815607,1.3554767071949463,8.635998725318816,3.70033954626569,10.282976078843191,1.6806443916902538
8,-9.118496246378673,4.096669072683786,-18.252062521968096,-12.394335187205964,-11.038204841355789,10.186884386524918,-20.90591809835055,13.625711581071757,20.630682079263085,25.6359266825192,-8.141055346631921,-16.80131028360452,18.51421195405152,9.985943084241416,-23.722017773542404,15.209216698376894,4.578986696246445,4.646858771741742,-12.55975360545488,29.538806469305243
8,-8.49901690919603,-19.123680783462845,-17.367168930028924,18.2804449950047,-0.4454251011592637,-0.856642271523333,3.8675523898584583,-2.4261871728888114,12.115454077474876,-10.97228980503529,-30.26835716546412,0.3370854780196022,6.133120832276653,15.544740557482527,-1.3398998813512566,13.24332761923664,19.29702127318189,-17.884445082507003,-52.52469160186098,31.45195275742269
8,6.644650486468915,10.879051262226277,-12.823546268576965,-2.6766261353828265,3.0569032215270155,21.45790753357334,11.556223875520603,-8.271361657179337,-13.700453584299453,12.066417782720073,-2.549154358671709,27.2298407098523,-17.81225627063542,18.863963812501908,-2.42346590040046,7.105744968487048,-6.544985194335252,1.4157027493898655,-0.5926622367920613,9.503061084975052
5,11.820172425883325,-16.228403944765343,0.2758527352177894,11.323044074791088,-5.156886464957207,-6.40453896025563,-6.4259083232199234,-17.48492379949137,6.660608380154933,2.504377785398195,11.024392959808674,1.9259921975923362,0.44406527542559715,-12.490045895873505,11.994231837966174,-9.32983335365867,6.661009963110915,-8.915786742195728,7.355706282228951,11.912469151259327
9,18.60258422636872,4.86010322773377,3.6534156882687006,-19.35297749932292,3.8706720491048374,-4.177877389383195,-17.867812572917128,-11.877528531469636,7.268379612542265,7.700124905621149,-2.9232468525045485,4.522527997101332,0.0910817771807797,9.183948116280106,-2.014898733018344,-4.556767180673278,5.480330186384423,3.7693634487383254,-3.222754316452238,16.57437367417519
4,27.006883528511736,8.971781360531498,3.307676896371442,-15.409918389413484,1.0214784568688833,0.33846494562281726,1.503844900007512,-22.38400315365309,-15.298809026657901,8.02543641326664,-5.995094274740826,-3.0754381073423813,10.401387563368452,-18.490355401278524,11.553199291958501,1.164211126398873,26.730479041373496,-25.080400338105388,-5.310283918593877,1.0260733769741006
3,7.6561164446199275,5.878790231840842,4.845537112030123,-14.90911142227672,7.627047361422063,-6.80675527840314,2.3241658899091506,1.3690022027686397,-4.426386400340733,1.1268946773517559,-10.953751258039631,7.019366826136012,-2.4067030941857737,-1.8135227357623611,10.949069540113282,-8.428921507366672,11.209819869540695,-0.1164194533360472,-0.5272051248292777,28.241770257992584
4,-2.3302628275173127,1.3289356228397937,-20.226310487020964,-3.168640403072227,12.280512392368603,4.886099192434727,-11.609135258223773,-25.914503563867306,20.348347797496658,0.6924022125689485,-7.677215341211098,10.702805540050509,-24.4828872180604,8.116444761012692,12.187951885406907,-7.336534284191964,12.493634668833781,6.729054202817448,-2.8030272980229376,-4.480691741934057
1,-14.433238977763724,-8.078904568751428,-2.699543573167206,-16.886955723663593,3.842075617591318,-3.8285318861793085,-9.901805837416948,-13.868727635079788,-4.392475546359729,14.202134862267851,-13.506958214926808,0.31570007729694005,1.8176420018987467,-3.529890942178141,4.469333498758622,3.587307901247735,0.6231095214809743,7.347053244807512,3.0670482060932733,19.14707355853472
7,24.759302091038975,-4.947933041069062,-13.990670845013797,-3.740538921157363,17.680228206805463,-1.6017695653350388,3.44113825937588,14.38016111396671,6.958796919757337,-6.4014087865714355,-1.6572159663122377,17.723134764071524,-1.887960775015764,-27.737447286515355,34.07100156699864,3.7118214878998947,12.840950198187686,-13.964508392127007,-16.06664138524791,-1.885252354710135
10,21.121906170092657,-22.905709370651635,-37.96200496950725,11.984480373589868,13.917969543025972,-0.35501020584837173,-16.748277745822516,7.409483183837941,-0.4113802187119222,9.56588152678015,-15.08026573126676,5.775920406794248,4.1617137182140995,4.691139668676565,-9.46385363299563,-22.209976536886952,-0.2327797375710201,9.771218204392632,-15.052094621133431,-20.906694080386167
3,23.497746206384946,14.960089259895627,-1.5291999395764044,-30.632287530950627,-7.778876479669163,-14.886878611344171,27.41873275987728,8.525926587162779,5.038060353420308,-5.788893866850375,7.372379166410431,-6.009109053591735,8.30970960537861,7.020540358638039,-19.50975716190989,-0.7997947016546758,6.965872026587291,5.231190640321238,-9.779761815255538,5.328970371251401
8,4.23859288561817,-5.13739215553179,-14.212401695496306,0.34084054379818696,-11.207606617353346,24.73364524962878,-6.16742911123337,10.929813559894447,19.01968398040939,6.170197564746187,4.563414669131052,6.325251188929124,19.058074886638206,-0.36246161910908214,10.976245466557756,46.70337135785526,-16.082423179755935,-7.818340124919034,-9.079899054101906,-30.18634820402675
2,5.075267677995132,-0.7330297624404927,1.326063792837881,30.379636997829014,17.305780287956754,15.445563487074178,-5.297549720850153,-8.162101883657057,-6.438632639148021,-4.180401961435979,-2.885372587460499,-4.230431314160397,26.36122672806345,8.591376766619872,12.985599789821517,3.0167908644376475,26.504052303123547,20.745731050450143,2.1890352637256947,19.60106992909014
5,14.428548856387689,-22.92032759183807,1.2581190231074468,-11.485452626846534,-3.6116142477317035,-4.456019075768595,-5.499992077656831,-7.919295248384289,5.4117449138672775,-11.849238711227967,-9.456527758153372,-12.338957524308459,9.3254631778112,11.975297302320868,20.91457802878453,3.547659797109372,12.226295881964642,9.365786788679571,-1.7216464183274698,9.293473655602227
9,9.098298374643964,-21.989572339260846,-5.69174545537977,-41.99365980702066,-11.252624431025774,-4.498264833893625,-27.743470872966576,9.340229906756775,-0.6919693008113206,1.2802980186965356,3.5425406751264714,-14.932179068929965,-15.495964309167036,14.333422666820528,11.999179577310837,3.1041898222310738,9.331836140628562,21.08048953639955,-7.847408209655164,3.50699645859288
2,14.017907531476096,1.3152965194134782,6.980582713927342,14.087799930562765,-6.094256912616357,-4.717290512710037,5.761207965735057,-3.9710651636967285,-1.6363003870298032,-7.273899133784378,-1.8494930981172713,16.695157446669832,3.2597776080027563,-41.663517526877015,11.734685393762684,29.52502634793056,5.688853718471844,-18.575116724119045,-3.812347093038786,-4.45253130732374
1,-12.046648141332838,-2.535583330345408,-9.54990623845605,-13.555987879808315,-4.44752714983937,-13.806373379211525,-15.102620380947272,7.2976713153620505,-6.359456181165252,3.446649955980636,2.4554897756193865,-13.613976922616853,-18.966562434169642,-17.42478212809299,2.544352949900975,-8.815516368906454,-25.557704497307707,3.702717275897856,-17.313312121232965,3.7274664248079086
3,3.6126072276917336,0.30461609631694686,20.406051970134133,-33.83055256785876,4.567026302412586,8.878098728399927,-2.1083571942370054,8.11293121784007,6.254101545641963,-4.238882252410696,-13.350594355484814,11.415538755481306,5.17284643351628,-10.718152353773624,20.059270697520954,20.554229174486306,-17.005357122532068,7.417463086245651,-26.734720203929857,3.4891724185571382
6,12.176857825134096,1.5217441455047385,4.726316609134481,2.976852010823431,-4.794846755857536,-18.91180751126904,-10.475537151838669,3.823926306622583,-0.5622888877557339,14.385228338912452,7.093713754427716,0.47751130248162954,13.789275958853205,-7.469103405234202,1.8748205596933283,22.29752010964457,21.22570933621604,2.067686320749379,6.4804645788041455,13.464202265208966
2,-20.145115661751444,11.415446297831883,3.0658471039807162,6.192479642508031,-10.795429522522806,-9.946014598408837,12.362228361688047,19.732262869908432,1.0820143920949583,7.677897926842303,2.0114219512219536,-12.21066134795119,19.06315869980249,-15.730556485831547,-1.0549588382269177,7.392141427335657,3.7643354383322407,5.33047534028555,-2.732286643490458,22.97346837662664
7,2.5437820208707187,11.97696788919656,12.916434491719563,-5.1849286295997645,2.5837535389056145,-14.538368804728616,1.241364809667552,-7.548497550626542,1.849689816757221,-1.4511219898463132,-10.712309757271562,7.247012770443044,0.056030095884775255,5.54140903497477,16.88810265101491,9.018171368542165,1.387343220843629,12.162117535102487,-26.97291229975711,36.71964275860558
5,14.098453477311155,-6.181158363506865,8.7414096559935,-2.926843079571651,0.7122011173649652,-5.427504728282527,19.664827737664076,-14.403586516899978,12.400819217192993,-5.684478677543918,15.651437068103062,2.6849828603168815,-5.699932118728828,-3.720910114754197,6.683277250393334,14.550821264487778,6.532110297223449,0.49659097030549715,5.871274029772734,7.574123271150815
6,22.385437898418104,13.280084500612043,3.00468311866691,8.374921581312115,-1.2966233104139002,-19.096722191306156,15.830244298847424,8.03401229815419,4.89558238796505,10.514215534739701,-4.762406809329954,-4.35356660957063,26.773056451033064,-11.935570722606862,5.087603050492853,16.152274196407742,6.574125861838468,5.863535268282401,-1.8695947695813002,22.93830433375951
10,-27.33526367088445,6.143626058877805,8.266152796980062,-3.636059617854692,15.571589365084671,4.681193760900834,-14.422890975964457,0.7034750440309416,-1.897510306403174,-0.3669111365366017,-28.773003155411324,-13.518668587026925,21.281613824804026,-3.918948494223468,12.01646883617217,1.9727714401989307,0.23722859672900265,28.990807958080566,-14.067266883123443,14.743248230575528
3,0.285836169966748,21.94151910701606,-26.00391865040827,-22.52851875180731,19.026452465629514,8.956301419076894,2.1160188854075637,-8.138435144651046,14.941028420919558,0.9775307307494967,2.482927895240118,-5.059238492491242,-9.20653854376289,16.616340673356213,-7.78583263652851,0.8350851833147338,30.90072941075337,10.609262919808414,12.128047194738976,11.018199510465504
1,6.928142248431692,-5.776374126215858,-14.016034091551033,-7.50614489530236,1.6046623019672466,7.128332126415139,-7.622611441753184,-9.122224711178376,6.100276613858013,-8.27831828656434,9.0559466395266,1.966490893359857,9.947443048252286,-1.3889460880156692,-15.919340836780869,-0.8524687539947746,-10.059431714638034,19.94873068266483,8.390950959870212,-22.7731313489023
5,5.784249414923596,-23.569647790040943,0.7654532997646336,-6.83418583728854,-1.1706764000892589,-9.565444017838885,4.761399237228473,8.208770186335023,12.719165482096198,13.275831967275979,18.38445578114199,7.994922239874109,5.147379536902252,-7.221990047980327,-8.299003952898332,4.373755589056234,2.505766547878824,-2.3875217350654294,10.366574096957454,-19.264356147435993
6,11.20733182473813,6.876472148766796,4.761601748317394,-11.406499114877377,-4.947839848395465,-13.155402613801757,0.17927829057328104,-3.7888808396523004,8.410321015966769,23.03587151167703,5.1653606867803585,2.2512228452447154,4.780137498360672,-5.171970019165308,-1.848452998218348,5.904569017788715,-24.41142897967756,2.405371757118728,-1.1422442990393622,23.241998312599264
6,17.31884243983798,-9.155641812556285,2.77500534446765,-18.217405267706955,-0.46197395972654376,-12.686991429565825,-0.29063215421214683,1.1070640739469595,9.031673092493978,9.843981837425853,2.3095123574799525,3.5399011354562226,0.4005112650653566,-0.5017267381928177,-9.144285381263408,9.742548732241657,-1.1031767090885607,17.3970806468729,14.549314261060355,-8.45420992364273
6,0.7166714474181486,5.598169685813042,5.699422217279585,0.3582731279325291,5.485434545061732,-19.24562818783426,7.701691946683388,-9.853496306333088,-4.776378187209529,-3.758971124818099,-10.13167804973479,0.3506193269726281,-0.9919372680185758,-1.593981993183884,5.239678915345663,0.10621478966819486,-20.348233849291912,-4.824633748143277,-0.12284240623697784,5.9423022802865955
2,-36.216566019560204,20.932944528849823,24.48821670063974,31.363506860741087,-11.704726860405493,19.36006086334832,5.378801436084362,9.169784140632279,9.218439623602283,0.6965387241998218,2.884020665499407,6.986549498002104,-10.75580070162626,4.946278331761816,-2.7851112091013923,13.444029216313233,4.474546339884663,17.43321045886122,-2.463683899834259,8.652139507224259
8,-15.443047668845793,3.3870875268363365,-16.306557697528635,-24.617076684155073,0.5234893179945291,6.216558321625936,-0.43043692895217833,-0.3472064408964117,38.49962939208292,13.066178508850372,-11.35069777583128,5.683616056922272,-4.32226335856245,-12.696017540405732,7.480164896769276,-18.30182030408832,1.1653123783969737,4.303105139757941,3.2262215568032193,-0.7355711250581587
2,11.08407524780258,4.476799227547844,-19.837771715882823,6.801193374116261,-9.1689031287348,20.83136180222775,-1.2100610666403944,-5.809231743681588,19.292965043513004,-7.623019388147149,-6.770837768725495,11.359555270052358,1.9920969059655556,-5.053352945237137,-11.93251249217743,-21.475153133345884,23.25523749997418,26.230241067291416,5.134806966556175,17.362045013266226
8,17.366771400004005,-21.059094093087083,-12.956536852070164,3.5546727268612877,8.359532809435754,-12.146352296790791,-14.928423404107765,-10.398669175850348,-5.736695013030305,-8.841715215008772,5.051241423235586,-8.532685127397556,-18.57365503777578,-10.409004540292454,-6.847139052746196,14.673044395887118,12.37450750363447,4.950427566338847,9.186772815931928,6.1844338491470525
4,19.96602295535436,1.9172953654319027,-9.52373034571238,1.8686685696521304,-10.576989317755961,4.446615466834076,-7.534860590980582,-42.08751159178611,-6.409615186271406,12.410680871014998,6.851433888913677,9.29247753765612,8.554057687508763,-10.657766066793311,8.624278492442656,12.377447539212774,1.1107075210196649,39.83769522469163,6.276554926005883,6.576688257416327
1,-7.881310854374147,-3.6932344729116275,-3.300021058510657,19.912377884620028,1.7351774360408867,4.917800547879394,-7.76263473370723,-8.36903807764614,-9.38036022010499,-5.37396477001014,-3.370543611494111,-33.625974739721286,7.390072015402486,-4.152251375293292,-1.7131934374997928,-9.469772435043081,-17.546622695991765,-6.767462100850567,-34.85827679920334,4.028231866960159
8,24.76105753476094,3.027808925295778,-16.924968304565272,-12.550964259796833,2.5543367632949225,2.558767375117054,4.398558255289474,-8.421857133399673,2.294483757793617,9.37355980277755,-19.053446191818097,4.954006159495726,12.11948700014537,-9.12640309666112,-22.215741542485635,-9.837581595025977,4.722008799854198,0.8334266994585413,25.73406139984168,-30.77391909742679
4,7.40313296426328,8.427380496103297,0.002009506063325839,-4.84565671252484,-7.097206566289819,8.818796901934995,0.449802658510146,-22.120097031215913,-10.541335782304511,27.218428862113655,-5.966510461163545,13.288819947143818,11.531767024730062,6.264751510576925,-18.759883666871595,5.2983093128278735,-11.37711656238061,17.41515740459896,7.8782205773224945,0.5555852508079313
8,39.9836556511628,14.166342571298188,-21.003460821143513,-7.553960675625128,16.20076555348009,-3.904694255013142,-2.2178488239185707,-34.6310554993006,-22.271936800609062,22.946751326335036,21.555921743737315,-2.978719933728078,7.96435396188579,5.179962729548388,3.1427743183939594,3.506990977950289,-21.604712376646585,9.44862251340571,-6.72845376739324,-32.88443846349575
8,-9.376926139479508,-18.21554200672995,-34.80333649575485,4.513674941748263,-5.414506679801217,-10.037158505668748,25.044212323300417,0.10626759461927637,-19.490053718174604,-27.549673718985996,-3.4504662577585283,17.161939790520442,7.475943252984342,4.801161762882556,2.7727769897031997,-17.303885797304975,-1.8327438107728984,0.7429512299764087,-13.191232691649166,18.853036966064998
7,2.300043474888123,-19.1449528750134,11.417333443118922,-9.14483758144224,18.77074703867864,-20.118338531064914,-7.715743587527819,-10.939307443813565,-3.288769651557156,-0.7299997357219513,-8.64789278727136,20.439517784406412,18.93181386686171,-23.245787986978883,-20.269504587551292,-4.164252108271032,-1.4065582489524724,-18.25118985169324,-15.494586713959174,7.430872761328879
8,-5.965685877956301,-10.739853840960322,-13.502978518650847,-8.619240878675445,-5.961297039354568,6.430652006597043,3.462416293555468,7.89866579468022,-15.321823544284001,2.3943673787748425,-12.181859256209652,-6.941234659426353,4.311021684208482,-7.638851937409402,7.231559555296211,10.644908651929505,4.130844488323278,-9.113188942478436,18.949652330458626,39.46708248150041
7,1.2149193203617052,10.598884296817769,20.486738410545183,1.9918846035851345,1.8553160740979888,-18.752073990267718,-0.31769366650062036,-18.531991295329583,6.242116913535826,-5.887008204629175,1.5618572203187873,-1.48234630508488,13.131446062497252,-33.86708877035749,-1.8250156312499664,2.3174032985224637,-0.19968535265915976,14.206556131461356,-18.099086349154486,27.20845012969602
7,8.748989378373444,0.8691348114093342,-23.121202988763265,-10.733210888909651,-1.0869041389801533,-8.80105256964651,1.8103088923425146,-10.230854734231777,0.6190563555443191,-19.506809613041927,-3.8841309108829916,33.73719564532243,7.622077509241871,-1.526092379792609,5.947605311683888,-3.106489431282654,-3.1558115775904976,10.440810827646224,-22.495790655989094,-24.168957690062182
4,14.826497131429157,7.692793636257015,24.55904490516662,-3.3916591167621113,-9.98712707540357,-0.955542129195807,-5.073382619124764,-31.42711653854934,25.46256614051032,0.44871145973116316,-6.588494527567185,-5.265420687661526,-11.763229863109746,6.581372346556247,10.180617246204202,1.7525660677740105,-5.689151579568651,-1.918916309970431,-4.58739103581945,8.23846147534972
7,7.309814134446609,9.650188754957997,-9.26344252751164,3.3702834408244344,-2.582310789596297,-13.362923877298147,5.756689597854095,11.071231138029836,-4.154435280175693,10.126303870890434,15.933404012560317,-10.340878569709659,-10.780959396446965,10.894011730767604,-23.205785652975102,10.31184816263198,-0.30949660588222505,0.9777421077898659,-17.436803285913616,1.554503666956045
6,1.3235526099191794,4.441562200698369,9.360579061170288,-7.324820913223192,3.47579394044047,-20.078254859921305,24.40780082240795,-6.651494034046717,0.37693801718331166,15.525432905417958,-12.256607827046793,0.7524183243635221,1.5395626407911118,3.917498819799537,-10.253619104313639,10.287788640196894,-9.657596725727814,-0.26121012441134184,8.48567143595012,10.912017199329279
4,20.836009832846592,4.7812131986758555,-24.248521326956304,-5.981562851830338,-2.8744030433001617,2.616382973109551,5.861338328570245,-11.129650917325215,-5.926180334910866,-3.332586448955779,-15.679165159720043,7.690602279901343,-4.146531592621272,-4.38260425100478,5.820626200833768,1.8331013014363147,13.09740310520663,14.913181641831088,-1.5030530569865173,-1.881042665240705
4,12.811362722733962,2.9176824318106744,23.5041181499152,5.066748590820228,-8.22307745952853,9.380250204531237,3.1900457027372444,-19.294054292328056,-5.710983039066093,23.113911064811163,-15.542936816875,4.5327995976264654,10.05579407185191,-4.47294626928138,-10.6152610392963,-7.5597032224975385,-4.9953808590447215,39.37618511156417,-1.0358805071198764,2.0638397962638844
10,20.728338951980252,11.490957599498696,-25.706224327726545,-7.728698204243845,-0.6433080522545623,-8.878972747177945,-13.931590593364598,-19.257485364246264,1.209122828546879,-3.089608091437871,-10.799457008151085,-9.966584713093752,-11.814338086411668,-0.6616660974912095,-11.598911367641723,14.95481903317707,-25.380899902675306,-16.842170481337355,-18.058396890349158,35.900010486911114
2,-3.8879273281857074,-0.2460564865424022,17.890849778828585,18.2889831240247,-3.669569971518025,2.81307616000345,6.196630458316407,-8.774456104860777,-28.928514108511155,8.785483936367784,-0.3097125362102462,2.509605253834042,19.19287622956137,6.9365014629350625,-11.190014397424894,16.004620514068993,15.077532882000945,-13.17808626088417,1.3266533335132267,7.234415817497776
3,6.336990714772643,9.614917466109388,-1.4701992946201279,-30.510703222921848,10.287277908531324,-3.9160202435200695,-0.3837474863060979,-15.243702261713777,-12.021858830441964,2.6876625838198858,2.373705000668861,0.2035917606770139,-6.906859191936093,11.276218390705692,-1.3539866435764927,5.128492955163529,25.670643824412853,-0.43440206435694284,7.113240088291372,37.04045103221564
8,-3.4073617013917863,-32.23864722534139,-35.032719879228964,4.174132943436723,-3.5219814824668565,-8.949074514156411,0.8446217545121646,-9.055108971588227,-4.726048707473073,-4.3513768529298815,-16.23780288799083,12.576839258186007,26.508407320979607,1.132032590024597,3.28650173904148,12.861127882619446,28.175019840506682,-7.513296821830046,-0.7983316549211366,7.5978713405501805
2,-6.040145290587891,4.030538003141881,18.28691230995681,20.94469106935824,-13.35064106238011,20.252132087267334,6.127481752099575,1.303103384933336,10.512235277363203,-0.43581112021748475,7.9819494537025735,2.6125208794280774,-24.199776069812977,-9.372677866492053,4.247415379784086,-5.532779054692051,-25.144737699056208,25.43422009839888,-2.8822716231877243,5.563031279460163
8,9.501363229776333,7.527257669144206,-19.58857523713853,21.047828813336622,3.691119500941099,2.81940131756387,2.4540232763064536,-7.351662221500858,6.929839720084682,0.9948355505483688,8.179012092686078,12.574853717321586,11.828637709387792,-15.686010250893794,-11.985394377753869,-19.285808443454115,-16.186234771908378,4.250652731477338,-20.703172775265003,-4.024405482754863
6,0.26969599219831686,5.533376883298844,6.475201958200475,-5.835388142645506,1.177612061565993,-45.10316713837416,-14.27475685871037,-9.269052252231202,-4.968654030047786,-3.048658138309357,-14.0590026202726,0.7503026129922632,-12.296175020148379,6.2081341853638605,0.40388671914580676,6.954616900558051,-10.921020821223168,0.1501199928351633,14.808034485725514,2.394378589672799
9,6.815446159250231,-9.101693613898021,-3.1237463363104796,-19.29169172808607,-13.631026214551303,-4.0712965476663845,-25.018454747290903,-1.5209962469658467,8.41502174086927,10.410900193518609,6.269962066860536,-8.914225193690477,14.504442643725275,4.852118262076152,2.1118861035850744,13.550471086400435,-12.864267212361456,8.934070519172709,18.588359436744476,-3.8479258653561983
9,7.9781825232770816,2.259003673916299,2.9175697604872823,8.311452058045749,0.8166048167700218,-1.8366943289447677,-16.979757377107305,-9.747727915357432,-6.0268357069203855,8.670759588918534,2.327395222011866,1.8137875550255702,-2.6016444858455454,5.424547257215552,15.56164041424548,11.249772333554617,-2.1899909550473597,-3.106020171873267,-16.117737397266513,14.949643285425452
8,0.593088943341403,-15.369168585348415,-2.0898571206781256,-13.64923154044935,-0.47138778653250746,-10.282217679734327,12.416091683344087,-16.49701698060629,18.94895807371956,-7.672112824636854,1.2635724991706758,-11.780462182113173,5.216333331732367,3.3051498113669555,-32.472524116118656,-3.497677240732034,-0.6628783459409848,-10.42319683031545,-24.76331755311952,30.621706022499488
1,9.659051525285635,2.838430130135109,-9.412898711011621,-25.333697586944012,1.4021197278422677,-5.181837666734799,-10.464817341877168,-16.962083369517053,-4.685110939040102,1.830660173675356,13.103837693273356,-5.628817797747216,-25.581147776045114,5.858347921195447,-2.450765564529695,0.02083357445273215,5.551707623088151,-12.751176085146906,12.77552410185678,-12.853153444302325
3,26.024266177759884,10.22433296779215,6.430149194553394,-39.3296425359706,12.250580108983462,3.991181818509837,19.83095638756732,-0.2644219835995554,5.084335349064307,-9.541628392203199,0.2757977369270791,7.4888624582755545,-5.627445708917005,-5.415955578973964,23.692685101810035,2.8941162744980473,15.29538710287689,20.594947381441507,-11.04989227340236,0.9022956262032196
10,6.026482362759433,-7.302572682171173,-10.74502846456597,-15.19609220933478,-10.42619098686087,-31.997870967394295,-0.980022925439528,4.675368454288667,3.2232045453150575,-9.010880359788482,-15.935625404826824,-6.630925315061303,17.402275213150038,-0.13424061231497741,15.023855057942901,-20.379983987471913,14.95466515848963,10.547945024470629,-39.074061684976144,-4.422579833643942
9,20.1854287222297,4.988728681883861,-5.4132631336649535,-15.611404209868127,1.663464197744145,-1.2339564440940647,-25.285071162911827,-1.3208124462232853,2.5260231498105803,-12.027873519340716,-1.1682387335624163,-7.549032142000231,1.334704686727984,-12.558848589520316,-6.55422521122159,3.4972653784694905,9.651140313623198,-14.552743542034658,-3.0255591012050695,-11.283757649986223
8,-2.757548462224281,-0.712791186214407,-18.60827688567795,-20.667237410903518,-13.050568063919604,-7.678591836276453,7.938026415004519,-3.006203340385942,32.56250359621568,-0.2547229693981376,0.7930148850647818,-4.864504158127963,27.628467518442847,4.575360174970725,-15.408088927964577,0.7476345414143348,-0.9359602775905516,-4.02725283480294,-31.712566056746574,-7.037382673216422
10,10.153828977623284,5.896443701274249,-9.00712906539209,9.664231961198688,-12.327293750122474,-34.19173017253114,8.655324358489455,4.509096263869824,5.188730391120066,0.5819308391169169,-16.526103753938187,4.605417794244652,25.133789526992874,4.253876526851119,43.33443029988795,15.114591102958002,1.366276660638902,16.418798716285245,-24.187501289945793,3.1995222621450043
9,-1.396212755469998,-5.453238830773741,-11.65550778331413,-6.6278891236576705,-8.533717351152518,-4.509019637292367,-31.87583290622763,11.759311805694896,-5.664548870949766,16.299828408411358,1.9592486962347224,-3.818884329076022,6.572929766953966,15.651543504754827,-3.2963751144169775,-18.354994083260603,1.333629565147059,-5.936599989282769,-11.465548906848703,27.527471117017924
4,15.473538668797424,-0.8954355409186974,33.55337757381876,-6.371215988710783,8.362969627871797,16.06628080806751,5.239673634328824,-37.73706372666666,6.040821906053831,-11.758364678627869,-7.246406848632048,-2.0206538337861097,29.97498769201625,12.460372787871602,-12.169356773051707,9.529270683654676,11.843856182298179,20.97650156713237,-15.745696858840917,-2.896272399363964
9,3.4131647965125946,-9.763333266697602,-12.063648351032567,4.960421828038904,-9.934328966798638,-0.0720288062238057,-14.082075172074244,-2.5063072953188787,12.683721052223378,11.075892059264527,-1.5692478811923576,-2.417830104675483,3.988257211053907,1.636288427349166,-1.833306531604281,5.756528035685241,9.579089383256626,-23.838561136875523,14.073235441317498,9.196604203302106
8,22.5931054377749,-31.453159615100468,-19.214158953460633,18.4061006416791,-3.6954601441029937,-23.245883754769697,7.16620957453718,21.801233023403704,-25.540800183501613,22.20669407301427,8.041644683774715,4.383789235717682,20.963104114984034,-16.9073256038862,38.16992649068314,-15.765144450752423,4.45900789533356,0.543116428700414,-6.8930288467247305,-1.0067697219880647
10,22.724664096207245,14.872937008389426,-0.8942464665356034,22.93885756255077,-11.484858799309038,5.203096215658222,-24.522449992124915,-10.37759624449189,0.03918380560497381,0.7885099845032582,-39.280749706642965,17.931720834478366,9.909516076695704,2.4996274725662144,35.605750985536716,5.001619936696874,1.2072555728363128,9.72248085496943,-40.579634393981415,47.04462836366115
1,4.467369741486892,-5.48460381084365,-5.3961231938167815,-5.2909020805785705,-0.21881084168760756,-10.40631081698775,19.205066710505825,0.27140907521338953,-3.2885146839959742,-6.3763054649132815,-8.624825124268504,-16.40658093837621,-16.159308543780696,21.185544706998623,-4.666066290155505,-7.522032894183492,20.33759882417648,-4.669107817969935,-11.202067579112926,-1.117810485018862
8,9.717602322409423,10.852661263971477,-24.10127436971662,-10.857699198674329,11.200317706433177,5.712781326211642,-2.5611325295398286,0.9310954963834508,-5.495601665757883,10.328801246061431,-3.2400060231466847,-8.871817020068725,3.1878557625739568,-8.496302237150555,-0.7996389965320894,0.9288970670778818,5.889094908122685,10.889056273558516,-12.588851806425613,-3.025068411439725
2,-16.39612354830791,9.947078506327857,15.28924884451682,0.6927736735858745,-2.0315487346034424,25.75971721248597,-4.533869699661136,30.06762647661532,16.520551425846097,-10.52242343701552,-0.45122887640282605,-6.289018514549264,9.850059589184667,-18.363910188456593,-7.321115943128906,-24.945226463309638,7.814678161652058,-21.518306354113534,4.850758422684251,5.082869584085325
8,18.735657933744978,12.13702850563417,-11.611916607762458,-16.045069728805217,5.624289157814705,-12.578620724495027,1.8814987574129611,18.86667914798985,6.8652425240603305,1.0650734451891515,1.904675040612263,-4.310255968748477,38.290635463263335,-5.401267681282372,-8.564608946008574,23.730038372836688,6.6428094617046485,-12.838916647346407,45.9423384235477,2.9782916093268645
8,-3.923059303577081,-25.72157973406503,-20.641062479168365,-25.88133994563632,1.9211528617857647,11.110076335424578,-19.1038508529268,-14.432576971161836,37.45456984150637,-1.5999072256860496,0.3050107321713619,10.482573956560516,-1.0404423514823038,8.030198466016234,11.406960005006388,-15.256552277111187,16.10407196136375,-24.745939689959386,-4.199572116780911,7.067263088914036
10,36.75067584311614,24.416272223623587,16.663075655249646,-34.03572643317084,8.411928118076549,24.91955385750412,-10.135495730851524,14.911657170938796,11.832414871376471,0.16391110952364535,-20.538913693459875,1.7453566858479943,-29.339730610602036,17.7255011056256,0.8348201111839496,16.87981713814766,-34.465237954813546,-29.037885897415315,-5.52995519305516,-16.588193115814402
1,-8.785520014983764,-0.14926388943261415,-3.2273279963510957,-5.80229483070484,4.12616443266362,-7.443791877680944,-1.095944370943395,-2.522165539234137,1.3285262954594952,3.779432384421147,4.5936532387292415,0.7592030541140011,-7.099479159629025,21.348817949560985,1.940132961978276,-5.655765745417739,2.265994686506887,-19.279493734498494,13.745164863511238,-11.217066214842507
10,2.7882966244149827,4.063390680140089,-1.0717368931181632,-8.367106877048556,-10.820989290149656,3.581617270300059,10.326396661367589,-21.068749720811855,-1.716994050875067,18.616048725439267,-17.148676642526457,-6.2095449499912005,-49.370568579519286,-10.599366604799727,7.920577737820417,-3.41747107981906,28.4119270356588,28.247230383375246,-29.669915925268334,-5.349327143151757
2,22.739336981219523,6.982634730773008,6.601958875845345,10.403583437979295,-6.839113904891071,9.864854663507263,5.083051760407226,10.916038491746132,4.213374950140597,-6.495453853156929,-5.931503196127243,12.287213066784439,12.907955268191932,-8.339496673052944,15.660202919257324,-12.17415679212625,7.9752985144322235,-0.559443697808534,0.4824968824835145,18.562209314335576
1,-7.032319105104182,-3.600835619339141,-1.5535280285996202,5.935397281216327,-4.284866813381176,-15.95688491435212,25.44460553847103,-28.110730958046872,-3.64926906245293,-0.9823090917589281,-2.082124971771308,-17.55246450872923,-10.357114805621524,-0.2893888699882208,-0.7933576992507893,-4.303013148395245,-12.57041025000175,4.626988107125635,-6.643123260456598,19.763489634599704
1,-26.57063887745618,-5.491047606086031,10.53444027474441,12.044881992051428,-4.064216705827105,11.756554052979716,-11.239031562554986,-0.5522495493601589,-6.592039958882589,3.860459224682407,-6.1184594631182465,32.72140602439975,-7.516725656034971,2.420929570016487,-10.836289776226634,-1.0738304684970932,-18.607370030796545,-19.402792526470872,7.619956911690956,-33.09445167279795
8,32.77159463486479,3.413041165044878,-17.174676324542,-2.2883413802785952,-2.7168979719096304,-32.99262308185788,10.223096539113842,4.33640386994878,-6.478170421411781,-0.5366395381978206,6.024193561282252,-27.4441297090495,-13.717328430732923,8.265474732986114,1.7705953521175997,-29.849500097206693,21.64423116980099,-9.81518459358845,7.344343729122457,5.590873160756272
3,1.2311645195720278,17.30866232128597,-0.06823188725748575,-17.088503236658198,-6.004241179395409,4.567324037052267,-9.488793028441625,18.24811582983476,21.037451937172534,-2.724981854174256,-11.349421947585732,5.435163853459816,4.6272094409294375,1.2807143266245684,3.9756070149104863,10.548674353436715,7.712731747610287,9.230450044140577,2.7261113658428773,-12.983721361107573
10,-1.076652629402524,14.226067519268204,15.940356143699802,-62.284181367943816,26.1233815434339,23.216301470088645,-7.409856037095282,7.301522061327328,8.225441528937266,-8.182401278217615,-26.787154142543322,4.225964552222926,-9.018808836614157,29.86484772501488,-14.704911038256423,-4.0853027064869885,-12.54482096261177,-20.08966284014374,11.24802982394053,12.08010265350282
10,36.47410959244198,-24.338238520494244,-11.633533364669368,-28.46790095927987,-2.698342162833472,2.8554017401991545,-5.890562423141149,10.242050172112844,3.3475705640113254,4.238019157857286,-21.845874692030293,-3.617638450113022,-40.45936901418186,-14.18755292298001,-20.158305356701128,28.360816703827467,13.664302267995842,-18.13420569603117,5.2200957228913225,-4.265541291879083
5,3.004933132066757,-24.7619818484541,3.508624191134574,-2.6026474078184196,1.2647804319596048,17.36071482573432,-2.4542645469639313,-17.8779650721615,13.470531211252503,-29.280307667297926,-8.085361664855458,-9.803471867113512,1.2579917441736725,-13.869720167463708,-9.476894125655075,0.36259669445948584,-3.451340021529912,0.2732488505045698,15.418187014325305,-3.0066217512878834
6,-5.309953610492386,1.4829377005071875,1.1724287871035781,-7.827661424796755,5.571844553774858,6.279855428499484,25.18846949045973,-3.059213615084369,4.8577827127425675,-9.21468479698384,8.896402437614428,1.542037067878871,6.623758336228511,4.722608613749864,-0.4028749674406149,2.2892273314652583,4.674723877081162,22.449878811732958,1.630370281603917,-0.23764766249463776
4,17.154343576979045,0.7527276126275411,-15.350126517019762,7.887184546127059,-15.479738000287862,-33.561998636009676,0.14010831078719554,-22.457590613724282,18.077501685245103,3.887489904468072,-2.7148333190619085,5.6205843056169424,11.903238314051176,11.308433761432418,-11.517056746512244,14.086612783729116,31.538457139224903,-15.868578292840102,-0.1465197387880045,2.407425154449367
5,17.721527983613527,-13.850357139066869,2.020121762948748,4.514327584084211,-0.8915368686837521,-7.7430146410101015,30.882158172507726,5.895080945447364,-0.2258543644908877,-6.9939305120898325,-16.89530168471561,4.951253923240637,7.458977217501806,3.391874253965673,12.97828935392212,-3.36484437352732,5.688744603266354,5.910981012374387,6.0951661747267085,-3.211608132615737
3,3.4253971371438214,21.87936436605234,-0.6422762349354981,-8.435287491606726,14.20435007498619,-2.296077237454387,25.07165598754042,24.617587246970825,-17.07863555989598,-0.3035284261075988,12.410334009746762,-12.291122855506343,-8.201215316156995,-8.553132130803254,9.538495428326936,8.976022610079447,10.440832058500337,16.863638484944556,-4.950733372192497,-2.01171535162317
9,14.782353940793076,6.362359120445568,-8.67705875428289,-3.408405791434007,-2.403225446682795,-0.8483844349399823,-10.961251624658916,-15.644190959502373,3.4185624895456606,13.782227205582583,4.62040640673691,13.95398686094828,3.2453519348671898,-2.655382460432285,-1.537250689411629,4.740770658644488,15.088214505967267,-3.561916747270575,-16.577376506167617,4.5661324981161435
2,0.5103898799028528,10.234848422706731,0.971161981397361,5.081388596926449,-7.684943370485443,3.2102050935575246,-8.488003053156856,-3.0143004756727283,-3.590102952047606,-6.390833320832803,-4.450808087765246,25.959089603553263,-4.995446342261413,-9.125977848612733,-12.430592227930008,19.01917162162858,6.786451146245479,6.428055111296297,-13.33357543300267,12.85809684676587
5,4.4144656457148965,-20.181004420951577,2.0284448065964806,-3.5641367647903635,3.69735899598697,10.284490993568951,-2.602498053808218,-4.514543958258381,-11.058101699067318,14.406651840283702,14.219844934516406,3.4214466945562223,-4.762064085951277,6.807834112305279,2.2916515936414124,-2.720183860406367,0.10394205364357756,4.541032844343069,-19.550092300690324,-1.7360078827238015
7,7.771099842098711,5.453284804670782,9.075660634436575,-10.446630760629127,5.944520503307192,15.652348092981317,3.2475636924650426,-16.466513161902512,0.6427342418956157,23.898830606984507,0.035171195166357916,-3.5446552811835392,-5.58833775714729,-1.4365471005262955,-41.44822251043558,1.2600308573438972,5.76533914079218,-16.775734236088255,-4.330185292198644,11.291333590721553
5,3.5582808281220215,-18.414740687970607,-18.802611344892203,7.836983414103723,1.5915302410099035,-11.146555435031022,2.7076261932709302,6.72923746027588,8.79668300822789,-38.91745826495839,-1.2856192054027005,1.742829446258658,1.2982660801257928,8.17674983222994,11.629514063823256,-0.5298018646860267,-12.6327885903065,7.831136613045539,-14.176364144505929,-10.617197625569377
6,-3.563297593219284,-1.6424808091051502,-3.3376058804170787,5.704940161627216,-2.0110242039175428,-5.038866130905543,4.384780558941142,-7.33443196377633,5.558376327296948,-33.17007825547755,9.572402848830267,1.6132509719318546,10.372014547443994,-2.1800909350179563,1.2348459871958406,4.2245475499624705,-7.25157610237698,2.8957833433294615,5.51958406588475,-2.3814793772874587
4,-7.477688785942004,-3.5707818174224197,8.36428395233873,0.02711839682264472,12.935960054052618,-5.367194256761478,18.049438857485693,-17.758541478746146,-3.580158931353243,-17.32467700709155,7.392330292241902,-10.104454496950545,16.691764336644162,-8.444135819294832,-8.170810230871702,-5.282328218553686,-10.12269723903145,5.650942587315205,2.3505230499376633,6.516551048534831
3,-0.029125301303206008,0.9036991371624922,-17.785546180627026,-13.700152346589716,1.7641216822525339,-3.7089368174001107,-1.4004546211897497,0.9417234564622352,-8.892421227334463,1.259184187215999,9.17113140003451,-9.794869481030844,-12.940333891367482,-2.5613692119664506,15.083132220915386,9.762164692431615,-5.334089303165104,7.688007730951695,-7.633177679430468,10.840541384032615
6,21.131371600335783,0.008379563722188177,-7.926170845259676,1.8159186524280129,-5.849450282208589,-18.98186021770128,1.3324527791794376,2.011959655781213,10.209569924745932,1.4787414210564744,5.21293971280155,2.121929311716463,8.404396725271791,1.7501619090673661,-3.852395518923635,21.812328703788385,-20.412467140849213,-6.630545384513593,-6.0811140500608225,-12.588301750248883
2,-6.375684633491151,9.241265441134974,19.060340266361983,3.791793948881084,11.933987500572943,-7.3043542110546875,4.930527211189255,7.843919959441952,-6.463357154490077,5.222770887147166,-3.143979080733441,23.75171251200383,-12.084680876161547,14.047872848584511,-15.21937722133425,-1.7274115366651248,20.925834906044514,6.398529218272925,-0.985634334263024,15.235102319142813
4,8.45946937383947,1.8087192965222365,11.274221908486158,5.0577959584188195,-1.5463898989041929,8.201947115170096,4.259641775981011,-12.203297042136473,-2.1011897671725346,-5.714453058751963,-3.487621247417605,9.083808025257605,2.618593700521899,16.50814997330909,3.2591172681916722,18.327766709548523,7.148172427891499,-29.08114085612359,-1.1080490235929892,6.6133476578778785
3,9.521568793537405,7.629764601997612,4.189296491961292,-16.340847653838193,-7.295577769994246,7.9582587869334604,-26.59529383529001,-5.082195323809601,5.238804777016895,-3.739486228713676,-14.431908603909454,-14.468752220683816,14.847184516682203,10.48998295904614,1.7755018183666391,-2.186662956720469,8.553910606277004,10.701185274557817,8.80809422782735,16.892691366352874
4,-15.30764505749887,-4.669422478004535,-16.46841762831138,5.650919791517597,-0.07980837787008543,-6.757924996394624,0.044334387443327294,8.907466117780853,13.420022589872172,-24.99159225340803,1.8878415316179207,-0.17174301699354855,2.88718214778402,7.695380657774655,5.435950492030524,-10.807079606118943,-18.94714650773185,9.575627524645805,-6.329075822573731,3.3454294026339917
7,7.630958560516231,12.166051781084091,-8.08494463433247,-12.559170374381484,19.854029548866926,-1.613623555500601,2.4665913408731246,9.25547089899598,18.23377117813528,21.14697551257169,7.075536744792002,-30.531823856068716,-2.841903100944051,-12.851471276924507,9.9712502180382,3.8656595593950405,6.306802195827318,3.566849330233298,-36.52109808423441,0.0107032321615248
10,-22.67389005127437,-11.265593752273652,19.91508431875311,-6.4753613796653,-6.65765935367016,17.952049947959708,-6.625676021489663,-1.1750027675745454,0.7279084161633602,-3.821850017150214,-23.49171568552476,-2.1484012305995472,-25.136524655999413,6.429141706018122,21.851676117991392,-10.275852123137113,4.682891226315226,21.284076749708788,1.2430963574556113,-12.033530198111107
4,19.74184932049173,3.0173871904759553,12.11123410956288,-5.355419930183623,10.098629975278865,-19.28574068531567,-13.404156578261832,-19.54010165448378,-15.012425259222033,27.42577311745837,8.063665338094395,6.3887252055048735,0.8850549900034475,12.595123996828864,-10.062817540629485,-7.9071113599156115,25.386724100154993,-18.903155232645915,6.370972845184425,2.0741129410428503
8,17.29089584201839,-12.940342853143115,-19.644310548863917,-13.70348575006021,-1.574488788622968,1.3476610855087001,8.640181366149497,3.8067040421247933,3.174619994756684,-25.691435693732924,7.070165085065746,5.588425004619907,-14.228017981909357,18.50590730916808,-1.5519864816101976,-10.479445367709767,0.27285453444969,12.874534487680213,5.09942102778283,9.166538783991438
10,15.744648049819897,13.783331517990957,3.175558994174718,7.346839439800897,8.84824972292864,20.311646966489143,9.15587082895814,-5.00343135190727,7.627424859948995,-1.9465632276208233,-28.857538872498093,14.326222002721732,-3.2784772939271214,21.05507963117964,25.087510070210193,-3.7896181062200944,10.44815273306763,18.040005709690206,9.151799237886637,13.767494858672977
2,2.1462966863616026,3.95276322123037,-1.7391346334686417,3.272022223818412,-2.487358858826757,-5.77060990258181,18.74671459567457,-0.005608471831977546,16.816806033537713,5.003215831128452,-0.04424833467081557,18.588972387548058,-4.217440678548124,-12.49065563704843,-5.111110320778099,-7.576265775825656,39.02092545405993,-5.5226077471400465,1.2590988558942073,8.443753542679513
2,-2.396987695130175,7.0922167432912,-0.13252048306461184,4.946466606119689,2.6514625971170416,-3.4186624402377417,-0.8143553104327113,-11.755325208493383,11.677058568054122,-5.013632387284706,0.8636074701498222,9.419187147223097,-9.0669286686942,-0.6835909064035741,-0.4338298709201812,-5.108444175902437,2.9338540689400943,1.6596391445577576,11.609471860284081,17.54101703907962
7,21.93858084668448,2.9605063459575844,-10.81713887173873,-6.918320553509725,19.582614069985713,-6.417483990586237,4.486525958515223,21.526177663345337,-1.1940161896570278,-26.310326061992733,2.226706910567105,-5.624977487811904,-5.371932097382153,9.981958384201363,6.72792542378855,0.04047900326279885,0.8165736698986013,-24.38662058163758,-18.256768856135217,-24.2531574986762
4,16.074454240443142,-1.0638762166849673,3.571061003986597,-3.5297018206193678,8.512660369223624,-17.389380626545073,4.356966761219101,-32.43674188108899,15.17064709358628,22.022618645749716,-4.451935688816092,9.876059838239122,-2.7123306785210426,2.5428717945901536,-2.054784047111547,-3.125829935804239,-2.3432883158141893,2.0880473400362725,-2.212428515291993,1.8149738979746017
8,20.353437864180744,-16.435166776549224,-29.891456527389543,-11.1877263145125,28.24747130520053,-14.06204173003097,-16.530162083749254,17.70207374221058,-5.040316688223712,-3.7894269357019255,4.782760752902753,-9.606809670016514,-2.4295502307164356,-12.463485294585425,6.482011759437058,7.518835254451052,-3.934537088856068,8.224072280054449,-0.8230501284461278,-16.377925523991536
8,22.72715820796874,17.143126614670948,-21.617851414174805,9.374351513412638,1.6132017052344012,-21.060412617840772,-1.3941999489475527,22.635455431865424,-9.144197044643747,-7.0313517825204785,38.200218061704376,5.600969683659104,-5.778778770738764,0.3915312280537784,14.146076372153592,-2.34921484656308,14.538855933241635,1.7293910978837976,17.196579682245805,0.4675080106268563
10,5.027370638238951,12.782883277736316,0.5206744991177934,-23.12239648848731,12.81943075348545,26.300611724472194,-5.044506820664251,-4.213808479393951,5.395900087236356,1.1377237782109217,-29.629765026716747,-3.338062930526692,-22.526478229506548,31.20724288721746,-35.306424913356054,12.910051702392222,13.15636888304796,-14.455933400011833,-16.93103015147432,-10.878756170665223
8,34.55980532835881,3.4903872933932574,-15.12160017377634,-18.481644286221414,-3.513043277536821,22.312286696212986,16.20062416991057,10.108956423137492,10.521662608975664,-5.404691839099939,17.52306836053166,4.516824184612327,-3.535081160241423,-9.928086561191575,-2.2844536543246248,26.10059455823414,-30.47627908890526,15.905054308391875,-13.592885203237508,11.793091882056773
9,15.593740980454875,9.94621866534361,-3.078626940905779,-24.553956824130584,7.566112780889101,-0.7892218639559152,-21.859217166258183,-0.7327636941538049,-4.079073834530316,25.733263358228967,-3.443632069919821,-1.002103666689161,9.69566523070027,7.641401860639187,17.788370772235773,7.567798091123455,1.1095248589954156,-10.173157668431916,15.515168137932816,-11.45519946107689
4,26.153742583119797,4.0914451573060955,14.28746110378159,-12.57959919670036,12.540908632239564,-2.958934313893807,3.1340747826030473,-2.6656685672752403,-14.159698955278186,-9.946974312062826,-2.7543721840501516,16.578206466946245,-14.14548090432212,-13.643017991394093,-0.9366638344778594,6.282370850301902,17.502643065786735,13.52058190627707,-6.487436436849667,4.575689382439444
6,9.276118754340526,5.6998087077725295,2.0123141866471226,-13.25776959540298,-3.2209261626998824,-27.05510412154111,2.0025961902971217,-5.883327307397155,6.91679690529092,15.353700926234668,14.29389044164289,-0.07894798936921421,-5.136678910230633,-0.10207666600788778,0.8933909878812776,2.456618453945272,-3.997158217045947,-20.95987683520107,8.55100363661867,8.586160399077507
5,0.9413853337891931,-35.31530856038646,5.3203233809471016,-6.274266355314716,-8.939944657126146,7.854306405120854,-2.229367745820686,7.939508485259252,3.2636363684065337,4.787060482799799,7.624401041991032,-1.6853355839757382,7.617096540097775,10.252664847301729,0.005409502748868977,6.277238995967238,-1.6302620655781368,9.457017504443257,-17.41225201894669,-0.6853541116089072
2,-9.27959600982705,13.187010558168808,-0.4605615423447409,10.957598400648942,18.839829216167978,10.776356603208214,-2.1104374787083158,17.849401682241137,-17.237707537944015,1.8419581279287507,-4.830305238353652,26.836710319682528,-1.3123552317387337,12.715196036077135,-4.12000783163273,-2.002333386679604,-1.9901237588084282,13.849695540249984,8.766925128930408,4.760878502493361
2,-17.10269303724517,12.766733554657138,0.5953944613618974,10.653416705456468,6.680037492900417,2.80632090591136,4.809855166900462,7.851397230125956,20.445308221056873,1.4590998143108322,12.333162750619142,5.127195519635705,-15.250057995020752,5.004318675470411,-5.125969442502164,-21.351467048868418,-8.623837995324436,11.479719527331614,10.619645962054163,19.272288096410136
6,21.117341750780128,-22.440293157850007,-4.147595137102904,-17.205006409355363,-3.8531596543604634,-30.79577336564489,3.1336326972161967,-2.670417427131604,0.3069623837965487,3.076847690159755,-0.930419033397854,6.077726119703473,1.5860710880952087,-13.492848912707702,-1.8982577667863558,-15.958454318443755,-25.48198843746945,28.049350989385893,8.746094754758,9.531004956567426
4,16.79027313999674,-2.907960683610189,5.7080557636982565,-7.46566394578184,1.2253422561493168,20.800888094545687,-2.6488174504529267,-5.607036123628349,2.844415839789793,-12.109632060828266,-1.357878358835199,4.203584022876256,10.190698649765146,-0.16633734208375417,23.37925177093213,-8.375461872677732,-13.851563448231047,-26.203829248790196,2.207288222108024,2.375307991161521
7,10.95554752384902,-2.4222565094928656,2.2205409265671374,0.8213901755731934,-0.11122989763411728,-9.1761102499249,4.224967619043421,-2.1470498878071496,3.9310481335385674,8.718803339205818,2.02133791778404,2.0923297035586836,12.703345372520829,12.059299582503915,5.40631578990753,12.60198082197063,6.114825375639917,22.598148696111238,-25.775229627883764,-11.657523177298852
9,18.81409174451062,-6.4412990345900285,2.9722512857008843,5.687305823414843,0.6513471172396499,-0.002043792085287599,-17.642572264920606,2.2557301606927167,-3.692388794838568,-0.6840417861957071,-0.4291793319275895,4.126889488839367,1.3943033648045091,-6.165193333505863,-5.877924697413015,-0.23415162704372516,6.953517599976921,3.420473366107281,11.564475982887934,-8.163156585019339
8,-1.2108457181927923,-17.80879856671155,-30.913575581154753,1.4628334581748916,2.0695108538188722,4.194474799827281,-5.2684585401393775,-0.3008489174843434,17.8734623649607,-5.971776839953807,29.495557249296095,-13.5944304222135,3.745223890223602,1.2205158033376136,12.392126730588496,19.59948337957308,9.960248445372383,13.869032853167877,8.772879076088639,-5.4433263492154165
8,-17.11454625937377,-3.102332689334948,-21.60455733792815,4.468175202109398,11.788851314703518,-36.29242092375903,-16.851723156961928,-4.527091724242068,8.521187410109846,2.266190628941755,-12.681039986139835,-10.713089629220136,-3.2551655086378823,9.08686003994281,7.090982266004966,-8.648621535735202,-3.2101574407674622,-3.751140418207035,-39.85732057172314,0.6253524087615379
5,9.32225145090144,-19.055189520406987,-3.492051515446231,-19.208697925775027,0.6506853428770545,-8.032385587026528,-23.996019364258583,-7.643352741436893,-18.277600601546048,20.095126415071537,-7.8687607611960475,2.5250165400107694,-4.258943778417649,-8.568553477549283,-17.530794003184887,-2.916540406201247,4.654812358886078,5.393493664778347,-19.45045358512932,-10.724798099877598
6,18.544317726770444,9.160382223701307,-2.9154672784770463,-4.381983026613566,-4.688257256672244,-0.5432965074784057,2.90466282197625,3.243404363679517,3.0130711540531196,7.676770407204708,-5.871828700552453,-0.17193403119684514,-7.004375082127945,-9.022742688485963,0.5523911715405879,8.906032872490087,9.000741983988906,9.655423355831644,-0.49540496110911914,15.653017548061898
10,-2.345035511526227,33.51904449036851,-7.8793463455851676,-26.33515688307955,0.6968193894273621,-4.930759740393903,2.260502052120925,-13.046710250173351,-0.7438529303848171,-11.141891972538282,-29.363629158938032,2.495678968742929,-13.783951611892142,-3.868898695549791,18.98137910949496,3.4519755282021625,14.835972127769308,36.75057080660625,-24.71767755783141,-22.46851095715405
7,1.2531229543180293,-7.8216623881209415,-33.599570382091876,-10.283557139883001,4.08854894042382,-0.9649679130857973,-1.5532630312796747,-4.513548431818444,1.209122941393935,17.282411046894392,13.021382784047502,2.876454543363163,4.068409584397983,-4.687182237001089,-0.614647777195434,-9.95459472792302,-6.991046498630828,-6.46356350460602,-8.565940705202124,6.0224774412829305
6,13.00350460001514,-12.53042864742288,-2.542253017164154,-10.044473634614672,-2.410272648107907,-31.5244538119167,-4.971691008556176,-4.663546392735262,2.614150576853119,-5.035642500725565,7.172301105505822,0.6155435717695339,6.649540332102056,-3.5030877559084246,16.650349520707174,-4.417624018622675,-16.593378502439943,-16.463479142178066,-0.2993205475269627,5.4605087707843065
4,19.47222371013624,1.459094670136833,26.793431282088896,-1.7357616659804003,2.6744487376639894,-30.46462428229149,-14.347253317539879,0.8450363104984966,-14.080187771296709,0.09982439978763646,-6.883269692122607,-14.193532605389375,17.394371569200317,-3.787178520263005,3.5147991670742496,3.6580794691836225,-9.048518372332648,34.33512604421887,-1.23695016570885,1.8686018245463507
10,0.4433213458672789,6.880112479320305,-22.842964922128175,27.567911128047694,-6.255623558483149,5.62527846637137,-3.5752575645097817,-21.768858076881887,-4.482095424437363,-19.96312868321069,-26.60736113126165,-2.7097516360506937,8.990177392266736,1.8424102998788934,-7.963077535032138,11.910763225788658,41.73678080943714,14.82674055161996,2.5640097110372584,-29.573260573926923
10,20.630796892498296,-27.276025744396904,5.904212333062928,-2.6244267073536207,-11.127450019160769,-31.561194818492385,7.357563212700741,8.529651466922253,4.587806412954807,9.695503021504456,-24.91807434336587,3.6331022949573804,-10.138438262956182,21.542536954947025,-8.203782922581768,-8.05501108285077,-8.68154419903131,-16.093847085579736,6.279145974668372,9.154634093645475
5,11.617878959718258,-11.950953883856435,7.721423794316108,-15.822126442823894,2.7664606247145445,-8.114912197245307,29.33853357314521,7.67170922898396,20.998982502413906,12.072270243054279,-3.6107407773389526,1.9923613108819749,-3.6710713071832024,-1.5773874553272533,17.989038649089768,8.657225875505059,1.5707393713607758,6.660030543350792,-19.784981082866693,-11.674698142829898
7,13.118070129525275,-9.810537645819283,1.712487192499281,-13.345066352251717,7.3726517739290145,-15.373733785310275,-0.2075934002184282,-13.742523969130742,5.544933661763736,-16.50006640825221,-0.19109261381317622,9.908265527508693,18.466672263407176,-15.695216566976741,1.6561139682154722,-2.482100365613121,-0.6931085157547301,16.89160607070497,-38.48707054890131,4.008115242342178
9,8.463035376669279,-14.404398257557311,0.41098926779567413,1.873673764012219,4.439942775298464,-4.398301099225514,-25.453523693490382,-4.749185969438645,8.74926423834459,-17.276837451237512,-0.7497653806694223,-6.230297426685308,-5.606068462398637,-9.173074846660295,29.44008347078532,0.7932126410814513,-5.677861987225141,3.0242754414222075,-12.294161894871078,-9.567611560236802
6,-13.203206715693286,-6.513980825347213,-3.892690812535678,-12.627571927289866,4.670125868453388,-17.628178337684353,-16.547402235994348,-13.723376774991976,-0.8471765803863476,-4.482530689680957,-13.952783923964773,2.9565175947244913,-3.15917899896304,-10.059557256636557,4.56583625394809,-22.16241850915461,3.0901126938993624,13.400257986440025,8.104088090688526,5.515810773765493
7,-0.6832086842347778,20.35394043994128,9.3398090206191,-5.784424763771944,3.2668147118814446,-8.328067126369028,1.0835721340669886,9.31490023124412,8.88056492903921,-14.517826573628438,0.5218735408201481,-5.396558483264484,32.50095669554926,1.8969332702863322,15.47115854055583,0.2993985119031841,-0.0754863607995162,3.3609006528790624,-26.06932866679745,-16.183620319208334
9,9.678734901946559,2.885419216905071,-9.775668916826513,-1.6421563852385326,1.4567865679593393,4.790793427309129,-15.35728854669851,2.25422776885841,3.9119641509257823,16.129008073011732,-1.2194282317924001,20.99068336235851,11.092483543453072,-7.321496760367011,-11.181487817967229,-3.0002093685060065,10.471504882092841,8.293828665172743,-4.551741405506874,26.348987430836804
9,8.96957344982627,-5.672417745674185,-6.948739259633859,-14.928826487871515,15.965613477507658,-5.246690407638612,-15.696463780380878,-3.7973499503186696,-0.5468496584941209,-14.26971508466483,0.7697115371119525,-12.35241810351176,10.919512085141978,14.008864213919964,6.019097663160423,4.866856406980561,1.20949227021169,-1.115169876429123,12.222361804757556,9.059773459505777
6,19.82627720493554,-12.796345645891405,-1.899308672396981,-1.1454563806803861,4.116381450040662,-17.02514592385662,-3.01397509946922,4.677356134460139,1.806030892311361,-1.9779473738248607,-3.089238586183413,0.6361503716632295,10.757882033304522,-0.8010019093588356,4.522417315009626,4.8809628478480915,18.324869898887343,15.73159710415252,4.752749227570325,11.840478662373982
1,0.9733126623933455,-4.995650049044011,4.83734365153326,25.651108408718784,-15.473617999892987,13.9993707656762,13.52667898939231,0.8749848525217514,-2.42196014705786,6.367718296444661,-8.593518549936304,-3.5764465480353147,1.7755177411424712,7.002162696826808,-7.227479390464065,-17.83515370684247,-7.087387952749991,-15.931403258143165,4.962987101415347,-11.371055630128716
4,21.72244571198254,0.24581422816606535,-3.567806748849282,10.766724188544938,15.35102522098172,5.291867345304615,0.7924210733766497,-41.58164670922156,30.318991652771917,12.662826882762236,-5.314604486543778,-4.183493840191773,37.66995524865349,1.5329597868626763,1.444852084044237,10.492033248722336,22.883699196970795,6.98710714439796,-8.11669352588248,4.283082737508184
3,13.341802212198722,-11.333183998218143,8.989602597928503,-6.620488975704477,-3.252251448948863,8.760413949876279,-0.46290103121914083,4.704460247012923,5.140761781974443,-6.535787229460389,-8.968748366437463,17.580857027514156,20.717248732451623,6.7117689858500444,-3.4444769899270247,0.9300888408209556,5.821488162721298,5.616092644823341,-8.646737677028241,8.111241470197136
9,9.948289070746352,6.424822888075804,-6.242399889292835,-15.901729402975551,-12.006950013810807,-4.111927950432381,-15.036721311298681,-5.035780445171466,4.410679616074454,20.39752542973966,-1.4914161166546176,-5.706356127171683,11.877682074665614,1.633677293912215,-6.957396315513899,2.498531255077705,3.2559274169400063,-2.9665515441918004,-19.044774170770296,14.863052870115768
3,0.5299970938943446,-13.74381024493025,0.46892512971373945,-50.596894567793356,-9.195433811367922,-19.55513938012583,14.22138263547592,7.748175687991891,-7.824537997082418,10.572269512954634,15.523497801405098,-13.290376568354747,-18.527207344502017,33.25194742278031,-2.341300975504933,-1.9678838958661735,-3.7652618379354212,-2.517526552076532,-8.180806537147923,-11.953644182378351
1,11.928074784224247,-1.9552648667177617,-0.42820313704104773,-30.22092331332224,-5.062752778927612,2.5769605124565444,-21.521156079566076,-0.888512360293551,7.397732623344138,9.358108285987853,9.45905722207743,-26.36697834296149,5.8878567790908445,-15.586051256918024,-9.29483936736985,9.866836599187284,-1.627498824222859,-9.825055150888764,11.111164477355025,-16.2688628491031
3,-5.822004341734944,16.872928785035434,11.457374327295037,-20.47998563907531,6.425955764411304,-0.9406217885172301,-3.5420800872328626,4.533556195276865,5.430076651353561,-1.300260942655265,7.1848820657016885,13.5706231295618,-18.9264390416306,0.7231651322085141,-12.261811669506814,-7.412644839247527,-12.57589545726416,-0.056928235729021504,-4.641859665792686,10.613139372923243
5,4.960664097442761,-20.280440237720544,1.1738555906121944,-34.644856708216736,0.9291731884199933,-3.914523686559396,-21.35989095794643,9.537857792285312,10.329876222170654,13.715298981524983,9.695808026985912,6.327950117568012,5.763987376092023,-0.638771572478146,14.771645250181049,0.7291247044203986,3.7516813688740607,2.5444695514564946,20.255834263104454,3.7282021393562657
3,8.824551252209869,-14.775544782155816,-15.289335411649407,-46.258594470773716,7.8503263949394455,-19.220191758369452,2.6504563277269044,5.772211214840485,7.957305749610658,-0.40200681883767153,9.222269575162995,-13.741610768546094,7.7139244117524886,21.176457406549837,-5.52514199452073,-1.5856727058255824,15.968108946637322,-9.466873889747543,0.7642234285936649,29.050091411690595
3,16.490640685346584,19.613578577134493,-2.1245946281430217,-27.950807615874265,1.1051669363718002,12.903928874872193,-6.021593646575079,6.052059926842606,-15.790084434843019,-2.95375872987878,-10.307744973304377,19.80641651242681,31.166144083477946,-11.293686351287757,2.7060490368245,-1.1541818041171148,4.863177230259431,5.721137066235978,18.25851342203336,-22.536232638156747
9,21.002724434722403,-22.915008880581105,-0.6282022803636418,6.7483777065777995,-10.023375567503187,5.392645104739891,-10.995587963532078,-4.901371703951969,-10.309083841010542,-15.152427364777354,-2.8708134518245663,23.412444512602995,3.326719885311876,-14.318921045689361,-17.240181330237583,-2.0437770189344264,-3.080118939667211,-8.38737853388559,8.893290351352654,-4.787066974358125
6,16.49246325605363,-6.289722279229606,-8.353849795335664,1.1909549826351826,4.292948572990299,-12.090618417037899,-1.4048612467735975,3.503819883902469,4.566443317550903,-6.2052454115369295,-6.262351086660367,-0.08679610919709613,7.602891650997767,-6.600866819358554,6.000567222641057,2.278333285983624,20.01357374487774,5.375857620229656,-13.336188042577092,9.827737092991054
1,-6.130723721656207,-4.7521914779163446,-11.182822065796566,-4.279200376395677,-1.9127434238784744,-9.44972527185109,-3.136615860796012,-12.090970908980985,-12.780196215748838,-2.441280843946167,-6.731756789447511,7.498756279556597,15.291178616221705,20.827795287531217,-1.080992888622232,-1.2487829586168435,-11.852858189938612,-4.740078528278373,4.220830048576881,11.857085369719833
8,4.150861428427264,-10.301165109075821,-9.993238273860497,0.3910380665476918,7.557906661737385,-0.4047720457444739,19.318693870583832,-8.529616658104663,-16.962160623602436,-21.22956409640178,-9.567929416948791,-0.6163267592365895,19.618431724795364,3.486285059923232,10.126184718765645,13.589933870462255,-20.965304019146142,-2.641210460702053,-16.456510025418993,-1.8506240701959347
6,14.993879697707648,-4.171276670820711,-13.279783184393947,-15.47659890650181,-2.2331461082032056,-12.444389023242437,-31.859790449102444,-1.8171243725086728,4.901997630649329,13.743418351447788,-28.76426554375828,-1.345752556118575,8.341220661841653,-2.230723804086035,0.13994764096818324,5.673061161060079,2.069936535344249,28.51906691264925,-8.654693725277815,12.881509204501997
10,28.457063404869324,9.85509509603419,-8.802788387159396,-29.764170768371486,-23.699458196544416,-5.202950313582472,4.762206277680472,2.336170617249717,9.468656546631081,-7.945260881558086,-15.165536304763936,6.820349574535409,23.90821090281046,3.443902606896802,31.27973784609702,18.365356261422328,-5.84062084646019,29.14924910170843,21.220731123360295,-35.01725311921127
6,23.558275402920152,-6.518675366665127,-6.150339129896731,-13.605043078492635,-1.807337570874871,-38.262122563244716,9.897691338180863,0.8556821014665381,5.695359061952544,-6.2436697252724604,21.233038514946937,2.5972881919396738,-4.388801795021799,-3.152435853234377,-4.3101486657547525,4.232625608821981,-7.344994475285443,6.280534747323556,9.415238628632215,17.135008149721273
8,25.812101885809394,1.435039116653404,-26.87621344555965,-10.56722266729862,-0.8975545428045871,-4.857013066360774,-2.938965001409019,0.7044344841309531,-9.850896024432581,8.268981219417519,10.00247087560363,14.64196741401202,-3.9678326664378587,-3.7482384049072404,-15.5311215830911,18.600251567383257,-0.4013187153145408,2.0366858043876848,-4.625126930411982,-3.181268133129338
8,8.836465257438604,-15.64275045978189,-19.843005678697537,-1.5993364575386364,4.299873471923004,0.610061098980669,-7.3357611892993,-19.606486802320738,39.724146023317076,10.783574182564772,-6.802687084798719,14.35468456544994,3.718492139811948,-8.793243233693888,24.951495950365917,-22.310464280453985,-26.594571345636055,2.9843511009112413,11.475620614046234,-37.241574321303304
8,-20.69533303330745,-15.7297479601826,-23.090977356486206,-5.25290467816147,-2.595177948913925,23.964459564959665,32.17338148321434,-15.882963629915396,16.194995882522647,1.0853424337042998,9.783977654215848,-14.168529613046257,14.437777392797669,-4.258677275113499,-4.1888017540198925,-21.398088523712403,-1.7168973891535764,9.605616344113864,25.04080275987038,-5.321014948361589
6,8.567408009215358,-3.7680706706009985,10.478578471632467,-1.1782446545842804,2.400543568807749,-51.58467782393474,-4.8858188775065745,-4.6103955628104565,6.014268342407494,-6.356425735530786,-0.745360255680989,-1.1662839837740269,1.495684724538363,-13.337922591414411,1.0851401492770583,-9.173809442173187,2.8886224050048948,18.84231738108381,4.04241410829458,16.08450707132525
2,5.02517512967885,5.120349389792316,-17.16395140080672,19.835992762770324,26.957596205845125,7.280168031716687,-5.024938277978367,10.066132185045927,14.765555325627918,-0.07690400973538863,0.3301447672736131,-0.4875635547243853,20.926324482557245,-4.1454557550640025,-9.411533870132724,-9.924866749597886,5.935127912373562,-22.97421377963836,0.6124297777074473,-14.694117852545887
3,-3.5101545383950494,-8.106648540209273,-5.414978186885296,-32.4434063737894,6.196786301060232,1.048366711966642,11.810084840794424,-6.3463921931526865,10.682280744848304,0.6558240540461473,-2.6959219475178573,1.2258835568104616,15.90618534260592,-3.1934905503131765,-14.870151210166151,-8.67063973075721,-20.577471931380416,8.884750492374657,-12.562641397790374,5.747260197452775
5,8.946842943333342,-21.10584975498361,1.8797017821732358,-11.175624396758582,3.01412762140498,0.6000683141448804,15.466578991646434,2.01849651912521,-2.2249425046534554,-1.221433964056652,11.360053760174495,1.6902066291891207,14.04586432320034,13.571875544722946,2.3981081332091216,11.249449592957735,18.178809540955253,11.745410910473806,9.764757356339445,4.2008717013637895
4,30.49672124691834,9.643334370073429,-27.673087991850647,-1.000898227693579,-18.45468284414809,5.162550345349071,6.722108041541388,-8.85018711339422,-11.921614695323997,13.10068275789517,5.471643714749771,2.8682546271201272,-21.81550744822928,18.522677164722168,-8.205467318729783,6.281889799438513,26.741944605606726,8.437887058784558,-5.533149192435018,10.915063673561065
10,1.173543424667975,-7.084201241170745,-27.960986133511078,19.659761951256314,20.00022983319063,-5.977461862604192,-14.176383358703742,-7.600669978388017,-1.6136631491482332,12.648391074444065,-20.536745564658904,-1.509159487045219,-27.584633085956966,-1.0043505774238675,28.55813880187661,11.162966110337285,13.29744138240607,36.38101730904906,-29.81981474320994,-4.121838204041425
10,3.770458029656623,-13.062674580235866,-26.111424655149303,12.196181861201339,12.608590488636326,2.707207134144124,3.2936267508515957,-12.158151819933373,3.907769944780029,5.808113570311775,-20.525623449794498,-2.355963159993797,13.332624850636414,6.784309152021256,40.39625520148225,-0.6218810453859169,-8.429937362241066,-21.821292469897337,-20.338556912358193,3.6154674020109825
7,18.090336577046678,9.325787928943662,14.442847218038587,-7.422715997519718,-12.314327774048065,5.25106839045665,1.1172030786203098,-2.923031376176048,6.058645796249218,8.365159588161921,-6.005949372431161,1.9592089593971331,-15.504294946234353,-8.159790232585312,-29.476948264023722,6.574573576908129,-1.7036908015697452,8.756972853644669,-11.466691370918111,-18.391704717309302
4,10.123174617686779,-0.28699907623897003,29.246756726611736,5.21045493291193,3.9834018136852793,-5.671637789402545,17.16385977100827,-20.573396614784304,-2.374178970393086,12.541587365592136,7.183112584574243,-8.780179577470541,11.463210335942986,5.523013975476,20.128208865216717,2.8062050523650783,2.5975765747326145,2.1817955729751937,-7.098919201493755,1.3102992134678106
6,16.604778117026587,-18.078024703904997,-2.5454367852412316,-12.46100139634111,7.1375554313663665,-47.260284573933546,28.223773349334323,-6.439764612284723,-0.14746274164229156,-6.534858256453597,16.97517475627503,2.8369595907121035,0.03541861124638945,-8.354884457861237,3.0236240035856823,-2.2522173037825772,2.3925008351898036,-3.8319959849770253,4.533264105774454,-3.118868256684194
4,7.72762422836418,-6.72885439061712,-2.809095703790172,-7.416732622833419,-8.047916611583558,-11.382954389082816,5.889826900665961,-22.950899780282118,15.950754270447002,-0.819058123507357,0.7616270597254651,3.357273154099318,22.676169230782314,7.818245266489174,-14.39089428655783,10.150516673533062,-12.341925997055839,9.6972184946764,4.798332820822494,9.760921367728923
5,-7.165526146592747,-23.50228178057166,-3.3728444754725673,14.72701421727825,5.981522205328725,4.402842138751286,-24.507469102434285,-22.648225548614974,19.815973188590842,-8.601604647171488,6.091352536938264,-10.484704775199653,1.9200338613038186,-7.825677385499267,-2.9594073521632884,-2.010019202262491,4.545708275088106,-12.39095997274917,6.426516940578928,-6.314233968114008
1,-1.3235320125249483,-1.4039194019763566,-1.0149067132953853,-6.683858553966081,-7.78999676050045,-9.570890165213324,-3.955493409346773,7.397204232813904,-3.2790984603674103,-10.98978732408115,7.704214585901247,6.42498305203236,4.011200841073876,-9.736993427494907,-7.112658709022921,-6.147013887145118,-13.972293854864471,-16.111143351286476,14.875521560749974,-0.9479011532844988
6,3.595736269696868,3.7091500995453512,11.285252517244116,-1.1976352507315928,-1.901336479975635,-5.723291832086041,-14.286328588090802,-3.937946547078334,-2.407282835922736,-2.597758433779266,11.455116611325938,2.967581690099068,-10.890583524109411,12.986552906981602,5.582018782369789,-0.6421388966041346,-2.0150313413679823,-2.020861598448649,-0.5134778191578406,1.5217457463462005
9,20.65869657128983,-0.7967945986853393,-5.767546455819466,-2.692642692081668,-7.04710120566077,-0.8922569000392528,-19.548134139621258,-6.455081955703212,-6.169763188052066,8.248170309994268,2.6214852785802565,-22.514511092952482,-1.9148800531703492,8.986998423928494,-14.044941706444064,12.717051081827398,-6.9086996213316265,-19.235631375955847,11.51643181227636,6.4409567519774305
1,22.59693371971147,-2.23461830446657,-15.059655202658744,-15.686038188743774,13.933651250683031,15.922055476598821,-5.397215449272492,-15.278743087606857,5.189741004805728,0.6785361891065291,11.768599639753162,-1.2485041129210979,-23.85577537697127,16.523846724584473,5.358591307136838,4.703237614752612,-0.8837065096090191,-13.023123314591771,6.7396909148847985,27.930150901617885
3,17.535704238011263,-8.922844569556966,6.402121287024256,-5.885613080659855,-9.727231789443586,1.7196264480076984,15.165110902722756,0.3772047916963739,4.2623171531238775,-8.153655358510909,11.48795679567433,4.552343151799954,-1.3101360860752016,-7.081845625825839,2.490467967931342,6.922061926754403,15.798428746442774,2.4677133698716163,-7.727497010127412,8.755166975020183
3,12.230076640860442,-16.903733702726395,9.984298518318234,-28.80075438240054,26.19530402619321,8.007683827128487,7.18038220221629,14.422255386575078,6.61834823763788,-1.3605831601558853,-7.571171062594645,12.291003938712807,13.529344460472409,18.2337657960126,23.1407620796519,-2.9452327571261385,-4.885847011278017,7.032360980701455,27.095856509205156,-6.9170304372537075
10,-16.26514781082047,-3.3954501165253843,0.5367686207114537,-8.530479974150118,-21.193229826587537,-13.354393988620119,-6.117688238882495,8.134639390481883,-2.039428866592232,4.405324269612277,-11.637730447046168,-10.117608857197887,20.152695847832035,0.6499516117174303,13.754830812401146,3.946365387502084,5.730640320290012,-4.988808034511534,-22.13405529914311,-17.748469192464427
6,7.651857417997685,-13.231495908775647,2.2470868707776406,-33.50627707528046,2.425445263439098,7.667226288983361,6.33174277947759,-5.005859490853126,4.300568894296152,-20.651684647730004,2.8341974447675757,2.249223955084045,-0.41506460709515025,10.546182708113001,6.955012215675888,5.792210597883931,-17.804703650444065,10.012547321341506,-5.932929607007637,9.67279510443064
3,18.815236971847774,18.37816290584221,1.4396356314876915,-20.983966726717036,-1.6546538154981465,5.279804250398862,-12.396632969757771,-14.70109902890932,7.677264529419483,-0.47143986191429743,0.11265809518017822,-1.0430356110533963,14.26511145991873,-9.842949408998596,-19.908853084333217,0.5308332740094353,-19.526553397507946,-2.701902287853641,3.9009123762447517,-7.980239059559629
1,-0.7273298579841552,-3.88806356445623,13.506629346286967,-23.772277577265488,-1.821655412253353,5.93674379007826,15.458334659905153,-4.003347145574158,-14.156774106252325,-4.478493070059934,-18.6231822904935,-7.473293125590464,0.2609192938726026,-1.1655387165606055,-5.906870091109513,-9.175785311473579,-6.07417911031921,14.71215490555804,7.027711052971146,8.633009522434484
3,11.614130713983528,3.975079739441327,-2.545058977530045,-46.60705317094528,4.495230184003752,-8.04048152492288,33.6247039925253,2.8039564055976287,3.3636037707223867,-6.568092232484832,-20.941794131034435,-15.81192191081213,11.218618049490427,4.77771740020736,-12.292990473840998,-0.8803292307608055,28.064265524999364,3.7229249736166894,-11.39089123178581,26.022806726923964
4,15.130088531783223,8.522981360616722,-14.585932542295609,6.528386600563732,5.257592409785317,21.79832579348964,1.896329499298946,-47.590116043452994,12.517391079877672,-12.424838722316746,-7.78974558102412,0.3304191767512099,-15.354188119134655,-6.9602267062791645,-14.95653216955672,-1.615122642775689,-8.65839390171325,14.413206051378676,-5.162685658731132,7.483618697588592
8,15.920139025505375,-9.950064444334469,-19.495960422425163,-9.858400059753913,-6.762870661202383,-21.03929442540092,34.916112132590456,-11.421553123022143,-21.898353331696665,14.470660830997321,4.68715531248479,17.061895912330016,0.31617342257772574,3.8154396821710947,10.437439314004177,-8.852753456555284,11.138421850646,-3.76288326127222,15.969103289599387,1.9349236601350963
5,13.976157867632068,-26.123259361060697,5.5115454878292525,-42.39879171422126,1.60654411726543,-3.6524179562367953,-12.374462673481258,-7.872176855428018,16.451588750274738,-16.319520349462568,5.346326493253078,8.749250374796889,-1.1549421260869006,5.0313443929595785,3.5714629471930346,6.106353989047634,2.5275856734452624,9.485173204374501,-15.858558082283377,-9.763172775188016
3,-16.66915336276039,27.70184284304424,14.655481877657222,-21.227474542635232,-5.365786338225066,-13.960837677272009,3.9020873001131826,4.092208671321632,9.490640432886508,3.463934409984101,9.349368871175518,-15.031475733620661,-6.154119335749343,-6.995531828890231,8.304773803288017,13.771391135640451,-3.481968722677113,19.37905515767807,3.3428589074661392,12.954148516359222
8,-3.072344785499898,-36.495801327186385,-19.522103588840643,-10.819808593711013,-2.213673229904938,10.736848461283552,-1.7640739520443949,10.430218636789157,18.34776710280146,-6.8780928021921826,-0.5560621467197158,11.448719776083351,6.050295622901812,-0.9701057478426607,29.799411926604996,0.20461859895779,10.230663712901933,19.009930766022116,-2.1744450631730285,-6.748600026396385
5,7.503404884255305,-17.61206409585034,-2.6032316608360664,-7.613043577062996,1.2808625019445676,6.848934359063073,-0.457192131756184,10.515215467201003,5.968190061161639,-7.727089848621612,7.318813971780685,4.549645897891468,3.1206164748502774,10.86153004407667,17.272440094596462,-4.294284642717971,6.475570405389382,18.10929569044677,-3.918643658769033,8.753870920351634
3,-6.326573775448315,-27.894484431248404,14.213048825513276,4.559552649153613,-7.253796662339244,1.4556289668579319,-3.0209971655488146,1.4123138668764907,-0.5140049392945949,0.734068452620808,-7.6491627521578405,-1.4168995008405807,-2.0512697257471775,1.821104903789081,7.5592890703944216,0.38791114317052977,16.27128334499092,-4.080212306542373,-7.1139482278593755,14.577046126587868
6,19.145283887137357,-0.04886053894014308,-0.16268462051353227,-18.362486473866984,-3.540460826346382,-15.4324798171859,7.7357703112844,0.6566841468844142,4.025544820866572,-29.267795309193673,7.528625061644685,0.48475443847803756,-3.2862158395736065,-6.78188786840843,-9.51838134234737,7.193544057593378,9.576108007468411,-5.691592641408936,-8.852136809544897,6.7301053766269785
2,8.533907830229197,6.627973716493413,-19.44056800673611,2.7077951589477287,6.068843938206321,16.68693186859391,-12.028109389121203,-5.744687238860401,20.1042097178443,1.2065353766186544,-0.30163289273146376,-13.189614227575994,-0.5092767958237148,-13.272811099463205,-30.462911158457235,1.7608303550499524,2.927738015019874,-26.870499326121312,1.9490142900530907,-4.489596291611777
3,3.1441724766647408,-7.191816473413083,-1.9013025915199395,-24.48975811950762,1.8232243363681473,4.900499128860323,0.9217794994265507,1.5711334997509745,3.977558762021274,0.6480511801866566,-2.1738988971186006,4.733531670192791,10.774698010799357,3.137873332755897,-7.535472196159792,-1.9218818037460712,-26.133429505315224,-4.506668850350661,-2.829820727389709,-8.910192394278582
10,24.28174503100449,-1.073366614298792,18.87524542062412,-28.937744851259918,-1.7146196162578025,-2.508845417647657,-0.8065553383772415,-11.675499968358771,-0.2965889273604687,-1.426976055377166,-25.967717897277375,8.05197879103115,-13.573462401429264,-20.58625088425376,-15.873040405795422,-9.09014206785863,9.677635647888081,-12.305027591432271,-45.06482031792434,0.014617894518272001
6,-2.8800307231673177,4.442051920543193,6.2503598368477,-4.260838978424282,3.6193525255114376,-30.222588159033258,-9.808673763752031,-8.067837515176874,1.2782924884812232,-8.719227453881466,1.926540578157247,0.9309770193094788,-11.106458037253539,7.0511489134665455,8.00836284269309,-1.725141117418334,18.563541076735213,-18.76500731729863,-0.7992105666011968,8.709851382353165
3,19.595360923247313,-15.274040807269511,-19.259903995078705,-29.028614849557265,-5.895728922507995,5.137468697842135,28.029552508192754,1.1331101581038645,1.5409194511271216,-0.29523339530239145,-14.270524005595359,-24.009129458807823,7.758330182605247,-11.949184857850263,-12.82760520259064,-6.544979699979365,-21.35301577371816,-14.092165970598929,7.166942359485616,6.68311913571091
8,9.175646896953435,-16.425763159138327,-20.874445566864424,-9.24896564468353,3.4925104697773977,-16.598269021920714,-2.241230079560924,-12.5435966984941,-7.888185387419046,-3.1984043524453454,-14.109110850530445,-10.508103644250593,15.466952621272597,-8.121064034702862,0.7082781456587088,17.687068984907306,17.862562369794922,-2.7424711277638516,-0.4292124320659336,29.263882349057532
9,16.721816381166768,-1.8219797611741426,-8.248687183411159,-17.320659110321866,-12.127051473495207,-6.974358831116062,-22.77160054279569,0.36022840136210776,23.53209326439448,-5.064074107292941,4.276781131408329,-20.443274146807656,-3.3808102414037453,-8.637687556628276,-3.199209935395285,-8.343768677879257,9.217686953076534,19.661904203526493,-3.110507950549837,-9.146889114939489
3,5.075476858430166,18.056502981381804,22.36074856661307,-4.225566575483661,-5.433580610279536,15.306824162134799,-5.907441697590775,-2.436266166524282,1.622396531461599,-4.074969956363056,-5.970725165140143,10.017036760631695,-14.96472798888838,-27.75401052526359,-7.065511142617572,13.854031430018695,18.476704085206784,5.628114716811233,-12.227180182519024,0.9520140002707154
9,27.213000853956306,-4.138359420594721,-6.294105559525772,0.7331997008208848,-13.701807035255907,-2.145358590316258,-22.61375970061458,-6.3352206659660935,-2.2495657225163472,-7.890003241902024,1.862732092051104,-1.1482620141718065,-18.24962735213493,5.140505333476851,-9.912863756190402,3.5860506712049203,17.98096451022691,7.209299468386364,4.619110252458297,-20.209157886970818
10,14.531984803375053,-5.791572847620985,13.022883259978883,24.5564086634226,-9.255438189120918,2.03629348350197,-8.035324111328443,-13.059762980913085,-1.4607779546269035,-2.641436143622597,-26.74389115214075,10.140832919709457,17.81509286258894,1.2840379942787545,-16.257168841357505,1.9492134333267863,5.656908764820813,11.86647510872524,-10.282809360931326,6.270256632217266
10,5.745771813139887,12.9487428371871,-15.726977671520046,-7.870695157399481,-9.879968020210237,52.131841440465976,-32.684372038402174,6.200194996751859,-1.975608014648413,-16.36566482513532,-19.254935307989925,4.14205369046589,6.287547182840922,5.955345201693564,-29.614781648982678,-2.267046624757246,-10.932316844914904,-21.87648698399903,-61.80831890766574,8.221252931376965
1,14.013237732534405,-5.08283266947701,6.271682913232061,-0.4814656935858759,3.674503568702809,16.710712124886342,12.681530326595677,-14.247510629809469,-3.1964431233876116,-13.632872378812968,-5.096255051597866,15.718126657194922,-11.10131439677556,5.627795929546645,6.7933440937821645,-7.860639708997901,-4.697310119250212,-15.447118599271933,12.188767986754913,-16.249563454546333
8,30.67062768102273,-19.87660419197524,-17.066083253948825,20.03758401040581,5.939740236860313,33.42099793222994,-10.832041365086294,4.67022241065346,-11.415072023454659,-30.686991416554843,-30.07721771126888,-9.476929629745706,25.802926453341993,10.172354598266567,18.060842321407264,-11.631090703076945,0.802147961984784,16.07437505839405,21.74904238866211,13.626605320156955
1,-12.148328767956931,-7.865858725592361,2.690784234414232,-4.565192501011729,-7.978908586144241,-7.071468442976373,-20.12614115123982,-42.497594191539385,-7.595681136172468,-10.472918445686384,-10.227266264188136,-4.824613581592758,-28.579085620832434,-5.050166251544866,-9.379268382780552,8.691338922602931,-10.477631647048577,21.392477270149232,-5.976778851866547,13.666284063178356
2,5.292519266551015,2.2492505000928515,11.614068280271686,14.900194803677119,-7.834176530724609,-9.842265765419732,3.942767560877029,-1.4212128723497015,-0.5512479446588525,-3.955526236616515,8.501609177571392,23.727314199587425,16.527075527837706,-9.790999603587206,29.019447347027345,-16.275897097197042,33.93398884898857,-17.382753957513067,0.3119041787986956,-8.092209134731142
5,-6.652244030180427,-18.78287244812448,-3.1011350759506735,-16.583954134034663,-0.1547751997921487,-0.671385639569968,-17.889124064983008,-7.253198611198675,27.699887423559936,-12.038142528606015,-5.513850831389522,-0.8434669382433886,1.1414092330166754,6.794931306109416,3.5480561008582843,-2.100201718224909,0.45004356031561876,19.33050096558886,1.7730297143528686,-6.351606897024352
7,10.49422462300268,3.720540830678124,-32.4327661817187,-3.6670756863124074,-20.639185472147656,14.695627770895136,5.7645734395815795,-0.032433995217340694,1.5947683447766834,7.306790995414549,14.502119285263786,6.4432083878230415,-26.251648987568444,3.7965859762434455,2.270736881953477,1.8607436746764958,4.9053891527577775,-11.939290043814013,-23.642154484862115,4.42843389324027
5,12.304762222291616,-37.08216740491369,-3.630542384512204,-12.976379292037116,6.317496055446794,-1.2525821173742488,7.426531565431616,3.1253201108934965,15.205284240292553,-9.04775765989421,-14.758782838931934,10.642814691498714,1.2298360950108957,7.858681890910456,-15.178598513115922,7.037734777587791,-0.09347179732050925,2.3603776721745717,-4.619949213366588,-6.917020713552434
6,17.274681897116217,-1.7000670217686833,1.6637060605007694,-7.706623849048444,5.105712305603319,-13.84192261982093,-17.708189700166745,1.0519440729777636,2.2000530537353904,-12.373638401267094,-8.766222353290265,0.6488921201654008,9.32688080554243,1.9841540819173242,3.3848119298274044,2.4120257939308356,-5.316601353634379,17.881479137264744,13.952431510579988,-5.429916986807905
10,28.57276880602867,-2.9152164018452793,-23.355969096563395,-13.507140359652576,-27.16492459415114,10.478279360628406,-2.6356573323529835,-5.467813677993656,0.8843845767050782,0.7949041306593385,-24.41078674302565,3.052618531781656,12.16375475331913,-5.5545969562284085,27.91844421756923,1.0493666419041046,6.565402920412051,-5.888196067504602,-43.757032653134694,-8.17870321774237
1,-6.611131630763866,-4.259930160544537,-8.07298661690615,13.505548543216825,7.618810809102912,-1.6921102625768811,-3.306826042428238,-26.607358553186316,-10.638954926524457,1.178928601415126,7.209313807338804,17.809730026685685,-0.8692206395447291,20.46404080807815,1.8901348920864134,-0.24847798635438867,3.06834853564302,15.747782135439026,-6.105416232136957,-0.8783495639510037
9,21.275151593156675,-2.8047612560867066,3.0095683242324363,-1.0468035842589742,-8.654455843627355,-2.729375152707573,-22.506440670242384,15.35681904990909,2.9733873507418975,-3.0422923801244637,2.272452390262993,18.677820186343297,3.751027166131794,7.402883996242881,6.2716355879652905,3.1735864360689385,16.623882972131945,-10.707013605604066,5.747347127351151,4.446679449641745
10,-4.780803847054397,-10.772878031758523,0.7846642302135622,-52.44605532442216,4.941706966480715,-17.33690154319058,-13.220852726536972,-0.14738230973895483,-0.3976137969443596,-6.49153065406428,-25.51623391828103,-4.584119325577621,-5.905615269341633,-16.16185057257399,7.4674213828701665,13.881583727793805,26.41180282194429,-27.10339514749713,7.78189608106273,-5.736350710840574
5,13.10598101058105,-13.429113328243233,1.3386697911607686,1.5293055496737464,-0.11005394015945091,-3.538609025999097,23.944471338528267,13.473427506045052,0.23649942020667325,0.807495153940657,11.356448158245978,13.504731341525916,0.9748428494600683,0.8245434593005174,-11.376544809379999,2.537444516137087,3.364511630034956,4.110949992602312,-14.952758272144345,-6.758147875490936
1,-1.68320174118356,-2.1510032052069956,-2.9530824939936626,10.928710549988187,2.195572929254122,-8.9275208223308,-22.57087132149158,-16.316535438899542,-9.713753136952485,15.357479730040321,-2.863772681213227,-25.21267196556446,-3.765745693236981,-3.9107196570756755,-8.231179238478392,0.23775201200205842,2.0731296867234184,-4.711446653588287,-9.222460176627452,23.406998529441058
2,10.506904121426432,-3.026241478083714,9.853629176095962,-3.6275233153805586,-9.697203709104855,-6.710145725467814,-4.728945211847482,16.657340882625224,22.44984188284066,0.25550807710283313,9.82643334437628,4.614196251554085,10.547748878925901,-7.1732992903295205,9.225684651041929,27.245289205610153,-0.2078560131995726,-7.116945777209253,-15.465811334164123,-1.7429820237043723
2,3.818097635284405,2.007429912669019,9.120321066838189,17.12761281337787,-10.047047075598147,-43.90364213528276,-6.141712086333253,15.116263206324922,-5.499312293030061,-0.7130821523995043,1.2354584086566915,10.695307364275115,-1.3316421216568268,7.119402397341588,21.203495148481892,8.293316570351374,1.3705776608510094,0.5474188729578078,-4.020176819859362,0.7830463337738789
6,-1.9621392370407058,1.3364550731898723,0.9482028601008936,-16.48583951255448,6.504692687371467,-22.575346611022223,-3.6972215365209906,-5.926577062773288,-2.5930413140722868,-12.913203966855525,19.89399131891387,5.925016709395111,2.902582688958411,15.900407196734216,3.941488965988094,-2.537841607606041,8.652067437590844,-6.398288321049264,0.8642843364980324,3.8085890602203083
5,10.543049883318727,-15.141060002842403,4.7921177985995875,-26.612234366890135,0.595298404872638,11.534680355264026,11.53716220871686,-1.7327585665551968,16.131249744967846,3.8498465021251014,0.3575258499889594,-1.6017277640980732,2.97613385722284,1.7009664157877156,0.6408080463749262,-4.038088395606545,1.6257829431045396,17.21040426504831,16.18404341186085,-7.89697474766586
1,1.2127587129918092,-0.1718679485768413,-1.624720617761324,-12.096149542562014,1.1831920521161123,5.290377417544964,-16.58082485546644,-5.405092973797306,-2.9292442427623353,-15.208616686753237,7.7423803893158025,-12.83706254088382,-8.668473397737822,-12.58386857903842,0.5087428004624869,-9.271367131321695,-1.0515418149495046,-13.399505741915913,-9.161404479018252,-18.248718861193638
4,4.23194499291464,-0.9690027587307779,-17.878284501671768,3.540282343027502,0.4312915326901121,-13.590487154824691,-0.4250664976642884,-22.020240533612498,19.17856679665037,-2.473491979040265,1.0077955296964394,-15.958188999199795,-12.953256492231834,10.478828964274907,0.8906201477487057,4.1767676116091295,2.8279124091367955,21.159720539596655,-0.23013792153209944,2.200827457103772
9,5.393006910337865,4.673156872048345,2.1449591624167548,-4.056359421998839,13.720874154997652,-3.085922334069532,-17.47287868691627,-12.37231346338812,18.050393165916812,4.035172264245118,-1.0914818980383454,7.892150408850594,7.249653364480007,0.5819987682590776,10.582430560592842,2.7312512990364675,3.2808174721294048,-10.192744404225817,-5.715691395150261,24.656470565974548
2,0.9643191628954694,4.88405991420049,8.047223530243109,6.891681426571201,14.741777358077254,25.9060735306453,13.386773850225488,6.589500707825879,-2.248962994158326,-4.078256342540817,-0.13188387487204745,-17.810601248113937,5.507365260844713,-16.47491947558129,-31.48976627881421,-0.37688372839054196,7.281539389006423,22.059185104145545,8.892295245180312,16.360417245679496
6,3.045981188448039,-15.340302197511951,2.841780930545716,-15.899180604664945,2.8812200304094597,-20.964224839048967,1.8269908544588158,-6.479338981063301,10.055232925848088,-7.851469332244113,3.4568931695163214,4.571307065683474,-3.033899917721426,1.9808323904650322,8.821610238069429,1.3671663915350376,14.617829896684254,1.6312554894882894,-3.571084716413982,1.4865809277657163
1,2.0691581441311695,-3.105740302363668,-32.51841142810927,0.7761178529228236,0.9795683569660572,-1.9977375192835887,13.30301698982548,2.1074787527977508,-7.363423406831491,-8.167094220264328,16.630104078063912,-18.595798974096066,-15.226056528868018,1.2501171734295364,3.5634569154864653,5.016219560123303,-13.111502816026363,-14.324225056985135,-6.569992973159891,-29.048445536542168
3,3.0208513536328576,-0.38860048931530655,22.83180637455711,-4.770342082759438,39.35080059106109,13.52359439958132,-4.405455452156378,15.109711527414849,-4.5713745926373015,-2.1267232358793025,-2.731023486911198,3.8386705436143123,1.2628355628062513,6.51370616576796,15.562410845095323,0.3823958023530205,-13.926694589251916,5.138388591056174,-11.5266389564567,9.996593993112553
7,-1.6611630439172078,7.395320031971341,-7.85901163313644,-18.55455690711238,-5.410711454781127,-18.431024392883078,2.151784372172411,25.847389029496682,-5.748692292981703,-13.29167493240846,-3.85776829661224,-13.021688373032832,7.742692341649944,-16.448942744609504,-13.835085745453242,-6.866453066910632,3.955179997104188,-2.544756656881268,-52.654624195593314,0.22281138818026336
4,28.455555046116775,-0.021177700012534162,-1.4585427533999693,-4.715821150529252,8.195167606191632,1.7769919448055342,10.368426172300962,-59.09569891761995,16.980116443097803,24.556669891500487,-4.037178706291915,-5.07604124359129,-2.374788102505864,-3.3451516011190883,-27.56764975989054,-7.210641578144075,-17.730674626995043,-14.585914732604024,4.3291748751514865,10.354179803840921
9,9.280617074925212,-4.874202041157373,2.167477874976572,-9.425630473842965,4.803572062663118,-2.8558623071785028,-28.188398299269238,-6.710897971785203,9.221758629336518,-0.9820835836376335,-3.038533849001335,-20.232674437598238,13.904468639958695,-1.2855470872371324,-8.922712097229306,2.0350862014640994,-2.2959996354241876,-10.566749594434452,-6.433821275547421,10.653860856528732
4,13.853213322025304,7.785965354221014,18.997404303566935,-4.640056551368523,8.609851126042875,7.144463391516235,-3.8185359354305275,-22.900908565462654,15.17608915473042,12.788558840075389,-8.845973927665666,6.253664158261735,0.17612408424847192,10.528099250671161,9.934697540989998,-2.1558967542916454,7.801102036804824,16.277037657605874,-2.7603684291462667,-0.16994050638566938
1,-0.17638065039876016,-4.054100852790886,24.289245222403636,-9.082222395541814,16.84359690069294,6.851617943351044,1.8735673161605806,-7.419539422520201,-3.1102427720676182,-4.275176688475856,-6.514948249249435,-7.364975104390153,-18.66797881244992,8.245710565948624,5.899315379242646,6.07367143917742,-3.4603096082525253,-14.81905250203433,10.871598021503118,24.267281933223707
8,11.296278240391661,-14.758588808667156,-35.202220386647475,-15.264144037328034,5.614462450829435,-0.2535594080595016,10.469642788879584,-7.745893561571058,17.415275517738976,-5.9899958489975775,-24.878857001651795,9.094110435180388,6.683422118312276,-10.526057521007395,8.344428039410127,-18.558753465403793,4.051027014821608,-0.23651313046555344,26.400749165876086,8.151086431422774
6,-5.561568538497307,8.866143614682498,-7.012625666028692,7.443593893146571,3.0490359098384494,-10.02500159691088,-18.808306935312412,-6.579075929997528,0.7840982203165738,17.797966380338522,13.395091522067938,1.1626900082821912,7.182492772284784,0.06522986173894108,-8.77867576544366,8.685297949554563,3.9135572856749192,-13.453299083503303,-13.534949582007178,-8.614075419552053
7,10.727417903946915,-1.6879207867329944,-11.30142976387222,0.4834712763208495,23.423706819034226,-1.097827146336091,-1.712468634761748,-7.628707244551881,3.3486572051683883,-8.669140123289184,8.989049848685028,-20.08851568163591,-11.579623712702032,17.94375524763021,9.032189252339133,0.26345949624296705,-9.637333693299437,3.719558989328809,-2.448898559631637,9.488555353316254
7,10.633630600321869,-14.56016969543345,6.909790830063189,-21.84252922679763,-1.6570065709436639,13.786626636452333,1.2251711516027024,-9.41251061692719,-5.0377976597501295,-34.50361604330509,-3.907347775656357,-33.575342673664665,12.775054602304715,-8.061094401510047,6.413299617853695,-3.092747803889994,-4.830409245615618,-11.984686975670881,-28.79617400216687,-2.0002420564619214
4,13.542736198720124,-0.6327838128023107,3.638657114771071,-15.414593809374935,17.954931230479442,-14.793686689022406,7.135134937222102,-49.26325001325273,-5.010637517208915,-7.6231944277142665,6.060545546104583,3.8836111464190592,-4.331205558655394,-11.51046236889768,-0.18936398463623116,0.6775564988864036,29.014146054777335,-20.561789438247985,0.24893265900580952,10.7454966562835
10,28.306162075891102,13.483533637502907,6.123373261019942,8.737770112226938,-5.487982797380513,37.87457460800442,8.66863544773318,1.2044772149220027,5.069928557585211,-6.793927822112541,-32.186488933742496,6.654486875752901,-28.031745567399064,-1.7209496653323315,-50.798694134152974,5.946676078794947,-5.186655733341985,11.422887905261408,-21.870985778342412,8.669380620908802
1,0.6416516747736836,-5.803292822708796,-12.09057177865196,-3.7206169960735367,0.07558435678074016,-0.10421347595911712,-17.56186197624832,1.4907563185196198,-10.801744072466072,8.768260960811917,1.7671635847422873,-7.532966070875615,13.362254413119492,-13.964343869493506,-4.605863573147931,-2.1374226319340064,-5.812595883544088,-7.195937908625018,13.060161875988074,-26.639373677402098
5,24.120203479173348,-13.097325884275394,14.79447304622018,0.0073027691073326295,-3.8495383343884177,-13.430130375479049,14.830666063244948,-10.548209735042745,17.740876377474628,19.847069697551152,-15.811273299197353,5.988492066694617,2.920063234445937,7.520170110330962,25.299655899591293,-3.7220469019352604,19.254453267598883,-0.8851371839787241,3.2688254618092274,2.755343117281414
3,11.030606279987374,4.6258834300508616,-15.436048388717891,-31.789116920958048,-8.347818217500379,7.660442245407507,20.759509130284243,10.471911095494626,7.77823347227832,-3.786690640307802,1.1063900048954074,-11.359853324181072,-5.796709604882798,-4.24856147348723,-24.804317194955846,-15.962527099855764,14.929956537902164,15.748737379032965,1.1289614494675955,15.668814890500855
3,3.0985363186892623,-11.114704107829096,11.673998970781378,-18.53485943740995,8.565715469408344,-4.942568568744223,10.50279404964797,16.665952532059944,4.016096890510411,4.299671900602702,-0.418001138609317,22.660230035996996,33.63706718817533,-10.005251429241195,-8.531456018096836,-2.1265512606484007,-11.026940225527614,13.390024666489465,32.70635974269556,-35.9198384314196
6,22.35790184103099,1.5023930386637772,1.2294890783022936,-9.441858265288339,-1.6516147530352967,-26.300579354810278,1.825407567444496,-1.4344106520812305,2.1519275479827034,-2.364518641400114,-1.8341788352357145,0.39949091000094916,10.660329571942404,10.47230015239999,-2.7387481978784196,9.952605169099277,-10.861679455126094,12.689521297562496,-4.688067554177806,-12.692711952833559
1,1.0971596218909623,-9.833970818921095,8.24751747800613,-8.405199430112201,0.5144731252368806,3.2372051565632836,17.659607738073706,-30.822436510536598,-2.9620288978241196,-2.750642122248085,-0.6148522344997848,-1.2458016797739342,-1.709764874870737,-8.293550724234716,1.5554294791387515,4.6658009482356215,-5.933051857803536,2.7595983563318716,11.258314003421754,-17.37535757189222
2,14.905886251221961,18.295245065530608,-12.582790291301626,10.864425534822507,18.391368398741534,-16.83084444687036,3.6147629089721427,2.041513656867595,6.940135997957011,-4.895899245328767,-8.498269944482702,-3.217991617613414,8.133300580766987,16.30786029447144,-11.197107445707992,-5.293801358142887,-11.028400971308308,39.024016523953684,-4.750582548078791,-12.54135473242274
9,17.75872488273701,2.9884294800251543,-5.45637245532867,9.925961310038758,9.010415242206014,2.864524886546422,-21.167006671301177,-0.7503565537940826,1.482567311801023,-0.27788359554424646,0.9126123106677494,9.594578589217813,10.2531464222621,-4.931836726317434,-10.492858649012518,10.21194321919307,-2.0497933451591197,-3.4227167096991704,-5.129832553830832,9.772139630551928
5,-3.2414358594870674,-23.4479187317644,3.8986445851404454,-7.705072481398933,6.850618771454808,-10.78600749291041,-25.324454376254046,6.215449641067994,21.312260255944558,-3.1232754788194925,-18.240747114829748,1.9660430613943263,3.2153766671399513,3.141602713548127,-26.333596662012088,-11.892815474484483,-6.877627264311545,0.3361502512438186,-8.770295625524792,-3.6021199041164413
10,36.434712070196966,29.43806145426798,-9.780266508872245,-17.540836476275132,20.48194888913937,-10.544661654575664,-29.578754655257242,2.2516632059821857,3.492849518431304,-7.112581356867438,-28.03949441276516,8.223011691032267,-16.490876629370536,-18.90381868404595,-18.398348382492724,-20.218707693285253,-17.80650993787663,-27.970823198241927,-16.981509287896714,-21.681143608373546
5,-5.017550892091974,-13.419524313035591,-2.484789577932548,-2.8733252881324844,5.166128110225911,1.194810567748335,16.193625390458255,13.08344132086562,-1.0342848685609538,-19.200339434215163,-2.92813409714514,0.28483681609765843,-8.904207273176052,-9.929339688452213,13.02923342608522,-2.654509761950285,13.76238407081567,9.620651361622096,-7.426174446511495,5.676121204828773
9,12.91274066069164,-5.190486961933875,6.246459175827443,-15.835097498345998,16.047802125173046,4.032292193805482,-9.352478971722107,-12.982325113061837,11.835405364553772,7.140687890729086,3.1161161907484796,-2.189160773136302,13.76481175378179,13.186960409708,12.407860220109598,-9.749146994580546,29.503879785208795,6.891052343075177,-10.475491751555744,-3.739123937865285
2,-6.7996829555930365,1.4161922573163106,-14.370857277048993,-5.955433443814316,0.14476730499353696,14.10621185035308,10.074407535105308,4.60443175603433,8.209049194349383,-3.0871686815794335,3.038009183015526,10.180813445134396,1.2144812786208306,-2.6188114104095654,12.270780477846994,0.4279475281811167,15.296168965265785,2.2508993087346703,1.2535280479471917,4.224586907938632
7,3.4049027728795664,-16.92661612041752,9.686969190730496,-2.118885688360736,-0.26242930523580343,-1.2809954658232154,1.5598003606790445,2.808131149190525,2.8801509981572697,-10.279216252729203,8.506302460022939,9.084335996513468,-12.289168207984417,12.256025090517763,-1.5921708724832628,8.417252193267409,1.5155058102402643,-14.920481270157653,-24.704507220226873,11.629582890709361
9,16.611868148228908,3.453406428933518,-3.3774680996535977,-24.474071045805506,15.184095785579013,2.2466354647879103,-19.130006995344587,-12.10856395539969,-4.442134478567047,-12.084700326283432,-4.654936926976361,-15.446380200293476,9.192713808643001,17.58983808116209,12.585594876374518,9.936254684043556,-11.131649686738383,14.964485253546345,13.775471740786962,7.534480857287986
9,0.37661209945287766,-23.093684596179596,-6.340986716090377,-14.980593443889909,-14.66592866972813,-2.270174485750857,-33.724241839078786,-10.622121134768367,14.869929164217904,-10.729152185669347,-0.2426887551968525,11.074880080136298,-4.827559775330263,9.545515313855677,4.821051740632303,3.015999121801597,5.175034929179153,20.502407101653592,15.066613930427946,-7.399813225612206
1,2.781513876906086,0.4473960060459272,-3.189444332173734,-14.120252303978065,-3.768405770964807,-2.145699287975526,-13.719089553298438,0.03859519014934154,3.81279273480489,10.295193779913298,-11.921709937052963,8.497450460252765,3.6931257256524908,1.435007052133233,-6.302034143695814,-11.448888892069476,-3.7701334359290146,3.8174394858710747,-1.6703688459400816,-37.17761173596334
5,5.6859723850265755,-24.7567029674431,-0.05124499687366735,-7.1307195166619,4.660723660007525,4.667056319783521,-11.908987948352713,5.219182034625427,10.310010500765701,5.2493413557156705,4.046726639538738,-4.900432764265945,7.976506290761284,11.789994231088512,-11.84598087105179,-4.253053621867535,0.5894516033504678,-7.754814483244349,-8.702139820840554,1.8384519419256107
4,7.717354416682484,4.093216098441639,8.007059056630288,-4.895064332967076,-13.215678555151653,-4.157349529726027,-0.8920881488422632,-26.426152709071467,-19.872335293153192,-2.619778029757611,2.2360105467345335,8.336181485356814,16.706600483207684,5.317747386945166,22.41997383225129,2.438100810761264,24.782823209427537,1.0405641846459222,10.22416091182461,3.342903409473152
2,19.882028009198564,-10.0912974150731,2.953843894783886,-3.2681829823902064,-10.100664919222687,12.735510784462797,13.69611759904912,8.566370095412886,-10.39193077394416,-10.301680159501048,6.157507818492324,18.239142217246535,5.4232805310338765,6.580169866311179,-4.281776216578741,-1.0953683204607074,1.9098575891571512,4.74975210111807,-10.715285314703554,4.866972736292686
7,11.832871423803017,0.2870424726788223,4.719143573147878,-13.087784100476227,11.566644764999628,-6.886595016772227,0.8712267130942416,1.2903938451904207,4.138188709457177,-4.1748394004623535,-10.503282827109537,36.3832544512298,-12.120573642818698,-17.045323761108943,8.361466717425289,8.404394961600303,-5.823390390333049,-21.912037089914172,-29.289883233209924,4.917599754321514
9,10.77119547731768,-18.871302930956663,-8.35778603385479,-1.9070258726780085,-20.220793062367623,-0.8224766081948476,-13.028640721156563,-6.636693830460084,16.66526851556187,8.406140998291459,1.530289651747772,1.7589791883399677,14.231215610243074,-18.465036508155414,23.597508182188967,-5.573191994798707,9.470275337230056,11.861564402000086,-12.975958548618873,-18.971687399333543
6,12.655257986079636,-2.97153578986563,1.7194295031754054,-16.43262254795947,3.4348481984287638,-15.047511054825218,-18.682087274856027,-5.201057247997394,8.627386589655403,25.26935416176843,5.459626663256319,1.1259068954018225,9.738850111224977,-1.2985791990850033,-1.1388039687705542,10.155266980508893,-6.951102367831753,13.206203652521484,9.045693031930996,1.145371994597514
10,10.996634824545877,10.215301028092014,6.6740912019483245,-3.0356365124457976,3.5180694782732735,-22.90979228861788,-15.367305673738983,11.700742697004767,0.8056068051928917,-14.926686707630637,-17.286922935885077,6.735507825978722,-10.256436299504406,31.04217783338736,0.4213797676033896,26.24395585836141,13.714939680126355,20.984570129885256,-70.41672923116523,-28.646169816616155
6,5.269520969259654,-3.691244212172646,0.22241782699283041,-6.071605354395056,5.052126089411914,-17.677313595663584,13.52975885327226,-2.185726798532386,-1.2609110072493754,0.20620914437399362,8.239379468267554,2.251799607550523,-4.241803232047599,16.39898375831043,6.616614628441746,-1.3694852358407723,-3.1873126498094235,-7.733618141411543,-0.6793289634533608,1.5430193683351088
2,7.382699022525512,-5.001787130100102,18.80849149194166,1.3579896830738454,4.600294551580678,-2.8675540212887336,-1.8410366961452251,-18.410169055599795,17.250224641127666,-1.5117779797134479,0.6613056190151444,10.841025568147025,3.926122986541558,-5.95511275007744,19.39688047371381,-3.732597671602371,-12.006201371263924,29.089331613802038,3.290543681042596,7.127024322735955
5,9.898612374376158,-27.64125403816103,3.7440192988146705,-12.494080105970276,6.809914857993359,-8.637782254796484,-11.41912423219145,-6.743736669839138,-2.1611159841969085,29.81007142078903,1.9703004535294923,13.531648561826907,-3.734862989971742,-4.63914888066751,-13.755846941369938,3.162838242809372,8.269110037022825,2.7012531780146434,12.5935192767747,-17.182230054212788
3,17.09936391479553,26.998865138309707,11.694626196974967,-21.922706761392362,8.152809345632615,9.1633081595414,-0.7314649412078058,-2.3738035690536012,4.985303758607915,-5.329133355146732,0.38526668375317996,3.659690886405949,-6.744287052235126,-1.4821749437848268,-16.384120524905892,11.908000838601954,5.5066114703175675,7.41010355250302,12.081872453362273,1.6811556393759823
3,3.781112273003693,27.783937729348942,-9.99187265786079,-26.718021150845043,8.820193350826457,4.062882912766796,-1.3923647003127981,1.2223360659598452,-3.6732077400802403,2.076519086984544,-8.850956446310237,-0.9081914890548124,5.65161905827811,-6.76345828072199,4.70459825485281,4.526549151746075,3.8243222891780406,13.44631940093745,-0.5424300114360829,0.4525161430574913
10,3.2260748871495553,4.744415843631255,-10.636337167287547,-4.634970081472291,-25.3713188407446,-14.765723902504067,-9.37425586876168,-22.219809196488164,-0.8538230765200874,6.486501658469403,-6.02930440271442,-2.501069509908313,-20.538539360768688,13.966422867375043,21.06651342945599,-14.13606604447654,8.195195197343718,-7.79236006333143,7.99892715581522,-12.374490890689845
3,9.14098473608264,16.567639806855293,20.4647083382729,-25.63938216847236,27.763837759611587,9.879903820449623,19.476573464767128,7.119488269185507,-3.646739818384998,-1.69554339488153,-12.921766803869613,0.06522287429800167,-14.196813683123365,12.04124617003612,-11.973329548143944,9.185960613525088,11.731943080816944,13.882733784463111,-5.386196714941722,-7.653394519587021
2,12.356746271961185,6.289097389208171,19.289339478349184,10.345331796075541,3.014108745096524,-34.836017566907444,6.712789935595235,0.44240831484760434,21.887050888585556,4.5275069652473166,-11.064304158879272,5.47221234436908,16.371948773096424,10.684574587796265,3.565997438490156,16.71418754341681,8.715603062233754,1.286584311163336,5.686435438712536,-0.00947889567259974
9,7.042309669923041,-4.135079683737326,-5.95934019256875,-3.1551318443159917,-10.111326599098355,-2.9438268832220427,-13.50464917974621,-4.2883171442675385,-3.500081600584949,-10.505654458603393,4.813174205800186,-2.5019557910911097,-1.4144201918101462,-10.510505290438754,16.12808312665139,-1.9687678077080562,-1.361557382376588,12.927656329099882,3.0762229774211085,-5.137845634663044
4,15.791929031524159,8.648512880649932,9.121886339501017,-0.8224434927110496,7.510105505282769,-23.956174980102222,-6.792553019716524,-46.03452135785137,-12.961761118916945,9.327036894544138,5.826664388429566,4.587532670646905,-4.421623704826527,-5.342443662406771,11.320657907992537,-0.5649122512792863,19.455790150878173,-0.8606066647332118,2.848397553363974,7.467137238094901
6,4.330367650141497,0.7633075495135975,7.283821320248354,-7.624720987124027,4.335412430729278,-38.03691433412201,-12.96718065263176,-4.0680286337471365,1.357613594723813,-13.971078653353525,4.684366958861055,6.626898677872554,11.161508883107034,5.894099918546081,-9.861621776030537,1.4454385773877587,13.045581896309296,6.017109406106572,-4.570809306703406,-3.8989801622843565
6,3.0522870106314297,1.4908295517036088,-4.918805739167333,-6.20658339094978,-1.7517193210542872,-31.34994748435811,5.8053283587782545,-4.668930223712028,6.164172670654243,0.8415563293425475,3.5408107037341487,1.7739230536214243,13.19429649322881,6.595629132942021,5.654387259683884,0.520675386276886,1.195067816830954,4.108314125314129,0.4153983076381196,3.4082482201471818
3,13.425116625362778,-13.42636197520148,-14.003831011190897,-2.8738015725348554,-16.973801074135043,14.356613270670714,-9.938538782981094,18.04385624576549,0.8481258305852115,-4.785564767826049,-4.559913387762575,11.044935553194318,6.505957619065001,-8.842608412400857,5.773392128267265,1.6677139599454238,36.639036253102184,-11.223260273289062,-15.676842880974466,-17.523898226628376
2,-15.112861216305827,2.4094801085494297,13.240847592935406,-0.6910083931178801,21.12038049534626,5.941234869374441,7.916381795998644,5.823031325167329,20.043308736032245,-5.800291337907415,3.444740706568778,-9.273093225752252,16.171198774170488,-7.532169305591882,-0.3100464144093197,18.3508445197334,11.89168481914476,35.0131667421421,-2.45557342094135,31.055912935984193
10,20.849781165949093,13.930150091197644,-18.057204582170606,11.470340328799985,-8.753573896628016,-4.9887228606805865,14.343127922072457,-12.624668461388975,-3.6995117921828284,15.005075159625662,-19.71816608376091,8.704846510575624,-14.708627755986463,-7.6523276999042675,10.352830477444023,25.651517783593103,17.31592988268097,-18.894579805798394,27.1079418550813,7.772122761886907
2,-9.89976832661503,14.170185780341516,31.377890661765647,12.165873049094229,9.091856919514939,-18.883398519478284,-5.3685335687895925,3.9742968687416473,15.364159592908624,0.8952243200262668,8.433382647164363,-10.562013810600671,-15.469766248204118,-19.502655758745448,13.153940168445544,-4.843195611057447,-4.1401794677053685,31.689977313524317,-0.8881131075375288,15.034026985638832
7,-8.761075325084928,9.473525685203631,14.429210344745798,-9.078988895179517,-0.7879792313635531,1.4844097147558495,-1.060620971317018,-11.587198728974391,-2.456897125628786,-9.866301058435857,0.1149232137581381,27.074831697357926,-10.015520057448033,0.8066391656560212,23.9403616247936,-5.856854479240745,4.618730447573883,3.445716293794675,-13.93550798897179,-3.7662834686477895
4,14.576525016518145,2.51230185807355,-7.638846252264187,1.4528253007709182,0.2538108681984872,-1.1768497413067849,-0.4516028173663753,-15.154477862349019,14.101209303205213,1.855853911576713,-3.3107772232614896,-6.545894299115074,5.736452435605084,16.2790026948196,9.278348888142673,0.2802003942511755,16.178814717071145,15.460189766870311,1.260866341045664,-2.181664007899645
6,19.926310476142227,-0.6518532142464932,-2.5170489913115164,-3.175508733379104,-4.248968713357256,-3.4349821736904254,0.561105174844613,5.344895703621139,6.51226417084583,15.627637079149974,2.3145963438567017,-0.1986589650525754,4.580313533573817,4.978915171898763,-2.485844893669166,7.626503607527269,7.040078140669627,-1.1744992109177113,11.450128266308337,5.766190076784596
9,7.621447822104843,-4.797462589468495,-5.759869047970269,-13.842844655397638,3.2755864746099874,-9.094498229686488,-21.815090289219754,3.088070166951818,1.6944181520418793,1.9705237831296851,-2.1884737354363195,4.16786881598431,-6.137635577995557,1.8894421213214514,-7.573707556325735,-1.7542396145564667,-11.183553296658863,-7.9542993875306856,-24.52900016335676,11.232231612435813
5,1.9055853423648017,-24.4291522665552,0.6560643270968728,-22.563183341702928,3.191786119588364,0.628877265062306,-16.049955086101654,-19.267558975531458,8.68125305470419,-9.538114841614707,-14.798789150894889,10.995258565772417,2.8708517547384136,-6.0173771427736495,0.18570039471630198,-3.6256825283869407,-7.774899154866691,-1.5894605390322458,-1.2096367592555635,-16.902370180638968
7,11.242476979629332,22.036632476258877,14.034307083629145,-2.0037267357177337,-1.3267353388566168,-16.311682414426137,1.3545528991998115,-9.86120597032646,5.451918864324455,-0.5661700327003851,13.99118560275516,2.2538657622898617,11.94561724583584,1.8623326206352924,-5.839930766210562,-1.3229284540811634,1.466863772719383,7.1898053049487585,-13.314247401486266,-11.908157916707054
10,-4.7934266235713565,16.944124420950317,1.1462724875755042,-28.25210517782779,14.161079788996714,-17.729811201717148,6.118443057139062,-5.704720818191044,1.7592427134130721,4.098129085149719,-6.429380435266836,-1.7939668867688232,-3.8708451442541634,-4.07580059924053,-12.060583496218278,8.960336146335166,9.33113413743018,-7.4122963776588024,4.605747355308408,13.222816294288192
9,9.375579621232879,-4.971831752837551,-8.402238241292256,-9.1357893666139,-15.891523808823466,-9.66768607601375,-34.901467309978365,0.1720425359366229,-18.65162713949837,-2.342421223167668,-1.0846810183379012,-16.869178257041938,-3.4989130607881878,-7.544527080311288,7.9736075110608295,-2.6564939279010082,-1.4738843456539894,-8.358562687349549,-14.091314400331669,-3.8151250096895524
8,2.967611706714534,7.409268522201313,-13.576036439418358,9.630407854086402,6.919182171564693,-1.234742004655269,-2.884385626610112,-12.982605364824336,-6.954928919831191,-1.0278390208829464,-2.1160486260530518,0.15420266942449934,0.06663648344634776,-7.82637974036434,10.606003483030841,19.657504619265143,17.73039837485394,0.19088900614247928,-20.082576342586414,-20.253849273049795
10,12.630274586610126,-14.558251572944183,0.9833742799824572,-9.116364952656706,-5.992824098608558,24.30834593776666,9.303118928590377,-11.894491186552003,5.78143238084289,-7.783254313218631,-25.086608229605503,4.683802325746629,-0.5365005485000467,41.730044326794655,1.8352564394953403,2.601957107450046,-12.950819366328302,-16.63709565580146,-30.1908204179028,-7.89736757716536
5,19.516988717836387,-19.71982545500152,6.809906210602618,6.307677566188937,2.9286953714570716,-1.7408762389127088,9.8142767791637,-13.923238595406005,-25.748854059404106,-27.684673521429808,4.079967023343296,13.114166394158401,-0.4105464347471224,17.18275475879999,3.33976125598112,-2.308052480598459,2.5587487700543052,5.69639564729479,-6.566191160944983,-6.892005893204528
9,5.868621305785026,-12.03002218924422,-0.4530501847381039,4.838179042517246,4.511880157493443,-6.0396615717174615,-22.023191768608548,-4.349462580078598,6.128829596969034,8.409735595985106,0.025241232545624548,-11.283695753002675,0.5999553854103437,-16.993973978190695,16.201687789622614,-1.353201302195826,2.0038163645715623,-5.101849559696484,-8.970046901231992,9.080981273770977
5,-0.04067815765739624,-13.61839458651066,-7.265865828470234,4.000218900871812,-5.280824953805054,1.2062143435619492,-13.300920844900622,3.9519311154530588,-17.66948460836285,7.48601692473647,11.43975091756545,-19.187218524299702,-15.83669444105178,22.42069569860694,-18.910578100461354,13.155064863145252,-6.371816939137887,-14.308813732859678,-2.8187058872180986,16.20459410286576
8,15.51751699417619,-4.288018720711386,-11.773394907404667,0.00431510346335795,-1.8611530004917598,-3.718330726062921,16.243469069691,8.46701675812231,-5.8458105638407325,-13.456156972142374,-24.63895011442437,5.313577507278984,-3.068659197442797,11.272393793672578,-25.617990302365985,45.22489456998261,3.434037054408529,-22.68102665057758,-27.45039506132212,19.49676918945172
8,3.6653412948750455,2.9215800918281625,-26.583740992741017,-8.419672053883268,0.40023478641888477,19.76382923526212,-6.850827489815431,-16.373151770628212,-5.563469821420499,-10.736554656847368,5.467439268883238,-2.2726775212442436,-2.421630264401314,-5.65764020093847,17.124178442291566,-22.739495059372363,-4.848498187452967,-2.784416075086775,-28.838158923040538,4.336780556641869
1,-16.14121529489653,-6.432970508142141,-2.4515387354921483,-3.6855327042047485,-1.6475857727299321,0.10632713207231381,17.057172446640994,13.915910042159389,-10.408524977604461,3.1964296904718394,-9.048678111520477,-11.419829943478197,-10.978314441253378,-4.146519849885365,-16.91263272482946,-13.558826429075705,-4.985699551181771,-1.6865757325086186,-2.520037698994741,3.373861493555065
5,11.263797948797889,-17.0458267773903,6.698322560711162,-11.340391831139026,-1.694198927077415,1.6208353482288749,-4.007433551127858,-9.45664719046431,-10.928440641417478,-17.308248872095717,-1.7999853476496575,12.049400183128382,3.696637375354915,3.8621632444510325,5.417097242413653,-1.5702549273874657,5.556184917568741,2.4258856073763924,-0.8587571825504959,4.204770571814323
7,12.10611741431402,17.583712468620455,-10.62392353833545,-14.510832980895643,-14.815944031538258,1.5411091876037246,1.810553945552277,5.163980865390295,16.884417375851047,25.752372011974714,-9.950119693129594,-17.281764940464292,5.545642178124591,-4.891470776070305,-16.83841336389497,11.18099670784953,7.924626211750288,18.38097405310679,-39.30027791860215,9.822954533865012
4,1.5426874527277885,8.601027626556162,-11.114695053379341,-4.482813008549392,-1.7632398512984016,-10.620866229885307,-3.959277936495253,-30.899608889383764,1.5667828601356202,-11.735825857455561,8.959900051764395,3.158175751549627,5.431361590337199,-12.22609770092998,-10.777349819474361,4.09254277861142,8.95055981257136,6.087911608865643,8.274071231213917,-1.1938537091079793
4,24.210128818910768,9.853111728433031,2.755511269496319,-2.914703160203089,2.899804391876213,-9.348801292127348,-7.478615870743782,-14.801347816854967,-17.561723167075836,16.578898627248137,10.637670274382378,3.4708673255387366,3.2906995249041966,-0.60016722887627,-5.964935658652124,3.336583558503534,1.0197607515502771,-28.522123070944478,15.166788317768809,7.082029155661753
1,3.2871924006285305,-0.9678301293485903,-7.374062302865044,-4.913917510053087,-11.337869257155933,0.18313286779860904,-1.7173502888595513,0.6716880240256575,-2.837322377936122,-3.031306070413085,2.918932831502725,-4.683382308587648,9.477119704638824,8.380161579974208,1.6113121390001344,4.997738370116415,-4.275382429087252,-12.69118729408504,3.522626459689691,-2.253992295233288
10,27.207675633815427,0.026918787029641678,-8.344963106360453,-1.7017315720816182,20.207695828158336,-20.838934270446263,-6.637539266345153,-2.9601778376672914,0.5747332393862696,-2.9177199647652516,-14.239342166050285,4.48453486076108,9.476795386096484,-6.809395859802922,-47.21881378701556,-10.121130067369569,-31.616157923188247,38.09295234535985,-12.124459024455794,-12.382349495448453
6,4.1756194212789435,-4.369895680188888,-2.363811088896764,-6.0253225951061316,-0.08020543022311832,-29.79362059462356,8.150937247440597,-5.9366952777611885,-2.0709060974397087,-10.454492309151586,0.09703283730212275,2.756248728726932,2.636807813907981,10.443930418627158,-14.243901075121453,-10.139658761242966,6.002571700552622,3.238538539607598,-3.228798123160789,12.936455095216214
5,11.203287934556212,-1.97605405233465,-0.6690972794575005,18.1998565938174,3.1667269124210686,6.302702731255933,3.513610294290862,-19.450744212711513,-4.356476738710309,8.401907914564152,-15.374126162935587,-0.18064922764346525,1.1780424995659085,-5.8790981110377425,30.514174169119553,1.1334631322818907,4.159899417161304,8.040897618578382,24.331115144000318,-1.3518478682642279
7,1.3731872239385403,-22.69693366211118,-5.676766907762133,-8.172487883985184,-13.788729086242226,7.109964514462692,-4.610518020580648,-17.618241776989695,-0.286444631149783,-6.317477513127896,-8.024672904590078,9.218934662457015,19.311092149181036,-13.179567624939,-9.702909314233352,-2.4507676698670346,-4.005216875365642,8.691859880631604,-10.819902311913827,-7.688921718407687
9,1.6131698189219135,-12.940255119532349,-3.7965429816625935,-35.901594453358975,7.06303993140941,-6.94452566579791,-19.138727015524648,-18.144052193200114,-8.257461359298327,0.26436222220800965,2.064424065671883,-4.016340943703578,18.069086504242463,-6.917295796127777,-4.4702222114194425,-6.650565441935818,4.572535612594663,7.345700768243498,-1.7857905952617434,4.743594384107606
9,9.358359887384966,-2.0903378007971147,2.833293963943034,-7.766715525056718,7.361510470029867,-2.403856041457111,9.974796962161108,6.6003248554155896,7.693933226928326,4.0526292032179825,-1.7990058138232463,-9.766767249778972,-10.424378161161814,-14.759734407033111,4.156870453821111,2.7465581237463548,8.9424772527763,2.417920155258757,-10.54477793275872,1.9720268142918604
8,-5.9500697774074185,-15.796507928004132,-16.639499714561904,-25.147672311288993,-10.244328950384075,20.813647005442338,-0.8736521902156322,-9.746207619460126,-13.066395634060008,2.176094936372798,27.883927585895265,2.49282386781252,15.316321178364733,-2.157764018011822,-3.3236964744618556,12.210169384857522,23.778618647378114,-4.017303678818685,-37.51068169541697,5.353638361934547
9,10.733750052447673,-10.535854075012184,-11.277221702304518,-17.329583797408144,9.72669027080138,-2.804094368749604,-18.94563100072307,-18.810319830924836,-3.3032655665279678,-3.2322683789129085,-0.6755457328999743,0.5212650940191987,1.3479018834991439,13.199917800356953,-3.709957275405398,2.4069880791453935,-22.097622978831264,-12.593109586325243,3.23714679993854,-5.932844556565378
1,-5.087117928858431,-3.065078506264942,5.781238523463171,14.586862922252674,0.4067348705111322,-9.696023488315129,-5.2437858739368775,-5.433111343685246,1.0245870690231333,-3.718879134215729,4.09931349800447,-20.409193089777315,-5.431334516879335,-9.365753450148414,10.087250866879883,-4.478917512171554,-9.29908798446667,8.093194203906112,12.66194387354708,-6.377648025010902
4,16.806402815418767,9.633984340900936,11.238090551899466,7.131711676235766,-3.6640773089806644,-14.096172154158264,-2.2242987539702566,-21.936159451717188,-7.083109195224441,1.8051234475494509,14.236291128053928,-6.329037818109611,0.2886132939984929,-3.062766410952155,5.569494499666592,6.707749682589009,1.039864957336079,-18.936120268701803,-7.995661931217954,4.0453746809130795
4,14.441058354215846,-4.0894868627411185,-7.984967699052978,-16.641191689225497,1.9826515462388263,3.837711115111132,8.501118549673475,-4.905754814797623,19.66217386089115,-17.25573806931244,-0.5200667886042165,5.6239188662034145,-27.874803266464575,2.573544390353395,6.901427502847461,3.6482419872297487,-5.503312966860986,-2.7390034378295107,-2.7496480120475284,-3.243830145833649
9,0.9606522267142035,4.983614916738645,-9.928144315184394,-25.269985643696216,13.097531028571602,-4.317648386118035,-13.230082232900767,-10.79861801200055,11.62424861040169,21.44297525619525,-3.8943878184374685,-15.285408619872733,1.4074072244158073,-0.4082675823552875,-2.3294310499096507,17.212975023571403,6.583059867823261,12.705543140437698,-1.3521064376503604,1.8758275299783373
7,3.367735146532471,27.189455213501294,-10.197547202292455,-7.505545144493656,-6.707484184046663,9.202216055552867,-1.3906974550281848,10.307163708686275,8.050929494931086,5.712638730006537,0.7736817729013088,-4.9559795378063365,12.015680960411856,1.5933586819801404,-16.262023299820548,20.34561562567116,3.07533557154924,1.6087831925543954,-13.324186355660778,-7.440985170780913
10,-5.356655334451387,2.7055856782251384,38.46940616933528,-20.048753507694343,9.19582199116437,1.7028331589009782,10.564048870171792,13.105189914559077,10.805225474089406,-5.353624491251702,-19.025764297034176,-0.24705349790400088,1.7495332728653068,0.4490681543339813,-20.277280508696954,17.769487594771697,-5.344447644175499,1.5750953243223274,-12.900450282332166,16.929549617323413
9,-2.782357368770983,-27.701653097614734,-6.067656413476907,-8.03960467590351,10.899389235982898,-0.10068563565325905,-19.560355046181762,5.005998318271683,9.815448475954675,14.702480479155543,-2.368717328326715,-3.2249788884685557,-5.284492627124395,-1.1979945807682353,3.9987220926091367,6.6511841993484655,8.098841493856527,4.202651033817746,-7.0479740975930785,-10.366125052766952
6,-7.332434956673987,2.5057406539389713,5.345032535716707,4.136760571818162,1.9961780303600551,-23.4800334475052,-26.814890548132574,-4.47669256088205,4.668972721620612,6.956135671644137,2.1328485296660684,1.1530982691806129,14.372675525017597,5.318852441304404,3.3341348976855394,1.7169272773246502,8.486546378572893,20.172049494827977,4.09069948717376,14.687169014598561
7,7.10078114981253,4.1873567796150954,-2.8867091976763897,-2.133263307609688,3.040870709261047,0.9024291722714088,2.4805949870539408,-8.0562656637635,12.69727565803804,26.70623771618768,-3.3594045487973467,13.568952380592384,18.940382181398178,4.469082212006238,0.3858534737630257,16.10098450997582,8.613459289210171,-25.144448968127854,-5.948738971924804,15.00105515505906
8,-1.1680318946184984,-7.419589226844962,-25.178405843951868,2.795297258752674,1.548255469524202,22.269911327516155,18.035503922726672,14.503381536078235,-4.166929183586607,-2.0194409979871253,18.642991930563223,4.5166929142050005,-14.785155989665398,-13.592617686860844,-28.84360254638247,-16.050101226676812,21.298938204696046,-5.051147920146006,-0.5683947765350323,16.016159158703637
7,4.596207353819569,16.81904439407708,-18.756102977788988,-9.545945157622498,-22.370973445290463,-5.636375714965659,3.746904104220103,-11.945905318107563,-1.9292467320390907,-15.975746700840638,7.165832549728253,32.0507722560992,18.62238335737228,1.2349570059190087,-22.170268162920358,4.859867437322617,3.8131993757095812,-7.130402959955676,-12.713616790908674,-1.7930931432940187
10,19.27651873603871,14.143691876005553,-1.5203188735574487,-22.486800165042528,15.43642513112735,-21.45477264100568,-12.731518485522015,-7.841922113030402,5.4250828906894615,-19.553701939459092,-18.71935631392614,-2.5316247109901386,-4.635642636349502,-2.9762202797936568,-29.0065829991617,-6.437881848991774,-6.871373315753344,-28.36316199610359,-9.655461642233146,-29.18745640758187
7,3.9439752198740754,6.95920517153686,4.731038809239685,-4.9841503938535965,23.445625955470053,-21.35864317862926,-2.2467580526739352,-2.3822062422360335,8.280136935380424,10.426972111418454,3.674575303950112,13.848662668019958,-6.587965875247605,9.352765183152089,21.587637292140744,5.927526137129563,5.488127266043459,16.18810325541995,-19.52701785696652,21.877298929509102
10,11.37655995031168,-33.481062016127,-10.392008684919265,26.970089831197054,-0.39668686370061124,7.816165441621065,13.791754541318092,-10.460125180891168,1.0284101846493043,-11.479912746163073,-23.90679088051457,2.3313365547729012,-14.132225131640013,5.375169091117504,2.7847164856170634,30.900293543876106,-2.4601863131181005,-30.05692030902101,2.7145187133824256,12.15332424085144
2,-3.7870251245068562,1.3861125016177003,22.824533578598118,-2.214947776547429,-12.789853439548743,16.709672173976294,-0.5385290552089599,6.889101745424184,-16.60293821096566,12.156946768163737,7.055371348640717,-17.833196564017566,-9.48410025613579,4.261154655494771,19.693022243173317,8.23882802748418,8.933412161884952,12.765873224504688,-4.831712091902292,2.1310749912144082
4,18.999902830878888,-1.51074339122026,-0.5225775140459405,-7.462681967806913,-9.245390141067157,7.434736211574679,11.862434590794258,-39.4262295506916,-8.114526555025945,14.886037278559174,0.806228545049342,4.870378139673806,9.061878192816412,8.044748023206182,4.222657134688274,4.519951105992433,9.892023607048163,7.069397522448494,-6.850010859386419,11.601362007088344
6,11.678120078247797,8.409521241162015,2.067489102876507,-11.223831928517559,0.9087467169088677,-21.71491617520633,0.12403144287334877,-4.680002239500388,-5.209763784256255,-7.688882466669691,-4.457342074960124,-0.13657173117911348,4.967944140165928,5.114630034823588,-1.6133800118576493,6.228565013354272,10.496368865864126,-7.968546758240385,3.0917221505005306,-10.268144093428997
8,5.100641668443718,11.425550130027208,-24.24738879161125,0.4062234073114048,-6.941459123363083,15.183339075455672,-40.07228212338637,-17.02590739016205,3.4752628188318706,-21.15136189620836,10.443240340817695,-1.962605071587881,4.596960536488259,1.8952092221459087,-10.745513520644455,8.401732048356033,-11.419326786715414,6.2079642048291905,-22.109327276295865,35.419326671548724
4,0.4608703428095371,1.7083974244278184,13.123614209627638,-1.292628834518263,15.541483939913846,-5.636906249829365,17.351173937429895,-23.81580191861628,-2.9471445104627434,-7.64751916273958,-1.2688057112037017,-2.2807090099789677,-1.6680340003931935,-0.18484016500729172,-5.255724337245824,7.969468380346532,11.559848829857017,9.835646098252944,3.3629195316636844,5.720709564539299
7,20.784303371683144,-27.138376408615734,-18.91785432684833,-9.348744332554503,28.746204641654028,-19.466736331029793,2.2981781155136662,-14.3293792139024,-2.1596933106239122,8.54403243942471,-1.7207066328843794,17.237185477331987,-1.8512982538558642,15.522389495533416,8.063570568456106,-11.777968669148484,3.7939354850857496,11.807358772602692,-8.287696754614714,-20.71377879949291
5,10.415760728505719,-10.837709059883176,5.817791728680419,-8.905103562163859,0.6719867898097733,-4.123654603890182,1.9460526790969193,0.49207137458562444,-28.331329125403784,7.600993799278777,1.796882606631144,7.828523377459165,5.281088066168802,2.7809301517125204,-4.326738218337664,6.099954829032786,10.205309145058779,-7.236545795653743,-4.453623872402932,20.412147915445473
9,1.9005140782707022,-22.167541834342444,1.1048121737105265,-34.046730496980246,-10.412727721246151,-0.9065888918094462,-25.8626766007604,4.833671151528218,4.52326188458475,-10.503722357021655,2.8773716365633826,2.118540898288436,1.7869766603364499,3.8562504256264094,7.5403470187109685,9.254546348475797,-4.2354601023277105,13.350444404752372,1.8120456173057122,-11.692532593420571
8,-3.5129232394634835,1.1573528375859805,-21.30917193410866,-24.426396683140105,-7.004367317120163,17.58190485482813,8.039646478914051,6.664796164697147,-9.632235454924482,-24.876842774635595,-28.61789499959387,9.002356106530623,19.788801431644735,11.647551696482637,-7.9609215273265725,8.567852836188607,-12.024987753960042,-10.820887104706944,5.328887829554796,7.503259266555463
6,3.5246831377358383,-1.2157095356266425,9.99190314942947,7.112466889566485,-0.31507021186669526,-21.02209266735633,-9.791553019943898,-6.256643344824655,-3.6602895083233724,-8.9488815916297,10.219036753914219,1.9394030279737131,12.969874410948387,9.335497579039027,4.36500136395264,9.312617623567238,-18.333928948810993,-22.940799664800565,0.3255769093388073,16.618894487331993
2,14.839024591161044,9.031758700264856,12.823751081321907,-1.0174790956097328,13.49668164130021,-20.824597287210057,-2.7723251757768956,3.2627310029845593,1.3627096804368248,-8.369911693736448,-7.9760998325766375,3.527511631963214,-10.655199782038949,-6.162901324530951,-8.498897871646319,24.10543779121019,3.2189011570293813,9.629144165563593,0.8784117953197386,15.132621387075126
4,15.53035197739048,-2.589365758008821,25.842795325736603,-2.3193951572989646,5.3049067979576545,-0.9601661796412089,-12.325324313665332,8.181192317572592,-4.19844130067691,2.370798943489724,-3.861590298196466,21.164150073116755,9.739695575240383,14.373683299368142,14.443565543293042,-0.6407330108972564,-3.499185935458722,2.5116403881992735,-8.445024674704587,1.8448708719368092
3,-6.148539722699967,4.181975152868618,-7.928458140077052,-31.84314710054617,-17.64556748405001,4.100628275526069,4.267548667183127,8.5828030888549,-8.542935711052516,2.558419962758683,12.45891305381938,13.262782569444788,7.144959076940838,-23.617274928294393,-11.161876799325704,-14.360375324350121,2.320226931155418,-13.737370189582666,-1.5371368219995232,-0.5194654796206093
10,-1.3205051279314848,26.336892385179603,-28.040100367324147,38.184601754721086,-8.11303813418323,-14.929815550096656,-3.949843786493902,-0.4277876797504123,-6.55804230300156,-10.41980868390581,-17.9349054921733,1.9821328675088896,20.62142470852976,-17.122078036487565,-42.46485114039718,17.526690136908847,-13.717680023537202,-18.412637730396664,10.876942627040197,20.86946697328213
9,6.78702481568655,-16.993746566780942,-3.9191984515441387,-15.126666169568747,16.137003033714812,4.389792780871174,-8.193083513353368,4.314983636460339,3.943553145213979,-23.479941123316436,2.59660011679612,8.134909612468444,5.86773773435935,-21.34582586402562,-10.782394225749359,-11.10493095631454,-9.255744994560056,10.438411088752977,-22.048202520750877,0.3883170313439934
8,40.84170347645259,10.018789532485567,-24.621774389053293,-5.292982333879277,-0.7424888073547703,-22.521857400312033,2.678395152687569,-15.21076673158745,-2.949226834497588,2.414724771247026,-6.94353785631416,11.741363465175137,10.623492308398092,-6.350393092076136,-8.349292329583992,43.49536886201292,13.590973743167478,10.564665961780882,-23.327128753592184,23.124067442632914
5,4.747133144092582,-18.675192072423364,-15.940376796767744,-17.493209861435222,2.7924578472676265,-11.784164012354786,2.011926155068406,-12.95400599795169,-1.8608160645204705,-10.954114853769738,12.15036383193546,1.8546674873244675,-2.8923582882365717,10.40245621932671,-12.521728213257818,8.282393104305461,9.146140176701959,-5.219528485791537,8.437891262580715,-8.6138176114087
9,23.168671483788245,-1.0335499093921492,-3.6265316812388364,2.894795165865321,8.679029021305077,3.8413407335784586,-27.61479631575962,-4.481424203019574,-7.4754315824778725,35.22696702820918,3.9405537252959877,16.162149085726202,0.6541446268695275,3.5897784733732108,8.972195266772122,25.54627456575329,9.710320850910449,15.011843906196333,16.423054321804766,1.7331930761486891
