3,-1.277690686486658,10.89505947517525,10.967803572980028,24.915791476419408,5.596366298023364,0.29802354508235274,28.999569247263576,3.6875411756623944,3.133188215319651,2.195742310419213,-5.944278126367506,-4.37708230657157,16.597657680548778,-13.241142110922423,-4.600265070867599,-16.23828949438092,-7.637987518566341,-0.8371690392356832,-46.09744419826065,3.984941546240219,-3.040631848392585,5.443110817928954,-7.658060333072264,-7.935291682421251,-4.198808887138139,-4.398782272113269,-8.398539974816579,6.779115322199509,2.587385217653562,-3.108284049719238
3,8.218834902910592,-26.87408022455161,-30.376585232597552,6.181125388484048,15.197114789879933,10.624510264184812,9.81639545198021,2.080930265150725,1.5156542474806312,14.69077108022482,-0.9971018706835871,-20.39135610494,11.767342771250034,12.403189149881651,8.6349318963943,7.099028669611419,8.344516554861459,2.189424331015523,-46.10583927369851,8.728384912282724,0.24686332675217604,0.36005201667638087,-2.860540668865595,-4.457261449851387,-3.297282212476246,-13.717921552897744,2.0651141630287944,-9.333713409973363,0.16550908975663803,-13.657537070194413
1,-13.840196250431994,20.809679914924743,8.512889019433553,18.117331592179422,-15.65068807366396,-4.775715214944482,-11.57800021778509,-2.199083730251493,-9.145207654791667,-7.7088206548768365,3.5733674651748633,-7.55363062762255,-1.6482301378943562,-3.862351162027688,-11.286977417864497,-11.72891937919244,-9.203127577225839,-3.584496707378296,-21.137563540101684,-7.888431321554874,-4.671148681155227,0.9497699370041557,1.2374732066516758,4.071240021438869,2.215559454539891,13.279623858224024,-5.226784409109941,-3.2293832229130577,-14.186872044223627,22.983543866653843
2,-2.092912921623502,19.777075057507787,2.5075277873108672,-16.27869247817648,20.164507996348195,2.016995375872256,1.7031658365148084,-24.560602902514155,-4.331276113024875,-4.253745971005651,0.7274202389655943,-6.291694539341665,7.25767162910981,10.389320498562853,4.090941728778882,7.931180639835993,-11.874000887947235,-1.0666318479464865,-0.3406079946543681,-1.9885509326324162,-1.5280951190760375,-15.185241236145359,0.5147601700248758,-4.266102738200777,3.142017846520874,14.569417776308617,13.602627417348895,2.5107232022406016,4.634208638522914,-36.22076358679218
3,-19.8179756880673,26.402776002430915,-1.9866821602396993,-17.676341687082328,15.387644366076412,4.213188794332269,0.6216922837149127,1.5273105204595918,14.767260852119069,14.562798707080049,-2.2487305314689987,6.892509327118589,-15.483220439593866,-6.5985695250479175,3.8520170018808226,3.8926054824229235,19.911636680567728,8.866748626804764,-49.348588342189785,-9.798819981885492,1.9865343786062177,-1.614220888536156,-17.043001333757648,-11.145102014746785,3.593840589348491,0.9834169263220709,11.48932252743493,7.208871761368444,-8.735284923197238,-23.11892070682219
3,-1.5594808226255736,-11.49984036633067,17.473488429759666,-24.892769340898774,-8.722684211521976,-15.358830823290957,-46.675495908960585,4.466808568691402,6.145235584645541,17.20825103611955,15.5467382260739,-0.7532974400627529,-6.442350254333533,-15.986281296836564,7.61370822824537,4.9419598502478825,15.573823823816111,14.59175455281287,-38.11722902154784,22.253138704336244,5.729584356560746,-12.470949703767724,-12.92505156899888,-11.669279350454778,-3.2524061091837573,8.80575955292794,-6.9270721509124655,5.396938039912502,4.977994165191669,-0.8556623062529147
2,18.810372417782563,-9.730528043352443,12.266964537522213,-6.092770078935535,6.81628916680644,-3.7884429680235954,8.030549297458652,-12.471432376610746,13.377531357373627,19.397263534082207,-2.046307202104067,-7.023510607664604,19.485599717752276,10.087524931939384,10.565032561979272,-3.563154382604778,-2.193569276032407,6.983365098099037,1.938583701298867,13.769476826596792,-2.548941570947676,13.874341020529876,-1.9566887400482837,0.4108969648396461,4.619124302829404,-1.7986132722706678,-5.542220231399337,-1.324041168708483,8.879439728913988,-19.411393246096992
1,-17.170693081649,7.178067853137791,0.9854687666959769,-22.027285392936427,-7.312160621883156,-8.238126034308118,-9.598837557189405,-1.789674094784154,-12.58988575088381,5.095404682574136,9.240539002875074,-2.4892736042101316,21.81120568547168,4.0592510783633875,-8.948529354304037,-10.029574231716047,-5.452108931056729,-9.743176641402673,-8.57361770534082,-19.256406330338955,4.838149689849258,-5.547882580195195,-2.9211095585201914,-9.15527266827291,-9.884594285883274,-18.84932620241529,11.51278993014704,-26.32473482902519,-6.276186062987236,14.634403846014822
1,-7.667601692408714,-8.34206767507711,-12.295711714914887,-33.677738433410006,-0.5001598782960324,-1.379407437782051,2.164087734365328,-2.18512227580506,20.052412919733655,1.5281415646397107,-11.607445906110705,-2.9069018238553817,-44.73446644520419,9.16253819843023,-2.1210453247801544,-2.017012921074202,-6.908127247546794,-15.730182539381559,6.247967442342648,5.314712429151092,-19.438385341892545,0.9587949782042324,-7.095257442962315,0.2666397559714522,-13.067743995750916,-12.574628044892286,3.0539280218880496,-2.811837269854286,-13.849243145812999,-16.548156283248282
2,0.27342953999802244,6.426529464204546,8.053532703800048,2.516891558281365,-1.182284376067349,-5.818859327215492,7.9861840249411795,21.84284590964377,0.41746616193713404,2.479287067878125,-5.322212885946514,5.045349765446527,11.2934369049505,5.692656612994095,1.0583614848804377,-8.135495643424738,14.344429116690197,0.23002553542462945,22.946789558469987,-0.5806984556025796,20.561103575659004,-17.69860151950734,19.13387506138021,1.3020001847134652,9.373076809773153,10.418843997069926,10.327255060738084,3.6261591216837807,3.325708986625116,-4.853430674546018
1,0.21704130665513066,-5.925619669310855,-21.543058861575624,-24.304680941839916,5.789369740716785,-10.023552594381712,-6.6831683557370845,-4.460682616515016,-27.245124632131546,-11.105857295153779,2.593470388801567,-5.312104572678669,-13.363681718994847,1.0305979554140423,-8.598107838789844,-10.17879473251606,-8.867675318019828,-4.853630504838129,-25.738479999549323,-22.368265576068247,-21.3686928467986,2.388686572462852,-7.095045604451796,-0.8363033762477758,5.404139095389672,-4.687419662759391,6.896516068293787,-0.21986664506664466,-6.095379388371945,17.22563138722302
3,19.519035297054565,24.09826637363083,-7.53600999444918,22.090923815385654,-8.03511813832506,-0.3660949719630906,8.96731486128626,-3.251802434455782,3.2422857794520246,-0.5904742162004304,-0.02229280705817846,7.538199636201013,-9.555025261434112,-18.462372977702575,11.509262945414843,-9.047245878021261,-7.91951730186266,21.35087007073402,-58.56289585743666,0.40448834857468186,3.2489354423735293,3.294711065322022,6.0001735393972035,29.949173541283127,4.917013327099516,7.832499319688997,-7.863818328912821,-0.4133559707351053,8.63885991933469,-7.58485101581279
2,-7.592559052147412,-9.348017143498602,10.762378139968895,4.944410232936883,2.157603892727085,12.536086974629772,19.855245138349517,-0.4624975548329471,0.8180329544834501,2.668889052999267,-0.9414212431827698,3.7292298899628973,3.2656608528899267,-0.393581522630293,12.520405582112446,20.420062019047315,23.420720739015458,-8.504752615327813,5.582932327757912,4.418753451382983,0.5640831443391798,12.702511801001863,10.9945633646564,-2.7839576384280846,7.841902540075908,-10.371084643426169,-1.0677706895774204,1.1618089827738034,-2.531556359550068,-12.917530287067262
3,-2.8943994471233783,-17.60115711116371,5.240073647048429,-4.510983958691552,6.215770581854763,0.5138056959224291,2.4949619564957004,-2.449423417055635,-2.8120707554107898,14.5964334790532,-1.9716318007381095,0.5794817589953969,-9.459890522323049,0.9242851140846362,-3.5004953429471177,-8.813482870454116,6.76126789459733,26.79993886921404,-53.195189871835765,-12.641432910121143,1.5999572998030378,-5.787692426309914,1.2588924860688802,17.409248849714317,1.9781046977857715,-1.5718204359463512,3.828862352622353,-6.6751804685167855,7.340417165625062,-6.875281049481728
1,-22.091322271064882,-15.936427007264903,-15.271415539561566,-6.326728190099166,-0.5803555482797638,-2.2972441889484796,8.667035035941549,-2.2682170458484516,-19.2853463990886,0.1813241078748793,-6.2917462279675025,-6.629175905243213,-5.224611995226144,4.483671751881567,-3.305857674575927,7.011721096763642,24.518250242781235,-17.23015416789999,8.665836718122883,8.044126664600828,3.718178671364539,-5.3637141238923265,2.617562502449018,-2.510932916650915,2.900746686721609,-11.794291595848968,-26.103453396439573,-7.921565885943448,-10.17593759272942,-29.188324570962674
2,-2.37166392316811,-0.5610018598295516,4.7855562545446935,-10.22201008991002,22.46341573237458,26.3228441205842,-3.672466301688451,-5.121154358356665,17.823875076107864,-4.20016610228424,-3.765730933852165,4.461191690122196,-7.40312287350516,10.525271366625454,12.030971483948035,23.71485513602728,4.946223647972865,8.556708898058064,3.7701429849225816,-7.876309699187436,2.4501288996455126,-6.367976163244585,3.6632573545348452,-2.1003783359845016,4.815648500520446,-3.0089762756794727,19.316786333529294,-0.5569174747607328,10.196255826218664,4.174956595501795
2,35.22378148374273,13.628353494185045,17.65065143964881,2.9927481388746595,24.820790969617825,12.315694455017697,10.971777252075604,29.126691704054146,-3.397220495087491,15.126354925137932,-7.120984190577878,-8.085839449451562,5.346345222073105,-1.93474401562833,1.798161101764551,-0.8093870139337804,5.282410154639892,-3.999461834915569,6.590580352656218,12.633587261115775,4.3304521255815045,4.081338850425729,-4.300951462262969,-1.090455933098299,2.389821233919074,3.4876228453380196,6.750929862569863,-7.041769962288734,3.741288526924389,-20.315013429808733
1,-9.923706618758382,-9.451242346910373,-8.558472263498775,-7.413751049119343,3.043551797767213,-9.21362727723577,-10.601940659542748,-8.942764570093882,-35.95796314641895,-9.960224684480242,2.9249723445824336,-3.9997291514962248,-11.229904090467219,-18.454143693733474,-8.619414906621497,-7.111534283264087,6.9435213994225276,-11.523757950305647,1.5146207705203913,-7.735650353647573,-19.367110206174807,1.8020497202822783,-6.1329693268523755,16.316618092145916,-2.162580900536942,-7.019873500602879,-0.4263833404320234,-5.400360154023998,-1.6136727841397027,6.722068077690077
1,-5.617852643466143,3.377570804275808,-12.79663180741906,-9.808866622602764,-16.156199513766882,-11.983677753377497,-6.3338585380016665,-6.697933173615158,0.5747533037591648,-2.1874895502815623,-8.038857505329231,-0.17342378486689247,-6.857948809873444,-22.022180443437907,-6.48463352064504,-2.644790815887996,-9.899172870519498,-29.59723171738592,-1.1481280434247951,-22.583036308347697,-24.795354605076053,-0.6221669966476719,-4.925444641731703,-0.7353671279003768,-9.605822079967046,-6.204635853509377,-12.128789164337011,-14.293818897371706,-10.107559837631786,-17.00695403337903
1,-1.1343980259683235,-11.05290273199487,-5.478415586067729,-5.504264257349937,-7.499231741087054,-2.3343897353659235,-3.763436507646599,-2.543680148096314,-32.15334565004132,9.18718534662677,18.42915241860345,-0.9961090919073021,-15.19998560142761,-0.9520097486918693,-12.182514176046535,-1.008658533290951,12.403638510430179,-5.4702890315209745,-16.339026073482778,-8.218952580107334,-4.285552375881417,-2.7602493517797893,-7.033465283685816,14.931210109621881,-6.833670861682541,1.848219093339476,-31.795942857967063,-6.001731499345744,-7.451258377619906,-10.422079055885053
2,21.899804321452155,-16.131733076627402,1.9011320644542034,11.605606514577675,5.350498235599256,10.362281769067987,5.423282796341439,1.1738733461799216,7.082871012794067,-10.046272208437035,10.297827340179502,5.4215338555976125,-11.48428115308457,-5.080592810813381,-5.051335882490137,-8.171679141104969,6.283922451971526,-3.8259366750855497,11.736334822673783,9.793266939776839,9.792278893738713,25.4009074630085,1.6543036184796605,-2.5736353228203654,7.106857166038524,-12.44816485673164,-16.745001036744828,11.837560815915051,16.463636405945778,-0.49627969370613495
1,-3.0497269470697583,-11.622023672187204,-4.594349322679575,25.357548455373905,-6.319924064388208,0.7601213815947956,-30.15906399663918,-3.768813742185816,-41.09781671558013,4.566509027398146,-15.937075016660716,-7.546958786171442,-5.004753623246481,8.62919396479213,-10.059947608723807,-0.7737235767427788,-7.56304087907725,4.875308904093491,-8.54481059190042,-5.538263362241162,-8.551190933991123,0.8547085332772832,-3.874474168477585,11.62863924766395,-17.429316349813885,3.1772805564419517,-8.584818479642726,25.112916186894484,-9.610422110026114,5.78858130387085
2,8.933632931988228,20.15568878747056,3.4557957308751117,7.776673009793614,1.7250287358797074,-11.140628089494907,32.58323124977328,17.041409789407627,17.28539684660556,2.494573429921978,-7.260065497091826,1.517408190764623,7.108125990276509,-7.620807590646769,-2.7523359063989927,-29.43737811987225,-2.5918225428054287,-8.06247292863712,10.332657077250474,0.9640431255084461,0.7423993643419236,-6.570069464981216,6.32679965705095,2.273334961619109,7.3676413185458,-28.783101948679775,5.011384377234771,-1.9380102085134356,3.0031040225957355,0.3326595207373233
3,20.932682732170598,12.179272882573777,3.0809684318860207,7.401433316940081,-8.99159522214012,0.8925412769107606,21.09937097922728,1.4115504049432448,-3.1239862333406,8.528744509278448,-1.8006588330913227,13.695572315842645,-2.583276196692707,2.291284383466567,5.2080239169287985,8.405655708002097,-0.9172071681758491,5.228457105537286,-53.546965462082916,-7.406504476108326,-0.14084629544525562,-8.06907567578593,-1.245616064916055,17.82850071892196,6.903013176748937,9.127251459002169,8.44526978636484,12.483995486326736,-9.4427471587633,-1.381525102404638
1,-2.2682408595424084,-19.551734341974385,3.45380148315083,-6.902039481092233,-2.4878135708985925,-5.68582228774337,5.095983452487361,-2.1761555541475803,-7.329963620452004,-1.596200367834495,-21.447422269578837,-8.48178460847289,-10.461485329113154,-6.623715744781386,-2.0405100891579924,0.1769462837107425,-1.198920082890647,-12.625026112221477,-8.718239468596488,-13.774017962754074,-0.4656693501166904,-1.9210167556832463,2.5411971277862415,8.183288353912497,-9.816624797554917,12.857020867482358,-11.208383273605921,-1.6244387744099673,-2.28245522089283,9.718077396026466
1,-0.9667204438953432,-8.542139420506086,3.2386271387759678,-23.540234429219993,-13.566441089372951,-0.5963801428370212,-15.05960953865494,-1.8908642109553435,-11.808436918723064,-0.20138812496224912,-15.560286121522132,-0.627766428188467,12.329906214026096,-0.12215089194401507,-10.462861220837368,-3.378397664884007,5.000584948537943,-9.28476908885488,-1.8697663086812444,11.313982130085437,17.426051736430686,-3.7625558283856027,-0.013817319700036634,5.348064130829246,-1.9270304768698283,8.834760525601066,-10.668072397120255,2.717157670962664,-14.137252979173997,5.518086406664577
2,-5.913228278744934,8.843629670363537,10.036405994974327,2.8802525586446617,-14.781104239652302,17.519441208674245,-0.6744401015858008,-31.1356933767103,13.689949044461468,6.793914192471675,4.48878271643909,7.755810995258554,22.23676147196271,11.773436727417682,16.194503487115366,-7.423880578816076,28.36226513513867,12.943143911593719,20.63256541016658,4.292602028585142,6.666736049255953,-9.306431929364239,-8.579962592978177,1.8162629833147181,3.1530900030326663,-11.402306396404775,24.857604469002826,2.1390341218938316,-0.4732352279675638,-1.4834139381950406
1,10.492549893414058,0.6826208797746718,1.2615352809640896,12.693786671059563,-9.882988723163383,-3.810524394422158,1.203773299002993,-0.40689577254571274,9.279119188384051,-2.2626704136085536,-3.1882447236470886,-6.846296901225182,-3.728072738869236,-9.779647666118677,-9.41113957468641,13.034306088068078,-12.812504302496917,15.410512063045346,-14.803693414934827,0.8756469237103883,10.580173803072814,-3.9703981272818085,-9.158549538995576,10.069457181048012,-6.781199947873838,-6.3971650530386155,4.127833798206671,0.5436008059518977,-3.610860605628179,8.9199152735254
1,9.460139970142787,5.287777316043578,-14.930868735050852,-2.5529277913114017,-3.155325810009738,1.9614927730455962,28.187589029288162,-3.8062465989045204,3.1059875132231474,-12.206862220346146,-4.318480239442168,-7.269836063042115,-21.93304394806513,5.386691840170928,-5.660528578190041,3.852126842498657,1.3487706197391622,-4.380381279853568,-1.7949821099062637,-16.361254658877613,-10.21348191484997,-3.69610081315684,1.6807008986892358,-8.069392449114698,-4.043868093108355,5.713692230709109,-6.245995260478153,0.7192246788595313,-11.067853303786244,8.966265190130775
2,0.6922871138311111,4.665294590666662,-3.5092025151384885,4.979033220199147,11.953709177424313,-1.1548349544107026,-7.016645291004612,-10.25076330499298,13.081317579320942,-4.882710681242808,-1.8961149114003106,6.772600656866357,10.531930659095966,-1.6968398573049592,4.538416775488502,-6.513329764126455,13.23518885542313,-7.246088450104188,2.0511387535744428,11.451470476913684,11.113222669686504,-6.581941063393873,5.209343363240675,7.629584881300663,7.007599435878187,27.007780918853467,16.050712979819625,6.698074960364252,16.480411441706135,-8.606879213589
2,22.62775518314965,12.753944806689486,7.745487457330027,-7.098187443124845,18.816599969254987,23.635673284754006,1.6736709548925188,13.182802514133332,6.969747423842089,-7.067963032804184,-1.7211192875816073,-12.935148579709082,-13.101941673913739,3.500850592934279,2.4154848529191444,5.967384534382315,9.17345280745532,3.8949425530194657,5.569979873092529,-13.818812389736127,15.263065705896837,10.05423735098851,-4.4919531364800545,-0.2980392684886781,6.605712344268302,1.2038335407551912,-8.341434681734924,1.3596497994970942,-3.46438415456627,-34.85574434369995
3,-17.459070672697578,6.513726673113242,12.805171401393189,-4.3245781753605375,-1.6443824604335755,-6.827339270704645,5.7487606479245,0.1801376894770731,-11.23815181396956,7.866095215015807,-4.222628710191928,4.007028412717838,-0.5650617991136146,-3.0981898068620404,-0.3157724486310265,5.041105699479601,-1.5988651268058303,4.007759386950119,-51.150907454693446,-3.6241407428703956,4.842161911288788,-8.811442584621819,-6.198099903635003,13.476975490681554,-5.697156525344576,-1.9335799453788032,3.0005862201620532,-19.501142505163603,-2.6138363441845573,5.138688222936982
2,22.01657427078677,2.705278502868161,-4.131179028817108,-13.123259348810521,7.54014638617088,-6.139899351370296,15.73307187425739,0.0022534243393028675,1.9175224558023913,-23.98229821142139,-1.0462707757058352,11.92743868471931,16.582170001109823,17.215957034144,2.969844650483523,5.7297544457173295,6.486030258131503,4.104284773993035,-5.692431791019225,2.795201255836095,0.6959841394741382,-10.536786772020601,8.871713163738015,1.611540075420219,1.870099449606446,-5.729452279989797,10.962504813216782,7.710591348550695,9.878870452326879,-6.677582318353479
1,-4.419772148680306,-5.567226645762367,-17.241055073836733,-21.842395208152823,-14.883428125450315,-3.961170880926195,0.5787394615066264,-3.391020605306262,6.738615793464809,-4.7325094461625685,5.308721501120627,-1.221940833317438,-8.286568770970234,2.3454582159907567,-3.6480535928456184,-5.622772867587935,9.68510017749743,-7.392339336666076,8.789080835275787,-3.863583767305854,-0.42645890579978296,3.038481367790963,-3.734005028220441,-5.800179195625644,0.9482354847002963,-6.627073627826497,-23.320320034621275,-10.417172996308015,-1.0652657268444354,-15.766638157501054
2,-5.456802325637907,-6.653438695190313,3.1883525974351485,-2.472309299045405,13.915553144745825,2.6231910856835468,-4.70204805662743,2.073732898471466,2.9270369113376375,13.676544926479554,-6.419881512439938,7.666092886503608,-3.3227968267941668,-0.7799771641430793,3.9273440121275223,17.858962235569948,-4.48241164404242,15.747349517016172,-9.293731482024707,11.098859491867955,13.501483590922266,18.54691338304387,3.3090099512886155,1.1129714732988112,7.032948940945087,24.546170297658517,14.960932937239185,2.626070624053268,-0.19684441699039112,-10.36527031441781
3,25.357601108906962,22.17476997459035,12.073455635277668,-10.445644465887574,-17.211011810338267,4.093512604016217,27.39584606738357,-1.0332346425856238,-9.585822320343249,7.9498811108013445,8.042268650863376,30.12127530086722,21.052982102325565,6.443329062248241,-4.154290300853656,2.79384987235761,4.635025195046813,4.2469288688048445,-32.89258890094882,12.030419818407596,4.163403378720656,-4.455612927071174,15.120484942038717,8.870732763847524,18.617018173140607,-2.5211031838962863,2.3781745329712516,-5.303329936336189,6.263063342148508,5.146184383676597
3,5.688586100928413,-27.14738321321069,3.910316557994837,4.350181540275971,-12.858985300473783,-2.4665859239278323,11.043436710177511,4.874958310449733,-2.6433425566248494,-3.506196847391003,-4.353233964892039,15.255715423433362,-10.097339272745927,6.035194355807489,-0.898234141642924,28.90893938906001,1.4811255541853532,-9.709088121249454,-60.260604735697626,7.88515786436521,2.1672962648642344,4.020994310618115,-4.706016464480218,2.493881921515218,1.7573778795911152,11.166874142430382,0.6981073235223476,11.839488452849727,8.545544788483175,10.882511436316523
2,10.296950313227567,25.1000045406278,1.231246387934986,17.82315176977782,5.374412565041359,9.384872438241713,-1.9855572321217023,10.444998683821598,12.820621691393644,-1.6160661735155673,4.692022830611971,4.562361513774157,5.9068773094037565,-1.9679238014569265,-2.1227003548780283,-19.102929094572595,6.490733787082112,-15.404205917687921,19.825188628893653,1.4480967082112532,7.421538975090742,-20.287217255432957,4.658045785928054,-0.5226404077101168,8.431450264326912,2.2706647853226833,22.3717979494989,-2.584183232569051,-6.1636796206240145,0.8735091328021771
3,1.7337853596616697,6.947886652758143,-6.8272945054244625,-10.850912473856674,0.8756192286761411,-0.9574858983471317,11.513835496857666,5.7796266113270605,5.651309371795319,13.556824368050027,4.325389238763872,3.9315208962127066,10.118666908900517,-3.3837337388354665,5.837067014416934,8.136570164256053,-2.2525460353892157,3.155891186779541,-48.20783857715326,2.750104102420582,0.9056447776387166,-9.850147706225945,0.14564567556803842,0.1984724909805149,4.009950102918403,-4.980835615703517,6.251108384025422,21.596698591432695,2.57621243305866,-9.136370005608502
1,-5.300740835290201,-32.40681924410286,2.3378376594435437,-10.118522877588083,-4.512021903624102,-5.341829296608798,7.839558249784866,-3.008498479583576,-8.66478157127387,1.390739489510323,6.67740358454166,-2.3648186771621558,-0.326214220612667,-4.384071153116493,-9.087308412142137,0.03363493630348646,11.627927444790158,-1.103121604178436,-25.47660253592882,-4.936635145993314,-7.393572572225907,1.4691194329674893,-0.37237961842472167,-9.3762208938788,-12.578898176993372,-7.9226990452168025,-22.30528178373048,-0.8579069166292532,1.009828062326366,-5.293220556359924
2,-13.93902471403776,11.853514696092656,7.338571552331978,-1.7042409346034,6.25275432010271,-5.462037925723839,-9.466940751366902,-2.425432684900799,5.975817301414363,-0.39313886568142786,2.3067591937157546,12.550189099223061,5.436162294286142,14.742676555065131,25.674505869335913,-11.000193336677444,-3.345822466267226,2.575777414048384,18.001167916949672,23.01713398595165,5.567380176915873,5.47947337216553,-2.261630662911628,2.510933741939002,4.774459619175838,-3.294415307353745,-0.15018328304126083,5.509261486583528,5.971109881343507,19.307370283867154
2,-4.798690177610701,3.980528883992426,7.395425741003397,9.320191333779862,-9.497382555149239,2.099209150236456,24.809379285208745,-0.6337865201978232,9.394472781262309,-7.6497812960362,4.386947188871807,8.865380459278795,-17.001443651115057,17.07489849288957,14.370024180450866,4.8000671955272995,0.12597882637520996,12.844824021364566,-4.888581384541646,3.287916061616465,12.948040872739703,-3.4648722944412214,8.275110101939239,2.5283170884317867,5.098363678016025,-3.008583644066829,10.968752246427666,1.5558559935988687,-3.9612691705306275,-14.578199887477139
2,2.2328636731631883,-16.45586737401925,1.0569689625088863,-3.4201762215204865,0.6334676109507296,6.2482482430164685,-9.417719817127612,15.989877912361305,16.799636755223187,0.19953591777185498,-5.472576055804296,0.8727949742801617,15.619754133247156,-2.179999951293939,13.129897771325448,2.7790253888840626,1.306847487513266,5.35282262237551,5.307851709264476,23.40277118763142,12.761699674261767,-3.029280039994238,9.151281486888774,-1.3020727691026557,6.997126138274707,14.464611324105377,11.354428283015165,0.7322874080347259,8.939120471455242,-5.846729188394291
3,1.903978746247552,3.965374249741511,-2.210634699521607,16.35976767240278,-3.7797811358524873,4.760677820863676,-8.917671127913804,-10.660407134357147,10.299420713228077,17.59464057728367,-10.017320448556822,-6.167185934275254,6.805383597372813,7.300688445879253,3.830659650211121,-6.7053114628392585,-0.28475993369534347,-5.689736150581493,-44.358587122274415,-10.652140144143557,-2.7454936034538218,-13.760822197137452,-0.2092545024730521,26.526360738074192,6.578187110390839,10.015336910565898,-2.68351427663908,4.978490405600581,-3.6890377809526926,4.105500991030575
2,16.944824224599905,37.388139873890516,9.549804600548617,-7.944102164908047,-0.9465884163229834,1.6564993804857373,8.814769574793718,1.7958041470545063,13.914756809944876,8.103934198835038,-3.025022042130092,-4.586000953938501,-3.8650105348875057,-0.8849340658995013,7.172353447042122,30.357387989396994,22.644346518940807,0.5053990439398071,-8.764705252538782,-0.6278740663336921,5.859190013768674,7.134988719296057,2.522702115698271,2.0399034402088327,5.382479593263517,3.8408693598974804,0.169926846406673,7.911522826799933,7.338312433138861,3.3348081239969116
1,0.9115124915004253,-15.924713381719414,-23.588286586094625,-26.379495586292357,-5.031915044760932,-2.7965913013966603,12.829488642775,-4.134603674782086,-6.238386806871113,-3.9716501735347345,7.84497612911856,-3.1520226379441927,0.7123648249770858,-11.15377770788276,-5.419695159008194,7.109709837959169,-16.79202896183068,3.715632451202956,6.452804164154316,4.47038197550545,19.84005551043569,-7.912963966052367,1.9640546426524583,1.3386146532742456,-10.580540381510641,-10.034463671865241,-11.13156581285467,6.633221705654302,-5.248147761185454,0.20886659512460343
3,9.213327032672527,-3.641580037932623,-19.380157625963673,-24.22146389712746,11.416912742441912,12.572762618975572,12.317184685639875,-8.431119624896418,12.140601551450189,13.686368440025195,-20.514722453484982,-15.344318186566698,15.924735797801954,8.677907379221713,7.584620004889058,4.741642694129198,-15.485985133408501,1.8194378984994515,-47.15656592060518,14.75024518462331,-3.6628188532577894,4.681948251493838,1.934573953510669,-6.395005492444768,5.401521050618709,4.4184598594844715,13.739469877856903,-10.289675629228716,7.548670560427749,3.5135634449634696
1,-25.540777205219825,-16.551641987506144,3.3375680537565326,12.974670500916789,1.4021547466973843,-5.222802999189151,-3.6062906662705148,-2.052889177744609,4.926841263400099,-0.12008839583775321,-1.886021869317829,-0.5067124596926209,-1.6104980610614845,-6.878736288320369,-9.79098023245345,-2.284319584097857,7.652901101877262,-5.541626617191895,15.924134125820192,-31.02241851475619,-7.324864862038219,-0.11179670179769663,-3.558113299162851,-9.441691374881716,-17.045452637729007,3.497057276873333,-19.243475566634675,-8.796018849106302,-3.4713443110880933,-9.146708101704673
3,2.313675718157213,9.106417657940167,9.593930736089055,-0.27430579837330915,6.602184055435059,0.10972336957854956,13.902849047290095,0.9907484959352674,9.3684008189279,13.614779000681594,-0.16239703141505082,22.99018667993681,-15.541466648846091,-11.184920304253708,6.055625058289474,9.882402823151066,-3.607783459396343,3.3235279085379132,-39.02358232971148,7.194654731257771,4.365018153225691,-3.692783378256957,-16.11075239817908,18.8470074288708,2.3045382703047506,5.7435477276419356,-5.383474487732531,17.712793414352376,4.369368964296013,-10.098578122162273
3,14.793954342205957,-5.540645227956688,-10.33735765622109,4.0811674433526655,-4.829242756498048,3.3747187520258235,5.485771627978573,-7.950233210544999,23.121982113967405,13.667164700860695,-1.9168031915869568,-0.7530561266920993,-0.056406216906110807,9.26436062306223,1.9278243371198096,19.756693086309117,8.654857690817446,10.60453407662326,-49.850349358628385,-17.38696710858508,7.044352580385999,-0.6560492972823294,-9.40617307893497,-7.359684733536822,-0.8926797992663635,-5.845606884621647,-8.19131142913391,-4.813188155168113,1.7599481739746354,-8.579203318493677
3,11.569556166224018,-10.25840607668767,-5.509154897609588,-14.866719888395076,11.524881683066798,-14.05044015767037,22.418466407653952,-0.8627041710960235,-10.884820583970445,25.624850553782665,11.921101026828886,6.642435209176323,6.323697492415038,-23.068622047116772,9.479402820900994,-9.30985703437682,-8.431374829162365,15.644717321047725,-61.91253085188282,3.840179524061523,1.359518636306414,3.971372853632378,-5.659113185476502,-18.111269043327262,8.957152722642954,1.0480659860730215,0.975378581389093,-6.643887427726888,2.580869428469903,10.670103572465264
1,-16.30219293670388,-30.06624724823564,-26.072965656905552,-1.4233901150604198,-15.480513813480702,-7.589881971504755,13.442359575559752,-3.9461335180339328,3.020755659112342,-1.2460781208380074,13.05449474809263,-1.4564002549621127,-6.096049171223508,-12.534387007007183,-6.648323140157709,5.027123068465208,-10.98907370606555,-2.2597657608940196,1.7090304402873766,-2.8240364140088934,2.9772041310246173,2.1852625963340797,-9.92601160925891,12.685273767972802,-4.575199699296233,-8.8133335097037,-2.9936393199392075,-4.331510150445736,-8.585395168399312,17.670917392276902
3,-7.369399309305336,-2.2004670787901346,5.308033006290868,25.925862568235893,-7.473480926830688,14.15166157959179,-12.875394961682202,5.8486454290476155,19.097450815353415,-4.326179338136036,-2.5437459524116885,-6.1664451291278874,-5.0104450491804995,-1.1537704493264305,-0.4927148003328874,10.349062753500952,-12.145403837929399,2.4414480381303387,-41.37689779916521,5.107376167924576,2.1736337834115638,11.03446453066463,-10.206458637476834,6.385014397536335,-1.9864007652527582,3.998485263019792,1.2809083412204259,-30.942256059586374,2.830570464688462,-7.539110734986828
1,-3.838310354674596,-4.522409618856752,1.7162280715150064,-19.348557623652315,3.492570011898298,-8.163521606471297,11.09014429466663,-6.305738463204886,-26.942806167020304,4.84472041731902,9.595673112502629,0.4531302672783246,-16.334671160432567,-5.518794186412606,-8.614976318624636,-3.662633337632223,-11.168085146868195,-1.1856092025618503,-16.608036156766573,11.235259045542803,-5.410518032018679,-0.11862795330754938,-1.0901715262420586,-9.796194312488614,-1.8572976091631146,0.6799232455527546,-27.143925508927524,19.188109593641286,-10.354719631726297,1.6998438689031303
1,-12.800871582661735,-10.528272193676433,-5.454287573969014,-20.42967629210634,-11.77679094872382,-6.410910868952543,-18.63418016858507,-4.085341576513526,-5.524362638286455,5.147352180375286,-12.746856753684915,-4.679860972507387,-18.98640857382403,-6.637987443616159,-4.154222240143752,-10.611838107648122,-12.986674809261928,-5.754062955151985,-25.898336591870738,-20.267926222287215,-20.29099056035318,0.012118239850216206,-1.2247247684484122,9.441356250753072,9.833782340931768,-13.853494484367125,9.535961645517858,12.547072459361997,-6.790405507925485,-7.292080801360696
2,4.216481910565279,-0.17214261050128332,14.08966813481506,7.170772344261817,20.53334776668646,21.22370238648147,4.17296456860241,9.410151848450912,17.009774459911554,9.28284132002634,-0.8596767122251736,-1.9248259632563798,3.671001327894258,13.167419695606906,4.171676310170234,13.110623279709388,25.27024923922059,18.982722615409756,3.143259767583003,11.046917895022592,2.7563792888597116,-1.99946803830182,6.704805473147411,-5.206062165187736,13.133167210796339,14.207019801407279,2.753190798839718,1.362480395214682,-10.17323440959614,19.93569384957792
3,29.453811098144367,17.795853908691317,27.120371354999357,-18.306969381873795,5.554999344723408,7.500670665244176,3.6110159728264133,-1.9554273646401679,-5.652426164353255,-16.972655876199553,2.898825742204446,26.50589926272874,19.793892741272085,-15.3533820210184,-2.102170036876003,9.466683478697686,7.895102474239861,0.7600958762711834,-48.897238207091625,15.397176770016063,6.788339223906389,0.09231045765438328,-10.734051114170715,11.89971321310518,3.832156474217765,-0.19973854232721466,3.7706406773926484,-11.69207794869904,1.3988910421151988,2.266388141579139
2,10.431619440177071,46.169823842757545,3.5811334874904994,10.465717130944158,13.646022412944461,-0.7268660086374155,-3.9315255643275,-6.4339562069996985,5.092696046408956,-3.654288605856074,2.265792509669226,7.664918504007567,0.8320702363592076,3.6811368591003477,16.420842367724777,6.177383046585541,-4.292034726512551,-4.544978127482747,14.31479610554149,-3.747490203283401,-2.5960981588551704,2.616931869038112,2.513897638247864,-2.859326701572397,4.060580450311553,0.0046921108705895165,2.4760265295155364,0.4456004678251364,14.492284647655605,17.198742069584036
3,0.5707301019122599,-2.8609776128233695,-5.295309561411555,-17.019842655851857,29.04423440892566,-2.889779763055298,7.035215618807202,3.770831234957697,-11.521212449452955,-1.6757738686614712,8.069761354570788,25.97682732321604,24.804274328381865,-17.514130954686962,4.173692322512954,3.615962158960336,12.117103611104538,14.195469340111538,-60.56304731519174,-2.6846112379053717,0.241447047442926,11.357601461659529,-5.154804427328232,-13.5196782311237,-9.868328541599857,-2.7170124413637824,3.9190485119291694,-16.86382201243985,-0.14479438250998755,-14.716601636878606
3,-5.045554992184457,-2.6660987912329204,-3.244496189335151,-13.560189619829616,10.405450931070266,-4.486755931162902,23.401342237367437,5.7685327596572264,13.031877544322937,21.37789014740997,4.356049811972832,-10.035973100913345,-14.883178366467119,-38.47747642215181,2.6207331221396215,-4.231933540450645,2.3315109402042347,0.12770828374348508,-48.08915828550109,8.162411736183005,-3.4306446725812503,1.5323473961216707,-1.663250373098969,-2.845565563057518,3.4468029637459803,4.20300803271492,4.374461792620332,14.568168740002944,6.558408093078695,-14.808539581968837
1,24.630860701646046,-7.000737834238227,-5.453018505399806,22.350105583962414,-3.538367177546277,-8.011826720612516,-12.733091371037709,0.423648864139166,0.20528939760712106,-4.404290967635281,-3.4592075074834314,-3.444594925663898,-12.596058880178626,4.544601987143856,-8.026435032757695,-5.525537017447839,-4.9115035064612735,-8.264159304297747,3.182766390280592,-11.722788715228923,7.722931312296405,-6.232101062864291,-5.969007829373803,-16.461317672122647,-5.082370001972345,-4.484891409250775,9.647476576576974,-5.838636592474198,-9.93963381188487,-6.787097688799662
3,-3.1836848156034625,15.954530517692518,-0.8585532435372834,-6.419622797183303,-9.591707836165298,-16.464487725437273,-0.15829081286997093,0.07267501905227602,8.009579343676654,31.53849819395419,6.527805423061952,-13.623295936795104,-30.498866322302806,12.2759520723139,9.215963516187966,5.607852109535805,-7.378691035166328,9.87377046154646,-34.105350814913514,-6.050363623766318,6.122662197169828,-2.6633154628586624,7.567296308438845,16.487132581057253,3.2157710923656655,-4.725483179495521,7.560848636377379,-21.270113493749445,5.600167033548522,8.606037270540345
3,20.803130293814057,-5.063156864245032,-8.129666125069011,13.98628568996264,11.804265993744728,-2.428095038685089,-24.083653870482596,-2.838416092325809,1.4640810221712268,15.605439071541866,6.528560830339364,4.326914384082603,15.359386501193732,-3.189136482251089,2.464396066365125,-5.338678861137555,-10.540178147449158,-5.576252836695201,-42.78915990392601,2.151798400258251,-5.828346215552995,6.587638025799357,-11.598242044616034,-21.36646457799584,4.302963406492335,1.2694381972928717,-1.7135693359739403,-2.197112512348895,-5.623930635985538,-2.5028192542359036
1,-13.8713760255519,-11.903509570993315,1.1131443149238551,8.649058302871724,-12.99139405498817,-7.507837989652565,-5.899376960881332,-1.9859128020897585,-8.508988666393941,7.921989674284869,-2.4477305002100564,0.824124272919986,5.88768305619348,-3.292416561207187,-11.17356679401191,-13.274697321661229,-9.858758809310515,0.18857735802942344,-17.28160184896637,-11.043072121926684,-6.6542660662660165,-4.947460555647117,-1.1185250620177647,-0.6905868951789425,0.8905315444795656,-17.010652660105315,-20.154798271230312,-12.180152915076912,-7.994294375369452,8.410022078504886
2,23.65707552164936,-1.0013552433598871,3.1273719014860584,5.453113356270579,12.810416093379855,-1.1355826376988363,-1.3176980577832236,6.096972507387051,7.703925271784283,-6.6634526461974675,3.8252022631241487,-0.3944976254927277,16.472826467788035,11.170007967078579,1.2841513412657486,-19.60337181721972,5.9288333975592735,-1.397655444987322,2.4580582525959,-1.1005166811235818,10.06753311978038,22.9276720509325,-6.685165729502378,4.676844539919586,7.206769668308762,-4.8086149838683365,6.585108521974602,3.558383532710505,16.723954726616988,8.838579904419376
1,-10.17756772741119,-3.4629567923384936,-28.60750206747798,3.2198980871442715,-3.860516122973463,-5.009634022078748,8.752314553336134,-3.4896761746622698,-19.64132146000053,-1.9804168607935906,-3.127141634368784,-2.191867692460322,20.933508321524638,-3.433666399564273,-4.5123535259561685,3.2434767446792536,-11.639019485969735,-19.16152302688777,-9.132114348847038,-5.315432938449014,14.643335802950272,-1.3563207945581333,-4.644353272013781,-1.95940131318316,-15.278310235764643,0.6323056218306906,-16.04978912210517,-1.188362112404568,-2.635658432998863,-2.516353706782263
3,0.4423421817297839,14.365452170940063,-9.538660984236962,-0.9032011042959346,-0.11560636213320041,25.48517536161032,17.110019935429737,-15.772070969730843,14.793641244769159,11.290769929332921,1.5177206767058153,-6.221306603756643,-29.94379366840407,-12.169357566075162,11.202470140059745,8.892748325762392,15.80173754715507,5.889143616581119,-45.568878941543204,2.208751432292104,2.8096622274425145,-9.691186410146166,0.8935122459831617,4.350146564275468,1.6613775194614093,15.270223592893183,-7.4174370813922685,18.934794052777107,18.179607647412087,0.06722462189633473
3,16.227551165252898,9.511610427114851,11.954187959523743,-15.338234753348827,3.905922044480824,-5.745418921520525,-10.031586853902777,1.8077988625809813,2.418071559396346,-4.372409955096792,3.923284145814267,-4.329041160482036,-1.5893174277273554,-2.9844243464446447,2.1375572761350203,-2.602711336155143,6.701908326049917,-5.983448800778248,-38.88086995389861,-15.079724979995648,1.1893949749464863,3.896935923933177,3.8381845444084783,-5.838745633720731,0.30097936286436333,-3.6366786617471454,-9.044208971499359,5.616694747522725,-6.8608976940504585,-11.722589443996684
2,21.536387024397047,18.41793357798862,10.11578992526286,7.100351656331561,-9.3139597298528,13.279517995384733,-15.231587972814413,-0.010429347130311406,19.3725105726194,-4.8658351831593745,4.28712708660553,9.971411975978953,12.511981593173644,10.597006829004044,10.69320333424175,-11.056692714049985,12.390451989813352,-1.6960081479552693,-2.49823500252238,-7.070502564387262,4.956398672790302,-21.711833841994867,17.253382691378306,8.635185810428311,11.38744563721498,7.460850922805561,-11.882828652062095,-0.35465006554706324,8.371562591600032,6.203715849343098
3,16.66731743991485,15.239661598947956,-7.631892045712239,29.200593436732,5.08300735220711,1.5438721757888922,-10.863833238786446,-0.2475489128252255,17.019613788356768,-6.0090051678844,1.4940152391464685,13.500282509448775,8.224418791879838,-8.085172173548777,4.553640209629782,6.934517197831309,5.414230889236309,13.540745383551547,-53.385519302220374,3.077681954757248,6.934443228720456,12.184609815380748,7.140443680608628,5.110654465646001,2.3550028601775788,2.93649079699723,11.023276072597861,-12.40018404784706,-1.501979891112559,-8.662770549467915
3,12.03561391051915,-2.2766836282730467,-5.046364042397577,1.514741061643278,3.027999140288776,13.272028120053204,10.433461525287177,-6.088808551218532,7.930007482641782,7.917525375858357,-6.286695848203961,-5.8866354329110395,-7.554484959502711,13.847304687873262,6.043476277863165,10.361889126459683,-2.277739036076198,3.145213970081123,-46.0314400579061,11.633582516152728,3.0406278397735362,4.844993919389245,0.892414234135188,-4.056156825095128,-7.681957448222171,-0.7134820859538353,19.71189838149053,-11.768211404350563,-0.12216484609465783,9.411064040630203
1,-4.275945188101619,-14.79099746321852,1.310496173516479,-24.744079904306364,-1.6035570734774138,-5.216127538678904,-17.859752379578666,-5.246090477654284,24.119591701024696,-10.412351938903278,-19.194704350028417,-2.7567936311070387,11.144939347346693,-18.776286327789286,-8.728402078964972,-3.6532357283628767,-12.763873323975286,-23.410269701735707,-8.600319566512365,-2.0650216323942923,-9.999201099973872,-3.889028077906289,1.1067350397424667,-7.296682078424577,-22.118895336371935,0.4109324191324939,-13.43767376534424,-3.313345801381038,-10.199383550058457,6.588297452780134
2,-6.596487446726393,19.107058604908616,10.392409497560717,0.34894521406450196,5.692733249196539,-6.806525555281228,-1.3888076339561204,-2.155665564569839,-21.491691490850478,-15.298289899866568,6.398058491678453,22.536390011934216,2.0989572559830654,13.243284814771023,10.411787685893291,-3.5075915585836146,-17.137852008545174,5.7459078165585,17.68359767264726,9.912435128348037,9.851886253010111,-9.138230467283282,-0.564396954033211,21.208993799781943,1.5095451737531427,6.894881997368275,9.8835535184318,12.917585922736302,9.917700423015901,-17.229862395978984
2,5.5936551475442835,24.867290614573594,-1.8618447936743445,14.203761092800764,14.736295819106079,6.036473087540379,21.252644593040507,-10.03708193816541,14.511961472202174,-13.637168379243032,-2.083099551261044,0.053034639638932735,-6.240828583433546,14.451708862873929,-7.626472597370914,-6.048271920376676,2.441500041965042,24.084679181358055,-7.761970303028515,5.658815106147932,5.550759586355188,17.383350949315634,-0.3492079171740494,-0.6080025445907444,1.7819046685466695,3.25609441831158,-21.437012455993102,11.22005944062604,3.7446912751133086,-4.797134910747968
1,4.165614650568709,4.07511073268481,-3.1504458948679295,8.455113988650137,-11.902007073033541,0.9917095918696095,10.072725168666828,0.9666345484607977,-10.641233806840871,1.7374392084406356,7.034602609020352,-5.088506254184525,-14.348060483028505,8.283494532342306,-9.335553063380727,-6.917500425517382,-9.481949162498193,1.1765136921213388,-15.6880824940833,3.990576514730829,1.8354942303773933,-5.921680463153975,-1.5689524017061256,-7.842581647439007,10.508181436935894,-12.055075950921125,-9.92940458078914,-15.048797092347392,-0.6954796136831449,-1.4400495049744404
1,3.2014531240292508,-13.235285110738005,3.26597772358838,25.842507833650412,-17.560088782928194,-3.589142711793572,-10.219233938303063,-2.7883697353931236,-22.31294448057734,-0.08093425474406457,-4.052364186016172,-5.242568694768327,-0.3839295332072332,7.996560785306426,-8.898129091492644,-1.5224327294380857,-23.326517745769195,-8.055662385545931,0.9314204075331709,6.611998325220757,-18.09014821655696,2.403333946608482,1.333968377597917,-10.19537791538988,-14.839743457275564,-15.126800656487307,-20.30571153225454,-6.923088437683999,-2.632953037075778,2.019622914948556
3,-12.92137818292251,11.941744003842265,5.638577741550198,18.43395295261701,-18.45932884709936,-8.235115391956848,19.83794820630144,15.709961272065126,-2.3360705343249744,-20.317963490837542,6.400598814710851,7.479005154735101,14.760498773249042,16.392396375681905,6.02940026264084,-19.80948246145617,2.713045024901205,-2.882516308798108,-43.61677080544159,-14.93627555359419,4.405473475020299,8.777689305541347,11.446655285668038,-11.433421764445335,-10.633407282212401,3.5794859202109954,2.1677629181814067,-9.695166487945258,-10.093956075399786,-0.4370063544283182
2,27.79439143846518,-3.235331000130267,6.08756120143469,3.729936696568508,9.578530866431006,0.11164154399139292,8.350731355529987,-38.24849150952972,1.8740806539321824,22.216309301424204,-0.1804157553904593,-9.75057760041074,3.0262847070102117,19.651067842525606,8.306570889556602,17.685946786007666,-0.310631919832141,23.55617464982473,-4.438333633134927,-5.693898708192391,-2.732291090555739,-30.66286272007939,-4.150004544176857,9.105695422611923,10.034634805525249,16.776068270152983,-1.7213626904620014,5.828462665847774,3.3251011303076012,-16.403799540412784
3,-3.2086695751484857,-3.672445780856853,-12.750682482184224,5.919702616342923,-16.453923787474167,-3.7315484328605173,17.304335791596706,-0.22152545530026346,5.650929905435154,17.610998052824566,-2.646681710048435,-19.08295426252521,-11.521771354990078,10.865896726835816,-1.524411872970464,2.5027239254648457,3.133947084941198,-10.955992843443639,-41.807375269933736,-11.21100275686904,1.0391723160973834,12.533539015576068,5.171185715795301,15.136328490402985,-2.579676066079743,3.3634614462628694,8.433228397301223,13.220851201850943,7.118113066692377,-4.507246492317242
3,9.152227951174442,14.429882617820558,2.545668535838283,-0.8132772954802755,10.010128952558707,8.656485244323724,-9.418130525805378,-3.402507873849281,1.039510219287602,19.08388033587353,11.983570431355407,3.9175756607343204,11.253597700565724,22.529219327399993,-3.1004349987439,-16.00004882832961,5.295809955095262,19.05481058811854,-35.40299438185538,8.422435455986983,-0.6841618882307974,2.549462097358977,-4.317822782377529,-0.7742203433337986,10.71973201581933,1.86995556237487,5.612997185156156,-5.093207474117875,-1.6934288082974611,-5.922123810474163
1,3.244465179405629,-4.953496325265579,0.6577100690169377,-26.85044949864485,-17.709883220340203,-9.30112580909597,-23.126704315004964,-3.0683746508228444,7.859584120146965,1.9545178159941718,-4.94293803206102,0.23489354415328334,-33.85276736637962,-12.283874292796188,-5.479202126482356,-1.0360775098459967,-1.0490874597247553,-5.079008316736517,-21.49728496137218,-29.488999644759662,-20.98887872814699,5.238151209851828,-10.618106254419942,-8.448868154964671,-10.45331426133313,-18.54326167040611,9.884042847825302,10.381983080085698,-1.3441623502271804,-4.805651528804739
2,21.377281458758528,-16.12067178514817,13.91325849731055,-5.132298885358056,8.2276715914357,20.385165435960854,1.590993818790471,1.1625693935860135,20.259288154885297,14.956862898611153,8.715725393491548,6.021402589954515,4.7899661429166835,-1.42827846847766,13.409077386239787,5.8887064048608115,4.630391481388442,8.64167492846094,1.8588763891563387,-3.4530886202128444,-6.026133077612473,13.66205001480748,3.7410826115164766,0.46741564540286307,3.166812698078794,17.690733452564196,10.113838114063658,0.10663853637259502,4.829651625507333,2.673015223284757
2,19.952555651119898,-7.685353875463302,6.588223712441426,3.3798063870198307,-3.7969883607449315,14.44736929998075,14.95469923728719,4.599345794289565,5.6009501936175425,1.6675139242167856,-4.215787243954503,-4.969475940223579,14.001364161954257,6.345284672969776,-4.564929357863227,0.4811875104790362,17.618058545875428,1.6784486067128261,7.790051996886913,1.1843306409604435,5.316196008624425,25.706120589967572,-26.27798402296409,2.9062579420786747,10.84846735031419,5.632988818360659,1.8613348744652791,8.492973081529392,0.9973784387680054,9.975995333275577
1,2.7740077562587357,11.14725810405,1.5141824669074042,0.08172280964459455,-13.594327284891943,-5.007887365821971,10.756755120971192,-3.4629372604935815,-6.713448358550614,-8.926896714950445,-9.119818149537295,-4.64946048047533,-2.414759106158386,-13.659487215664907,-7.752185668391281,-13.49140800751555,4.8711580623672575,-17.566769194014327,-19.827723881728886,12.331913477503468,25.446751363315812,-4.049192102256963,-4.809389504185676,4.516279550924707,6.182793134195723,4.455061465147406,-9.778914922812705,4.934375460056669,-0.3956441122714178,-5.787996366578761
3,15.113881458256184,-11.106895084372695,7.688550957857468,14.480639238551225,-10.900846891952153,-3.759536477717198,12.84423782398866,3.397783430692339,21.523825893906725,17.625799363815304,18.897727180519315,-14.059320143631112,1.1835959747658062,7.745792380602085,10.722224046794764,8.181038800293742,15.999712635504983,-9.178187660469728,-46.852857328316695,-9.76542493836204,1.8072490055540151,-4.373042908965718,2.4520523345599594,3.1550128965855557,7.024584587500241,-4.925288282139329,3.232698802656865,11.351715155911613,1.2662300242586062,-11.003623409055828
2,13.452134602953432,10.132734034936863,0.28943480258658383,-8.158037502664286,5.357232853039116,21.999999395070102,3.2739588215831756,2.41341251161617,30.644428924715594,-3.3773453460903546,2.294043108894436,-5.088185494890146,-1.4848708633304355,2.563392708792947,-11.7544949076741,15.013698570909504,13.639685623045192,10.732573097487757,13.483750741039586,-13.085997720511607,0.2813654398786909,23.86379578169867,5.5996300788374835,4.250602746227371,8.231338821509377,17.560895824357395,-17.02478543804553,3.249434259198753,21.38322954582172,17.887938482040493
2,23.15302336651953,-13.998121849210957,4.551097677403013,5.029216110671015,-10.32478821552842,-9.975083837343792,5.502418360575284,4.181739644908958,26.856941443165056,21.727515023983546,-5.824342186716657,12.53992038168074,3.2379878741959884,9.559944887427985,17.37014082898275,0.919165144729313,-12.024925702321754,6.839416657745911,3.8717919649602703,-6.152642568681319,1.5568349199346878,17.497586901447963,9.479801878194404,1.8003286794549733,8.643252606618942,7.658460607387987,4.866172181551118,1.094044219323376,16.341801657970016,6.894309725044387
3,25.284565923749494,-10.191229814134832,-2.049841809329128,-1.614496581593782,-8.796102669007915,5.9703419884491336,22.24039808552668,1.5310021946846162,8.584591305617494,1.4277222255151267,-9.996827677672583,-12.498903231271578,14.475612449967882,12.07930963143592,0.9634209168052965,6.175653163292378,10.760564383853957,13.06438413005045,-39.702936793195036,3.8368859905013637,5.643069777910053,1.1392464982331667,-6.088082255867622,-8.103955984827534,8.602523235678705,-6.891093832478992,6.3313790938268415,10.61610764521636,-7.720371397559112,2.2882413582113212
2,10.29083654885266,31.65606185944746,0.46525886626271173,-6.608406471229031,13.153498571482103,4.318559633828404,10.908526757592849,7.141470147749887,11.984324231891492,-7.175720298425918,2.43190922163202,6.778094836351427,-3.0548673102447284,-1.2445075195654098,3.1152297746373776,9.924172983819524,4.3707099353376515,2.1518679299138492,12.3374674787858,15.775764764287628,-2.9470094830304365,-2.07094477643573,25.294569221146375,-6.87223899934869,4.06564129869343,-3.2685866891248514,-3.5467365551559915,0.15525386718243128,1.0080158559193384,14.691616187349005
2,7.862641656615068,0.124353982493008,3.622453551419862,-11.02208138990228,0.1846617891123561,-4.1173126884864235,-11.389121591506786,-1.504308907999028,4.4989263115396,4.206261586999147,1.9550882617352627,-4.9324052183815175,-14.596223057274706,0.9364688027517092,14.344830377721774,18.74140807246608,23.36355319456272,8.879046942376746,-6.949864427946085,-3.0938561462384127,21.457302554411086,-2.0398328048854344,18.31450586546497,10.193339818337545,6.291373206763943,9.725694116646054,24.886012651223982,-0.7217126839092041,18.854057634885454,24.65390885660547
1,-5.221934993767535,-34.80020531218159,-18.598803636019824,-2.2127777294370206,-5.175892369651974,-7.925739902809702,10.840789831647438,-5.256891844305628,-18.68227958956764,2.069144298859367,-25.371412425973823,-0.7762331133975489,-13.12563964237334,-5.880944562306152,-4.835593398489195,-6.212430290267983,-2.929017497887627,4.828522650102472,-11.084945056667795,-4.382515894447443,-32.765891694022585,4.3550114006005,1.3971741177641732,0.9589195331629221,-23.513280432867163,7.749822368047445,-3.050601090296337,-6.148616239429311,-4.105558307237953,17.09623261692449
3,-0.6025268624860303,-14.724459747969751,-6.871101875462442,-12.975991430796126,-2.3371616701603335,-7.637054028454367,-12.907481190590525,4.502058931944465,-4.516434902514902,15.169686462013523,15.403315899919015,-5.287499039591578,-5.046515861976605,-0.37502808602825466,-1.3997674032023824,-1.0522109105234485,-0.8731086655480902,1.4370359036811304,-44.03510999682079,-2.8943903418510253,5.708756541487156,8.261343830589798,-10.219792703964563,-6.645266794883674,-1.4629570622222987,-11.013575650718765,-3.449362750969796,9.894483102910655,14.577615875040241,21.10291357260922
3,7.035307246471343,27.168748507681318,7.411127830824384,25.836372915237675,-3.314360196971302,-8.67042012442754,18.616925053563925,-4.363663160391395,7.727835723507711,-2.9084703541948613,-7.554106187742041,-13.61249174705785,10.633323216488016,3.24604675828874,3.599091423147976,-4.721509518135113,-14.26952174145968,2.8709866353648397,-38.854933826132495,-8.451015470742337,3.1599748953471045,7.677464782815674,-0.9035962602907184,3.4826554337328983,-3.037203926711322,1.194233466823001,14.506275548945045,-17.039692965800853,-5.3224529459993715,-9.966683661673898
2,27.88434358642214,-6.560835400872018,4.590475686300218,2.325568413439944,9.38813802225497,8.429605130290351,-7.6320808138013225,1.9835910211779875,-0.7379008755287897,11.986060333640403,-0.4264697593930511,7.436000457253687,16.52793573525364,5.791410396267169,16.57551143103776,-30.794309373222013,9.008984538674571,8.090367708930323,16.55288281903011,1.456747829495322,9.806407568528659,0.48423740116894004,15.204743554360004,6.646304678470821,5.899307102408361,-7.558386257892963,4.313393034693146,0.35052314646438876,-9.776141719247862,-10.274023274313235
1,6.551127643819457,1.8069263295667932,8.401297818068358,18.263533894632413,-3.78789528993879,-3.6955975294297967,-5.195322432136607,-4.175074458827725,-6.708484075231088,0.4162562240118972,-25.688321913129016,0.42108756000209624,-12.239173906958973,-12.24124711465641,-5.14141952478915,-11.927367798109882,-7.997895342022156,-8.549806185161325,5.7312543896569546,-9.714918577396837,-17.215785788495946,2.3764626186864852,-5.0717849207837435,0.292024195840471,-26.212946875806104,-16.803238321873188,-11.416714200302724,-18.674420211555596,-8.360107026084547,-7.815184508533199
1,13.366174919383173,-10.252983397483327,5.967221026115116,-6.719101615499076,9.944700671948114,-1.8801311590582515,-21.920424878021247,-3.9433564401913834,-15.398322563810634,2.133977933210291,23.01920093220668,3.014198092999,-10.19571795193372,5.809025032270253,-8.392657427010466,-2.6743216480769627,-8.668541465405283,-8.2398016340289,-13.147407302139314,-11.319136640382151,-4.082200922624743,-3.320531214342628,-9.159224022918892,-7.324270951604926,-18.84324393425743,-17.2758094792245,-2.692928161434623,8.515497810270539,-4.5034369954511835,-1.6797986674176193
1,-12.820988901595584,-20.225686980510087,-3.2103453120477976,7.044280187465311,3.924986286069373,-3.856792881357963,-3.270243261511565,-1.7367322212884682,-2.8965046162528525,-0.5689854340290954,-11.545334016200231,-6.8095663804685955,2.883297920318931,-13.170108471249549,-4.239822805320614,-3.9742460982703207,-3.8895270613762776,8.569009525890205,12.625380301369962,16.210060144201623,-36.79374388103904,-1.2100401355230828,-6.045476268145977,-4.102373266272154,-6.929703261762605,-10.38177079267479,20.623013624815876,5.051060136877966,-2.7307213618702946,-16.033318055799906
3,-20.61642261326801,-5.654543760105831,17.130953797152394,3.093603336893284,6.17727836820315,18.804649844693532,8.979683066067045,4.7682466033702555,2.625749115819637,27.25223321414861,8.739588052543017,0.8065300893820072,0.7572614382805551,-13.53214667496586,6.03105332059663,-18.5931646422335,-9.193657732188512,4.451702787423138,-46.76458984789339,16.94506608546697,3.2754390860923612,-8.63758806959065,14.88234537404339,-7.44360769613713,4.424246619070033,-9.07104562320675,-13.309406951294276,28.753818793874558,-8.210218429451754,-13.029274933353824
2,-3.935552231164082,12.011127598898334,10.58796246885845,8.383377414909047,21.575382768187012,13.279941719762725,-4.597380841905577,-19.33365656157272,6.7079192853114415,-1.889406952586043,2.0846575482827756,5.386737216045061,15.43074645998383,-1.205709981331431,-4.0599118849154285,2.9976076685638926,18.95183347161854,16.91336910187366,0.9648907629044388,-6.104868746889453,-3.722140159499773,-2.5913429874036673,14.372919717270715,5.876865872911636,8.455859871141135,-13.978138118434387,-15.318580419297533,7.102245808968711,9.896170632271136,-23.76028981902637
2,-11.428689958673477,-5.794076166681394,-1.9275545657202358,0.7225477977648804,4.818596021612767,15.95706211057856,20.04483062927675,-12.874322640504342,5.995274124135942,-6.185265601351955,6.347250777832687,21.002495326332834,7.012129818761151,-2.0562182931250605,20.978537172498587,-14.565702891642136,-17.97445031351338,5.342354603272761,6.614867829617418,11.807553583449547,13.571261481432568,-3.9828717446081026,21.517421784820677,-6.1294160715708905,8.909402895206368,2.311081139722768,-0.26910448701134637,9.780995581987717,5.370103871246696,1.0004790271045874
1,-13.1918513799557,-3.8425868243664745,14.184705877911552,-0.3966464689842111,-3.907068920088639,-3.0775771263675087,-17.83348325308503,-2.6934150248124973,-31.763114694044013,11.472136065984728,-1.59424959295413,6.756906292762344,-21.475695601744302,7.036870375898764,-2.776929546006211,-1.9988389282125905,-14.923124604864016,2.701170408480988,-15.492178865244284,3.8836848420651413,-4.953214492760618,1.048869227384529,-1.5293131324933933,2.576242243842146,-15.178387008943904,-12.67367780165965,-24.229250092146753,-7.6832098693344,-6.433605719063045,16.118537355689597
3,12.747746751748362,-6.964622473792376,11.182836102440316,16.51493747816729,25.193281770769744,-6.142790819983018,22.92572497977765,-10.21841216500897,-6.732225896726835,6.123676357525192,-9.404369252055002,3.8652080980183228,2.2888860896812453,-16.01996457564087,9.188136249155136,13.10075473361427,-17.577387640311397,20.682654010460624,-37.99148580934075,5.718337848143662,-1.2960052902740982,2.5015073234321896,-1.057877571383077,10.359182034797135,9.198349882350527,-3.5963941133534694,9.9925873552749,-4.14748274773121,-7.325820319003985,-4.57807117986224
2,-19.675613810459048,3.9847445642907813,3.4654568916580972,3.9469776569740183,8.238650071118888,6.719971071174343,5.774773413922328,-12.95844850041227,14.071824930074195,-5.336791467788062,3.3292321314276565,6.871726745625322,13.644797424341245,13.507260938570077,8.100755763003935,3.9499009827552793,0.7363200411862074,13.365531582449037,2.7578686498376324,7.419358029621847,-1.3210002396695169,17.864022811266842,-10.13709835021453,4.069655563632537,9.759038026092682,10.23328632128857,-5.668140924942984,-2.865423205809377,16.395939712276174,9.294142357072591
2,0.24141880020929207,-1.2227037042106454,11.588048286937116,-3.448494097434913,13.0756133206421,-8.693055387437827,-28.605748398448902,14.854328916839027,20.419527431603893,17.302683780399782,-3.7351591323030675,-14.197942749585597,16.476830432831246,7.467406118246638,25.33362860218242,-7.3601522756584785,1.261348078724537,37.874082842330765,13.786551238288478,8.813717689903822,-1.989081696753452,-0.32770978786896143,8.352011173316155,-5.1521351841520655,5.246228086945765,15.85431092218408,11.395398529551091,-2.681343855594211,-12.04739329868895,-16.35048060694031
1,-12.12145747748836,-2.064575333670331,-15.856215020308628,5.7638943576607335,10.68741003213617,-4.888562821248572,-5.697020710856895,-4.304370253550902,11.878933575276783,-8.31596900956374,-10.496587818849408,-9.05355121382663,-29.920661447422415,-6.851135516364016,-11.520585483938945,-9.277668105302737,-1.4049307982373849,-9.9289212191362,-14.404190302366985,4.860689751105355,-21.805485664186754,1.8477893344382956,-4.0319092833582975,-13.170258433235558,-9.195032063776395,20.688336959018137,3.6084495168504684,7.282449010260768,-5.017093635157252,18.385522855538735
1,7.614650218684653,2.2840398603002017,-25.01268357807153,4.78776147363631,-20.292133944289446,-5.047754113494406,-6.70646278754001,-4.491966370697786,12.225063322709122,-10.670086324130196,-9.599385996898935,-3.66500253487943,-13.77700492347098,-4.135615958040233,-5.484363294598285,-1.2470477914314113,-14.170040917287416,-2.419088815411292,5.376199767991985,-1.7087797325265488,-13.207239846863695,-4.98889767841529,-1.3985005117992801,-3.2858064862911838,-6.6753503348317045,1.6302160771884378,2.1164763571805842,15.57858899566819,-6.710611989304585,13.328565940298619
2,-34.84725665123082,1.9817145303083663,-2.584295370660339,-4.922158182348433,14.096342780262052,4.44731829682632,-7.996477545460411,19.772612452429414,5.622606746517066,11.876509255142231,7.6662425747007354,16.666723328311154,4.1099489423176,10.558026020508393,2.022122535938543,53.56307919375778,0.7895411359284217,-24.63715922269317,3.6169776875378865,-5.468663691338351,17.982095047626466,-7.749463086485085,-6.466001968868696,10.493294085992995,12.924091075929514,3.519720916306289,28.20271225472503,6.600234076831072,17.616502160709622,-15.653252139462495
3,9.493964365408598,10.834397186375424,12.68459715951722,1.664644516075069,-15.091376868341374,-3.8148511793049487,-20.6838017756626,-10.11086372440511,5.800169764800655,40.00423591321824,-7.060087112847794,40.8141013662584,-11.566472505728282,-1.9693639296806498,12.063701689292792,-1.512818719249603,1.087581574925898,11.760644633748244,-43.61919897857808,-13.909719333301416,1.4755842241847783,-7.6600787469280505,10.101260778771373,3.326022232210199,8.71193505896274,2.948048956536846,10.63242941851767,-20.71180120649809,6.947716815429005,-3.611767966481404
1,-23.5560611517673,-31.684148722405798,-6.956522213531903,-6.209957277900511,-3.596653253403737,-6.973509919780359,-13.737639985680989,-3.159723676016654,-17.391380119599354,1.2414820051742654,-0.6681173753093708,-2.521675557730679,-28.535335804434588,-7.347590698726599,-7.516101441142085,-5.3925728428485025,-4.5888270409177565,-3.2285336642429545,4.867136989526405,8.964479542862527,-1.3929260910775865,1.9066377840879822,-4.187734777988527,-1.0489300802168144,-5.07243699756224,11.467897880059137,-9.357430351334765,9.401768238414958,-5.339451204595192,-6.431428347635014
3,-14.296747938533692,5.8448524079574815,-11.50241721573316,16.20602988662958,-1.4680667920647075,6.88480647689375,2.6331467774272843,5.99245463645962,27.890804415872402,11.801250601628885,1.964394742505698,5.459898748256412,8.080051937498881,20.992437562964067,8.51551881007762,11.461132471166518,12.055350438018014,13.719412558385292,-58.2005412281511,-7.42842886966098,-2.31866696534863,3.189109575279554,-3.104043038090045,4.8720044409034164,2.477808461251057,5.494873079945549,9.66073073531631,-11.363119311303558,-3.2349523053498617,1.8342564349851824
3,-9.87183616865142,-9.90113430197227,5.219646779809544,-9.796686407470025,-8.328661067344257,3.3640194352414627,1.5327798993493278,-3.022573414774425,-7.747002045594259,14.22410174475342,-2.3709766585352763,12.138498899421664,-14.179957287451629,2.2184297545130804,4.6432748601691145,20.478029643995793,-8.461211232044075,15.68482961981543,-72.26668107058978,-18.12641724617823,3.6811980783959353,-12.889808529878911,-6.589342596419613,-14.030716538763077,9.604590935997996,5.104596268958069,-5.380927005520947,32.35213976530658,5.308039133394219,14.602694582342123
2,21.29546390639596,0.49509406092830144,2.5499941800246058,6.715997524237251,-1.7471244087404898,7.462439896995852,0.3014958631385598,-3.7233843378595335,9.417603509129771,1.5740092847530218,1.8094423635553576,-2.3490155251569425,-8.725463569422732,5.540120484950358,9.199869607186692,-4.628539464472215,8.507995871143411,2.5165530159368203,9.684894192181773,10.889972638291963,-4.781954223039685,0.9383864252424873,10.631080348156225,-7.880891979323101,10.363211509692817,18.27850996272792,18.43021787922946,-0.08722094488126286,15.732379524596421,-13.756033980966993
3,11.78323674890651,2.4015302166987844,4.565317391695087,18.642623830065688,-1.9608005407543576,16.71894400109938,-17.390654864663468,3.557800987897913,-14.592593817043534,24.307290762689398,-3.0228367681026143,-0.868197249049898,4.86477575637817,15.580050439632767,13.118138302518165,13.96739965094453,3.7815737408119587,-0.791679378415773,-48.39771811209959,-3.5955563634141776,0.6849346419441469,1.5316499334023335,1.3328806865470395,-17.831646526717048,9.866475557420125,5.906368662280617,20.326208714954447,15.720650799698078,3.7157864105763485,21.381253693452557
1,-20.318466525278666,1.6234187829426885,-10.540632775071472,-3.8803113862207947,-5.03935764609861,-9.741070795692673,2.065367493040408,-2.9841474442143197,-22.42672429066624,-0.8327713747899412,0.46010798709734946,-0.43633218283484676,-13.682507279300392,-2.2639108057986306,-5.379289767435697,-7.288516243604564,-8.371155755196721,-6.891524508211709,-3.255785819654805,4.318763004245964,-1.15008534407934,0.5179907122549232,-0.37925847048028594,-7.173331000584741,1.687611912867034,-3.6721519781349063,-3.843108497493179,-2.4992372141068793,-1.587899384094312,-13.460828502394074
1,-7.870308970811072,-1.586003375454987,12.840202532348405,-3.132643798612336,-25.737060257008473,-8.051192082193431,-22.991215886618093,-4.377652011675418,-8.545586225953866,-2.460043488504875,-6.650648049302658,1.3909810419602722,13.08646361527472,-11.135884396491633,-8.91888572990122,-8.23839848026812,-0.49261802788734954,-15.015146872529264,12.96155851796905,1.9651638519707029,3.624029573655754,1.8253632604270507,-2.178890812610174,-4.491406981925731,-12.035414018871288,0.36815581984642076,-31.31660833984716,-15.014989175060517,-9.137151321128508,3.6723693030915854
1,-26.472182439314178,35.33007311269583,7.020772611829141,-2.095478756063891,-15.293653871989983,-4.562618433073295,-8.825066215337486,-4.320318585605955,-26.12548797711378,-3.547157452897065,-2.4121380378533335,0.9473299320475097,-18.72352497138566,-4.769320028180026,-9.009630290426195,-4.434163940917758,-16.49270438487889,-7.7488205154842476,-22.51581131294687,-16.53368161392952,3.5883175317711142,1.041992312266386,-0.5074075491384544,-17.926262096882287,0.5620925400417747,-15.096290471059369,10.994361141477548,-3.555180076965409,-16.646137625053157,-7.668447710957286
1,-24.55303335118882,10.669506855663112,-9.464050346476922,-0.6592285189578837,4.057317063812063,-5.9786635387366385,-7.314788854255161,-2.9998954778568034,-5.436000900293228,-8.794988544848174,-12.347145491701585,-8.211339577211488,-8.725194050241173,-12.377162223117821,-11.857553774846311,-0.031857372946357376,10.765493519222826,-7.351640508927828,-4.968439419066414,3.0861202711721094,6.346238229990028,-2.3250629240448273,-7.460043004341035,-11.365091696627728,-4.360641530880067,-10.17205186023989,-12.678637660073147,-2.304958581997718,-9.761422020193578,16.218004079859558
3,-20.295203652703346,-9.808952779288786,-10.53690459635121,9.605555926822353,0.28853622184008865,13.511066321303646,4.980241911133531,6.002508745905225,-0.5313132536932437,-12.894645768528763,-11.368771579240898,2.7820842377846144,-20.75223474753532,-8.880361626689808,-7.61895134932409,1.0977532699128703,18.25817602255159,-0.3738686492160308,-44.02308823422389,-16.2264357591407,2.421574088908005,2.4666716512720726,9.465976248547676,2.895587528408237,-4.116222806310303,-2.2661951523778416,3.3219486670020957,-0.3046662910084508,0.5492001070210935,-1.3217586309882925
3,23.498160841793933,4.700989940942109,16.04940620743329,13.822058890931842,24.07784059407941,-4.875791819891841,0.4400858717206406,-7.771552976004891,-1.824174741668275,10.727929732394212,5.197476671348839,-11.282135838546461,-6.547653502447687,12.578446613635831,2.719005427284324,-1.350472457655633,-1.36718080586552,-4.105991580310803,-69.13035448514357,-5.623057629483206,1.9516000078223685,-8.01173983509785,-1.6920777751709053,3.804426405199617,3.1646467147244373,-1.6832882972228953,13.343238976094879,-9.795605024402162,-0.017810433910134593,14.500003330899643
1,-1.1097490562534622,9.217006314624921,-14.40473725412183,-21.736227202808934,-17.49295056518914,-9.605352978333757,-9.248323831222379,-3.219061568717451,0.37450695408287515,-12.866581797798798,-2.9061946396657574,-0.046216237138024585,-7.486454916978876,-3.9599742683168815,-4.799188518503765,-1.51176966089393,-9.423379908188608,2.026581800277845,-11.287660457182032,-25.391260057493593,9.800653477990078,2.4058030204359016,-9.505482600267378,-28.054589287593338,-14.251321139270967,-6.9645850814348265,2.5634254170419855,9.723718307429122,-13.386466578825221,3.0655330462418413
3,24.237942627703575,-6.122140189228574,3.7837556874491867,31.105018408123172,-9.24526964654304,-3.4806835136472545,5.906474019040247,-9.285954081207038,-0.5457717032786134,27.05090123291786,-4.816455613597807,-18.849509660018224,14.354617636030573,8.687987430281858,-7.134634647098893,-6.782000243042038,24.68042269265748,-10.423872773424295,-44.930862195378516,20.545018295081725,3.040771965579939,-4.902485591719132,2.9857581941455296,13.92417409345757,2.611623645957497,-0.1410697070416811,6.868016803011496,7.982186214587692,0.5507412057695944,-16.966639006646105
2,6.115938186474631,-1.4528896347891402,7.200045593273209,15.831885965292939,32.12029292554943,28.391262016178015,23.048123817458155,7.423921038272164,12.775782867523066,1.375038125956989,-0.8595482837215827,9.491487751806073,0.2795060627673944,7.664938691427948,8.16833011296989,-9.013200598369634,1.1582391243281083,10.63366242977439,-2.3330684339785526,19.769652559618866,12.970182639249657,-1.3466781878270735,-1.0176400639178675,3.1849997826583287,7.8675850897132555,-3.098946070326572,5.382124850204539,-3.768748308182016,14.628016950858383,1.1744208455504808
3,20.18186873785117,4.780163025494149,5.966203839194792,44.15580591471881,-1.080063947651352,-4.802250551433017,-11.284679110866653,1.0514115294620012,-19.33792948843057,-6.99899523320744,-5.385935817596703,-10.798599739374515,4.974110744226717,-2.600839654492201,8.055966618128108,-1.0475407910560064,-13.287929886292469,0.0402726579184669,-44.596608661058774,5.538105177865301,1.8877310855836675,-11.942026716208787,-15.730939807599867,-7.823672172020686,-5.047311923562596,-12.60082434483468,10.500236584261023,14.507902151791255,-1.5925019845292139,6.009450202810678
3,-3.897343288895091,-3.1012168049209996,-12.279739282699058,-8.677265368981061,-15.075512079909906,14.78420614453962,-5.810335197496915,-1.258360922511281,3.4235151934497225,7.557602804975373,-4.902139186534046,-17.648736609985455,15.97031789819123,-4.112967707343531,-1.2910489119421764,-14.878439865336862,18.995007772135473,-0.5476758118213672,-54.72840689871194,9.771225210963944,3.293664928389878,-11.024822734258342,22.620941564248096,-8.847557251150727,0.2757460985325748,4.055009950220579,-6.68723075561037,-4.337194406133921,2.576228612750427,-0.7667051880797656
1,-14.96419678214809,-1.6913324493531174,-2.1756683905508987,-5.216346749577623,-2.7646523111283425,-5.410867162679459,1.5181964569195356,-6.052366918744102,8.99836612172287,-10.552227488130946,2.2290824414468564,-1.4318858214350656,-7.271202951807868,-11.459445290016683,-13.061862669738073,1.0709061991210902,-9.428915846033675,-8.022503003493178,-0.2609250936664509,3.1228337506860293,7.624957521904552,2.3215776732355335,-2.5355503828560293,-13.591283645605072,1.3616661087510948,-6.760211287491623,-24.295300067640646,3.1812399826753643,-2.2650720325113607,-0.44713102930840243
2,32.806640337578074,4.273393475483391,8.668213518196502,-8.332664185722441,16.622078551319184,3.1941028790153805,6.070794294226992,-7.691028033095331,41.30981754681508,8.326105529480317,-4.976834516076252,2.2623947287198005,13.626013323412522,4.4858280059709035,11.675659316453359,25.6657019392887,-3.537438469697886,25.95287150283288,14.348938461404288,-1.3572755370106298,7.4013038955507024,4.3691368698959945,0.7889264966138856,-2.965974818744634,6.863757553712998,25.114382095851102,2.096865755332453,-0.9226886675221513,8.815042972300766,15.144803365433626
2,0.6195480443149686,16.777006378165517,4.171988168296746,-3.751422842837378,3.286986340748519,13.010921889962285,31.81578539837693,-3.6896475126062143,14.009830751840909,-1.4679860242528506,-2.8582639427137706,-5.706750113651165,-0.9196437386178706,-10.181019901114308,5.039536119690885,15.457315078427516,-0.7489392508755621,18.576935606956102,9.034374900763677,9.038295433590788,5.539339946680541,28.153397331626056,0.16115794675405937,12.369783857868379,11.34012783235711,10.142686062292892,3.0863740351194595,4.190636536099524,2.9254299737042286,-2.148107664519528
1,-21.335713890098365,-9.587763936829221,-1.101128300459857,-11.1151340095965,-4.251947776366066,-7.284538864480427,-8.377732377819651,-3.9742279616693716,14.017460093112653,-1.5045162901354492,4.503000966243418,-7.777391448940119,-21.490573946421556,-3.773701325264111,-7.321633994692059,0.7599673802228848,-8.121976685206201,-22.736152053836534,-9.496587598124218,4.185268776312901,5.4286578478717065,-0.6924644317563842,-0.9930379825043696,-5.794467077728351,-6.344843896075867,-15.107949262458847,-10.232647214095293,5.317237342623571,-10.631766578659292,-8.806089006217837
1,-9.063473256510825,0.15340017494969338,-24.305371621981095,3.7545210473416435,-20.632717529849923,-8.473646594958103,2.12463145956625,-4.786960002896153,20.55373693734754,-11.610090433771195,9.006883397498896,-4.271228018930256,12.047361770653751,-14.050509716273421,-10.383334170628775,0.9029329680961693,-0.554103029041574,-4.685597775716679,-2.7479835209178827,15.943116482611387,-5.468426784556314,-1.2837037913987936,-7.025733062400818,-16.003964004884388,10.530356570435151,5.694972822701391,-2.868941943947825,1.777101490373798,-10.313885211163724,-7.9063536775617935
2,25.56343202655053,0.07489667443658554,1.8003236981394855,-4.813402825718255,1.4760641294516255,11.21660308476725,9.197855098235639,3.6956104095208073,-13.63373600960352,-10.412265920716926,-2.187847407622914,12.444283417595006,0.36696494700116755,3.723743706835211,-4.642335673045824,8.217029634286543,-16.29289420921468,-18.05264621344301,6.805121658724001,6.748477244443209,-8.67590734101601,3.9664169040565156,2.445589051883936,7.290125096674443,6.571311213799997,3.7494184441308995,-1.7164212692204295,6.653590678434263,3.219987140153955,-6.8406334289925175
2,20.080059207301563,7.848085930799295,4.757823992674626,6.290152020823183,-14.591982877925096,16.39493270285395,-22.465680791888637,-4.1388075025372135,-0.3039969399073499,0.7428986793497696,9.82327938480925,23.876647796663928,11.069516768739717,1.0567793785102868,13.018280360229205,-7.450082521369529,2.4673497794401396,-7.502281185400762,14.77822027100822,-3.0398788523323437,4.658943506554745,1.021839597026462,-18.332457781334092,2.609359547868493,8.995363258065659,13.763523900873096,0.8579697546228457,15.605626330108013,0.22890979395810973,-3.906253382574394
1,16.87021761660364,-19.852927501552877,-31.004687080678288,-15.25193826734501,10.090576733837493,-4.348364302898126,9.045729712915112,-4.306393773084623,29.101685146068636,-3.773498196339412,11.982345379489201,1.3494440729461292,-6.612193057015984,-12.798928992055352,-5.528399241397359,-0.970938788669137,-1.2151536592486392,-16.23131490296827,0.7406060915257262,-7.6888512797266095,-3.077349439098015,-1.4753541790463776,6.0512206770408135,11.205759452114071,0.9503414774885979,-4.460496329758614,-28.693494116275904,-1.8461956364445373,-6.402886479930196,-5.185989688953888
2,15.278291105411007,11.68847764593501,5.415891983412018,4.72597440793228,2.835112532148645,6.460627961620918,45.610991641662224,13.567774310629162,4.460067219928293,24.808505331177837,0.7305991415679598,-12.50431782087865,3.6239858176996043,2.2145514206822594,20.72263571572312,-8.020497197937509,10.038738802257585,2.067517635776339,5.688343344670745,16.243110572015595,7.824311357801521,2.561731611065291,8.199283180803722,-6.163367073177023,6.56639285290376,6.777418002565345,8.894016406789603,-5.062914772554661,8.04473139806209,0.20978543838274502
1,-8.066252533942434,-13.813937603848984,-15.381629631293022,-7.2878072240631955,14.447460599766869,-9.615739575823635,1.976201572959642,-7.371105863734681,-26.85397557918439,-1.6789017892488172,13.62830641633068,-2.467107379084902,-14.602513055996862,2.3370355001738563,-7.900787222357364,-5.774001193684766,0.802561147249655,-15.124603443405796,8.346022036523674,-1.4738809579743335,-10.715205622578527,4.468125371736058,-2.0044094684739004,-4.99832285031793,-9.591189238535742,-1.9010234371112547,-7.678054753927673,2.328470403638145,-6.945418341879591,27.96564717916275
2,-21.423813870067566,25.26588140329218,5.785098387083852,2.4480045021408365,4.850344411907596,0.8367489323050101,-8.176689547841764,-15.680440768534492,10.927638024224766,0.9407681291234655,3.0680477608714956,3.3056895267974036,11.83063687075854,3.4133456806128475,13.649299881859246,-2.9918618393415963,5.640631259215645,-12.195717613722294,-0.5383174960112287,-6.904608774345551,-4.025366503589186,0.590804273439829,13.659313445608001,-3.315351844910686,6.3776645427991365,-26.68525404961986,23.54501108095301,16.188252808429983,11.516486939413797,7.127923191112025
1,-1.9613844461318362,-6.881031683726534,-6.0159473695713634,-2.172168199835652,-12.326966865367819,-4.858403723580712,13.618858156063641,-2.1811614630122054,-21.21878125463971,5.8851195619760945,7.608915244255284,-0.13545400418551923,-11.462098437806432,19.607909560228922,-7.542668000831811,-4.476687500071999,-11.513044659063954,8.578390036937613,-11.237336485919544,0.7091953168995997,-19.765068590983354,-0.19736454672712522,-8.258819010352454,-3.849834779483129,-8.843701078582018,-9.089507078750632,-16.390925338167392,-2.8512661876304195,-1.074420774368046,-9.634944352038174
2,26.503502997712523,15.633489248432891,1.273538817262212,-9.459412861715345,4.877127786207289,9.572785098244825,6.970595192422103,31.795569713333116,8.53663216486332,-3.4566077341008743,-2.7643813986491,-5.553426221071459,6.482976242185099,7.128891971079006,-2.089656758619875,12.321009432693007,16.675210684725176,3.7307479582933825,9.974113921283926,13.11763983087568,13.510489740613409,0.5234454477144862,22.11892062791099,-1.514085286321567,4.980082756591869,-9.396573456539064,2.4355877826006145,-4.099332270928521,13.336030740942892,-3.244133886387018
3,10.13967028158077,21.54670164387967,-1.1717545536051208,-10.468634921979314,8.792070737327013,12.341423144264699,-8.895989162362186,-0.11655415377241973,24.758424753133646,23.5024485087728,-13.545046456609107,-20.431330573228646,-9.176168170161786,0.1469535107563138,5.7797449917530015,0.5419806202809142,-9.973271904205852,13.840213009739355,-60.18338418116789,-7.944174824761136,-1.3780044068461992,-6.921907212228319,-2.8243156507444622,-2.8131767397521625,3.0099975930892846,7.788937264264666,15.808828064844647,0.9853111278940287,11.573604721286705,1.137327696144268
3,-10.437728962563074,25.265150840719667,-1.1618620715976364,-8.353908157209743,5.66871194776745,1.8541593803414567,0.6247205573778283,-0.17578578336188855,16.937325455170026,8.269905246120981,-10.741926327233573,3.3882805182027043,-3.804949754275362,0.3045493739537506,4.797996531658029,4.544684551899055,-10.099604109400886,11.98491936664939,-47.78646767859756,8.701446855138999,-0.3993731109672565,-3.317040933346626,-14.882573048341545,-1.8889533887656786,-0.21678835470252666,7.776916962668755,3.15745093639476,25.322882453906143,1.1510605723073855,-11.107592465420502
1,-8.236235026491748,0.9091113570092562,21.04821465977799,2.5292089770309976,-13.152764415920768,-1.345260836500703,7.771450145866869,2.155109263606259,-0.5071155785812929,5.728826320985762,4.584121190641652,-1.0870985845292658,9.676444398352238,-13.524252408371808,-5.335246740346643,4.395130573098662,-27.746202694200925,-13.168293020462254,12.917085345098883,-0.7235081012462579,-13.109726566357775,-3.8988165477780585,-8.786189160318104,14.192410262511624,-7.4100249800808635,-13.833168532302464,5.755716339548481,-1.367299988403103,-8.200973324245284,12.345651777033032
1,-16.63365360124616,-7.357081254234693,-9.352037955850873,-8.882879090994498,-4.9366297094685905,-8.04569299904727,-35.83605904595714,-3.903082341547811,-18.67187308973545,3.1827457574802605,3.9457228298819444,-2.550846948129987,1.7462872892669283,3.435186279371621,-12.088108669650467,-3.920339422345034,-3.7012915252988976,6.533391609788205,-3.458577695599359,-11.975865785007754,-0.44965335401528517,-0.6371331301896338,-4.761344464963315,9.788398829334703,-7.986245423675453,-3.9824310367059796,-27.168270389650324,4.0926342994506495,-14.757625706741964,1.5251674021914672
2,10.885478636894444,-0.5460666715658675,8.071340714202105,-11.985362203742742,7.949455592702044,-4.1946747980970205,12.08937807378025,-14.926442594656141,1.9389366266130112,2.647703014266256,-2.0084276944169517,-5.879391970994557,15.370855583083234,-0.40763264446902614,0.9674284681707261,1.1783294217879616,14.211327186708656,-0.1747193508895002,9.540946353810241,-2.5262095294697526,8.060483546386447,5.037275747335218,20.035942114069762,5.0139546542440545,10.522161833639277,8.11794986784396,-13.460342273015964,-4.658590262345241,-0.5339720778254309,-4.046757328085014
1,3.698473134525913,-5.777808887774798,-2.6672067132735284,-0.4501384705180487,-23.162816129054207,-6.31255752222127,-8.232679401697208,-3.4375305175705244,-15.359513896551281,-2.799588121069669,-17.824219640667934,-4.872254851936763,-25.242175641661415,-9.026354109132175,-10.636182255821172,-2.155421893357274,-4.163587902464964,3.374644439188425,-1.6124123404806538,-11.253762873557879,-10.255729557714139,-0.5179790370895782,-5.118390852799628,-16.343653676478503,11.345939558389281,-6.982913988346761,3.093082933856101,6.973916846497767,5.834302028733967,22.959425247510776
1,-12.581293304735041,32.569620041322175,3.042253191601775,-7.186600313327007,8.903248603388848,-6.805489126797881,-24.409128764769928,-5.70778882080762,-20.778753630080278,-4.625951563303291,6.239998625013509,-3.5178509269598894,-8.833056399611156,-8.882470756447166,-7.463343035049302,-1.4948655418832568,-4.299656381076504,-7.903523945677605,-2.615780922263497,4.244274011456479,3.922269816192278,-0.21895531466352425,-3.267781343406373,-10.890723784137087,-18.390250735410422,-24.69889033563431,-16.13568437695331,-12.619435825072433,-6.615396349118607,15.43064439276606
3,1.5242840991080782,-2.6709928094471036,-2.978129076036451,2.4207485395786326,7.313459567048158,-16.957175616236853,-2.798813040469798,-1.8392744834289194,-15.065708003865131,-10.783354373262826,-5.60267945870561,-35.309820476037196,2.6986235999756376,-1.1091534611316116,-5.059411518841727,-13.788018529031639,-4.665148479816997,1.2683578162556512,-50.202610025796346,-13.854054223839738,-0.29789674098622276,5.845657889198746,0.7515633861534045,7.505968596551707,-2.604723725477752,-4.331142806771393,-1.2641951295977827,11.83642835014576,7.764062714951729,11.178018456348207
1,-28.839180596392605,-10.24076215303353,-9.255290188596561,3.4670775030302896,-14.109758195800865,-2.681898381046133,-6.152495694695933,-4.484219802870289,-12.497773346636473,7.628774891256795,-20.926022176216655,7.532746077839836,-17.267541121970545,-1.2921464277766828,-5.567483842310464,3.1912919965138995,-20.762484904287483,-18.024788565025272,-7.768541799167241,11.257197669690393,-39.697633792705446,2.713797027091294,0.05523512674883957,-6.3301554901489165,-3.2792974252371403,7.560259033395264,-21.2525215831799,5.852462514061125,-0.7025528326473864,-2.940720351084148
3,-21.845369489655216,5.215807832506579,0.8033902151723779,-4.860660246565448,0.9539097576383546,-23.375240648197014,-7.987918899586523,4.484757536631748,-16.41547889116034,16.49780418214299,4.0987049596554606,4.8173915174172,3.8521636881415704,14.928183781037287,3.502821575139653,10.534150827429762,9.457552494656536,5.0740683671386,-48.214638344931416,-4.817133755531652,5.696776491356366,9.286671810043957,-3.509261423983993,-7.904645670219665,-2.2550489920826995,-3.739420078996114,-10.240969850390414,-1.5549206261975725,2.75048233915126,-10.938784376574658
2,0.03404856652140875,20.372117630593042,1.2767984422649947,2.7147228361267204,34.570677874178095,0.3706966285822926,9.605326750233889,11.94514143159731,2.091473516870943,-18.698139856961948,-0.14856299895068126,-7.975686504499529,-5.202473952076995,-5.665382876547338,3.1088520184527484,-9.323853807109657,9.675711479710817,-8.192433857342035,3.724746264128183,1.974529064652072,4.232839162687533,-25.61760320302219,23.687819276953164,-2.415983179790386,2.619502227068825,28.717999294835067,12.523365896544707,0.9848038929916032,-2.1895054084843633,-3.9173863823047874
1,-18.755022458711338,-5.302646053281166,8.560044379458365,-15.283394628178387,-3.0925965225387735,-2.7370796881650024,-15.566753129974074,-4.661118317472809,4.029381857584249,-8.914134086963788,-0.06317770255022781,-0.3694959522714667,1.5751303217860082,1.7289252125472458,-15.680485115660069,0.6890848096922673,-11.794677046164033,-8.081355170198092,-0.9534662888440497,-5.0471135079871905,-28.910836525277,-2.007500587660482,5.665042097684541,-2.757073369800841,-0.8963184273467073,4.006146913177233,0.6744659748571014,-5.629185651715952,-9.577872862929953,10.815236900734511
3,6.7137034640870255,-0.42113283106871613,-11.806901805657489,-7.676979714359307,5.9940346081823055,16.45337508554673,-1.7438234910844608,6.43458569818688,0.0440718946659957,0.7430325794339101,12.711163722327194,1.7170219415180648,-0.6578312677148317,12.428630129943496,0.41666595652401184,11.92071387962467,3.7557142034660407,11.639054075794055,-36.66231256618734,-7.37270167781349,-1.064405054847965,0.5861122474416547,12.155207939375234,-5.56522638754791,2.7680657366460304,5.089393819962087,9.662596357952902,-16.264663368051796,-0.10311886833157513,-11.270532269384045
1,-9.605570052387469,-10.262194501079938,-24.34124370190515,-4.997056491574143,1.7732684062948785,-5.178548313695201,-4.697525412098221,-4.2320881110103965,16.07973499788984,-4.075635167601754,7.818070464151608,2.811750307002571,-29.42573845530772,-13.175463216552838,-7.883877532119251,-3.5729501744353414,2.4836664541298514,-0.1450352911540298,-6.404682933940327,-19.24772883753687,-5.485250327969876,3.799636107898001,-0.9904611471192637,-17.444347763513314,-15.160949198797594,-7.850931574774796,-17.344957175343467,-10.91241268938279,-7.96194150327965,2.7344271656681993
3,-10.602685744065738,-11.022631435513006,12.948179553065565,-13.781312891410405,-17.20629301791867,-9.184137839703945,4.240579876357865,3.8174392074144157,-9.134723463928971,16.210996408212708,5.816114108525759,-15.93761930416739,-10.28948952293974,0.305958321088565,-2.6759420182552356,-10.554938322450475,23.986990493577316,26.229874160395163,-49.5528780791275,-16.23047433837297,-0.8961380640954961,-1.899967379989152,10.224238390260483,-7.3064435362089295,-2.616284774806951,-12.434617865245382,1.9932857723609474,-15.449637997278588,7.8442795727650845,-10.298710494477362
1,3.595624044830042,-17.0341155753053,7.7972221515858084,6.915002844738588,-7.137950066730045,-1.837452566825382,-13.311927081207028,0.15007149380660678,-2.5899737678886057,1.1362723597544182,-4.681835000275169,-5.721468186848136,-4.470090320474264,3.601650695532797,-8.663553582282695,-0.7029599707659542,-11.75413666471789,-3.5510623139592736,13.133933719804528,-4.125630104496877,19.747869400717804,-2.174086183948989,-4.124480298535379,1.1249803138159877,-14.503875665266541,0.6750697813538462,1.0461006307062934,0.18911507555948814,-3.8450705952957533,-3.632101079442616
3,-4.629251517070037,14.9917278602597,-6.764418244639098,18.09081389179037,15.706449908107523,11.542782644537422,-17.224117733010132,2.6478480565601643,13.44726450584855,8.970152581113418,1.0862176296368933,-12.94100047785647,-9.449840364289246,5.629530806041112,2.613894663019314,0.5335107288436673,-13.407962066784313,4.042250694342691,-49.08329173192261,7.941445734026457,3.791103014253896,-2.548562654540678,5.932651969900889,-8.417428855070616,-2.943349780042,3.1157902027527147,7.959356445197924,19.762398951621275,1.6294095226616754,19.387044782216933
1,-13.754896777309373,17.495428332214235,-14.841698733354503,-32.07250725048331,-11.255815372013467,-11.116523516624985,-32.38418897899916,-8.452608260681876,14.174537807178218,-13.669606112456165,9.47672806256862,-4.790394050703881,2.163349837635537,-8.01029474765131,-11.461874784951718,-4.83811136479624,2.970856515663219,-9.360317678691732,-5.067888865280485,-27.68858398940574,-14.15755489565666,2.628889271634357,-9.203916319840253,-6.512811302376647,1.1896968022304488,-13.087008122093755,-8.133445946106939,-21.594627111896482,-0.9037129240253616,-3.871494603181133
3,-1.7053519452003911,-0.10248783941065831,18.749317327073673,4.955180590024134,-17.297642491803114,30.640019394616868,-9.10306437637692,10.078007211943937,0.011000607271990592,1.9646149154884283,7.7933993014441905,10.285361437967062,-9.054960915305545,20.86078141050332,9.2763269138975,20.198103971154538,-0.6221698178270585,-0.7991463668721612,-46.77760089837636,4.783563153544169,4.830170048844865,12.804435912796682,-5.778696387773567,8.292253184793633,5.9290438925885045,4.298763749597544,-6.915691607742369,2.060252649371672,8.66199237113496,1.5142921355392667
2,-1.5827673668166389,15.169078826010264,1.4016313137181369,-2.3298230356158984,12.91093490781752,-14.76471568735862,25.644872336247836,9.24303963650422,13.416925840308602,-11.432183549678108,2.3301887203568947,-0.8227324250457935,7.639420910160549,6.043234514953297,14.839489620738023,7.056446478448568,6.794590544297408,15.984329414960015,-5.691367759209025,3.701820075159306,7.243944849102342,20.463283256322278,20.667584883487116,-6.386605785791248,3.078120366580525,2.655709548498697,-26.510366862317706,0.4089979304254452,5.92302214753867,-1.692833419551989
2,-1.8593087790288214,-1.9869625549563183,10.948714550242977,10.351964630078376,24.188473284299036,-9.92722480122597,-5.2842182624554725,-3.423507715605692,23.910059888502918,19.731867929122906,3.674321249433037,2.3927471207106494,12.17737884005787,-3.8765491461953596,9.630685562911022,2.2840512228836416,17.74804549315526,4.371285410702981,19.10854398095506,-0.3093202384269649,-1.115686365720796,5.006592471748385,-11.167757150384478,-2.061773654901285,3.659997295473056,4.957665741118053,-13.07893502035935,8.514653656267168,15.429600891426182,-21.147718690415942
1,-12.902194108836582,0.009671705993985924,-12.788167917477352,2.1797234133880212,-19.881990525065298,-7.93350156767093,-27.991026122283948,-5.214269852447008,-6.320018916022795,-5.522788199698096,5.751553568942271,-0.4365461231810548,19.4612704308422,-7.934865772426656,-9.220359013426883,-1.6342304663421068,-3.7470808563615474,-9.713922352287963,7.344440924016976,3.8121591681350107,3.014062160238952,0.8932824390405172,-0.7013167981129325,-13.949689468091796,-10.527577493573148,-7.9219477860726695,-27.66633871620271,7.640586964765806,-12.135930815657403,19.979635480890003
3,6.468758789832252,14.081076908124288,-4.4317103069552015,-11.185218241120074,-3.6526527695314233,-8.177618667558137,-4.153783484489647,5.141081255192347,1.4602780318992425,5.4673114067553055,0.5015944033993894,2.2972084800337216,8.775661169425904,-3.480356451092525,1.991589185134456,-9.075160481448002,2.8657164412427694,-10.786410107504148,-35.46165787022551,-3.175332932651861,3.4739020641112495,-7.194081849013423,-0.2762681148117585,-6.70830377522648,-7.724490472851381,-4.450274430199489,-5.957063013624921,-12.201950997847588,-5.037880396027976,-3.5366541947996537
1,-15.308662515269042,-15.98229657695078,-18.454979663632244,-4.192817872361364,-17.15913549587836,-6.7464422665174375,-4.456437784742201,-2.1487857207119356,-12.829686787235065,4.660228168280474,-4.237886379524132,-1.7091120399224127,-2.275223697610921,-11.014984620740808,-8.649075797202197,-13.534827961364485,-12.745686708582667,8.580417494044106,-27.32134142091376,17.634100335453365,-3.179883484316513,4.019678595788402,-4.406360073922953,-13.079777496196316,0.9098883885540054,-1.0758022264716751,5.342828733727979,-7.722310296914484,-3.9706794945169377,-0.2276236955539478
2,29.750745353751253,5.449318485619305,6.079809324292313,-7.636418735858912,7.356601998822717,3.276036934525125,13.140591839262513,-11.196997508793068,2.1854369259935913,9.285520122038033,-5.646746275006928,-3.8769251274865857,-7.742640338263036,-0.8488995891234623,14.641546107514458,17.396736850259643,23.761969212039688,13.916111605816177,7.627526053604328,19.248080562697425,2.740453335446593,6.758789458283694,2.4253088199008794,0.7376023399208074,4.384113423010714,10.680617312477434,17.383304483135966,-1.2772023915393773,23.17436881395487,7.199363672746205
3,2.73867443318534,10.683860504631445,-7.03351498498207,-11.07425724130919,5.998756280029978,2.888669145863358,16.576942949768334,-3.4898333026042536,11.87410010077083,8.752724519741763,-9.701224993633382,-29.57044146055112,15.463665361228768,-4.130735179407726,3.6729222538079274,2.384734377781651,-27.45714941204736,0.25605708834844343,-24.758835536429054,20.176836624198966,2.096318042733896,15.311391892344039,-6.7423069264076485,1.1133363357279515,5.0623801090512135,2.441406530347373,0.27986852465872136,9.218951975074644,4.330347171888257,13.154325785340085
1,-9.747007423022787,-7.85604957660925,-40.874474229606136,7.194754007410422,-23.314108020129492,-7.184023233456211,-8.613635840302084,-5.013497591891557,-14.277296739658926,-2.0321827875875016,4.019807603995047,2.997287979916356,-12.064875269558444,7.170004673336911,-8.317022181433435,-6.190501196555931,-8.263306659164673,3.004127032673286,-10.37745662681359,-7.363107906529992,-10.515998657017114,7.192879491625515,-8.788793927587822,-5.97258581625286,-5.1362865580304735,-9.895329044775455,-26.36720688590587,-18.14204456033624,-5.9723087564050426,-18.82662279222385
1,-13.796939425562188,-22.48078174664732,-12.805921972943167,-8.208592735032981,3.4203700851026273,-1.934067232715857,1.567413667402497,-0.4023601081514978,-7.644555331993843,6.275546730175596,-1.2915254639180764,-0.9277459857098378,-23.60614970007384,-7.126154180768881,-6.0435348469981385,4.735428551274456,-20.507413020129754,-8.201128284925963,-2.9385139818591157,12.59684295095686,-34.732858103917394,0.9550914597515474,-8.055570938492382,-8.203172536637249,-14.977954069044188,-5.4467417480676215,-17.048022143969423,2.603129008751243,-8.768410670505592,-6.751063844038247
1,-2.872299266531199,6.685578975029766,-25.4698394346345,-2.6347964889369244,-10.334572703399711,-9.49566043211715,-7.323845182113953,-5.127586677982073,17.214690866853832,-8.623640583115717,4.697816563954592,-2.4905876106966875,10.027963364388526,2.574027644417079,-6.557891713849935,-7.768834168892562,-20.105397097459793,-4.388898995708636,-24.777048604422372,-5.373836320281805,-6.429657933962686,-4.276242796325478,-6.687154410359239,-6.213767391670146,-32.96588461843879,15.01146294756941,-5.884771602561214,-4.011246965970878,-4.509772566135272,2.289973526749053
3,0.4522845866130507,-6.1855307232959085,22.728082800178626,23.72954416045373,-18.06548040240594,-3.353836059207085,2.96717870958702,1.7735033530024613,3.8683604777586575,2.6658479704083833,-3.8349656405414545,6.60483952965559,-3.0253132490428962,10.101643109955862,7.42249548746337,21.160105695072726,1.7876449940069654,21.454229320198966,-40.61112997518785,1.6385066893692,5.280008618621535,-13.899026420623036,15.661377289837567,22.85138724587846,0.674758092593148,4.979613093113388,-4.602162642591319,-11.558001805536362,0.7827857355086685,-5.472988314586141
3,12.21428080556053,19.623319976891402,-24.264290203398346,6.781228686397984,30.22651775824648,-4.597239448849263,-4.494691103314053,-0.3408260048831875,-15.3975874282155,14.165755904954375,9.807726884508625,1.1792275063514237,4.70723104845667,-0.6491332083550945,-11.099215885849116,-4.576513969215471,-8.916603151861043,-2.404255597572538,-55.23789293777509,-16.085597945154976,-0.8133321978551109,4.091723708646343,4.406234838975958,18.249991632593222,-3.907019293376423,5.693533024402372,-8.50948338378925,1.046921956438895,4.902444881472622,0.037723542741131
1,-10.565904833639946,-14.392475456881911,-8.676498311453306,9.215834005172507,-2.104077326262125,-3.814040166432143,-32.62364272990076,-1.570143594105228,9.079361691652068,0.08248377982660493,-10.027581854433237,-2.5684440226771175,-12.717276530527291,6.020020061501863,-4.157956593005149,1.55427109764205,2.615299161209504,0.2524505186016128,-2.9123868452254937,8.681001329804436,-3.6698128683007756,-0.42906845309752745,-2.692214336217257,7.401477919921598,-11.814921574890157,-0.7775406083188119,-19.504425046221293,-17.255417861584483,-4.835799911439433,-16.013202130496044
2,-7.221143242049279,22.544362126252214,5.083361586093849,-0.8808511164785129,15.568411828097451,12.6622373690806,-3.195190046568274,-9.383488803512005,-9.052048097273598,3.4360031179792054,3.4635105745832013,2.9348343288361187,-8.18820841042314,-0.4885807117760832,13.868527337072507,6.177149716598548,-5.371430067445235,31.09105615225867,12.387973502739069,12.783805726088923,3.918303295384751,-13.90033078743406,9.43048656017949,1.8089611761935838,5.567291477260404,-10.25773057223955,-8.972798835068502,7.290742537836431,17.208905003208535,-5.8257146969958145
1,-4.7695304212296925,-10.832462541473198,2.005746602580335,-14.609077810677556,6.675051581614783,-7.243991569176371,14.490624875947592,-0.548866700036232,-36.813070677997096,-0.8474107731852165,-9.448632833301552,-4.056685514393561,-33.29993717858069,-6.001324311213488,-12.711913624869776,-8.065681974232568,-2.339164348692103,-0.49002642209775615,-30.58985792825182,8.542417570531722,22.27233372733073,-6.273129136411016,1.0789835726161723,1.9600433262124195,1.2850403652472089,0.5799092889020594,-6.260224739914453,-13.162628914265635,-3.030192649577503,-1.990115503472499
2,7.74551219819664,-16.106664531133035,7.8899051621095815,-2.228542776093185,19.87008294728188,15.227675870292943,-23.65284787659308,-3.8795139100073257,6.084365558197369,14.811578677686107,-0.7496021807139592,12.197890945383975,-6.801339553313924,7.32892251852393,21.91852124185987,-11.392699255290758,-10.027019660199853,13.087345883604712,-2.7443882748398165,-9.810064745533948,15.06326730852385,-6.043089633498364,1.396994133576142,10.37491302835108,4.992240603013889,-2.2633310577851846,1.2099313507666478,-2.6259474013078354,1.8542736465913423,-26.25916684197257
1,-0.10076226426036428,4.528814113082043,8.929366401666384,-3.6966636495007004,-15.881243355532833,-3.304541246442542,-25.09905218065427,-2.677043035987851,-8.93060542835064,-6.57621413550441,-12.012340136409577,-3.726488799183631,18.619340900783314,-9.119933501440737,-4.32625128206301,0.6266160034158084,-7.359314857457988,17.50164575363828,-7.1763024011318945,-8.196817874206825,-13.700842077732428,-5.71233644721534,-9.16364361971352,-24.7696029192129,8.67321041580512,2.878831478114675,6.360556424798293,12.064303646263294,-5.759163711032512,-2.6155609767212504
3,-11.35789078267619,16.02288783199035,4.391502656151401,20.72395194122259,2.484699895038401,-16.357914730933892,12.053166910170399,-9.948773566402028,1.4367681542924444,19.401382750632955,-0.6412735247055258,0.18528973244942193,4.2983611706601454,-2.1129847845614607,3.395140647743763,1.4838773693267924,4.592958102347274,17.646312324662215,-18.296366974739215,18.885257404055853,-0.43217760857580423,-5.782418704745373,10.339764528249301,-3.8996557647139687,0.99773810364325,3.3232063308291835,1.9086127487915834,-1.0910557184863476,-3.9139420279243406,14.49236558412808
3,1.3463375387175875,5.317071465560689,-7.4344269853134675,19.011524608637494,7.7073631441920165,9.606250070938831,-6.2290773392920045,-3.9356927587426176,19.164880130929525,19.61188528565437,-5.415732367089777,-2.094557587575256,10.838590735221969,-12.975131385551276,12.476945937217877,-4.425223771055251,9.690795030734165,13.673751660712483,-55.79582392278456,-25.666808978985827,1.4980561207088652,1.708717861443561,-18.521827908148747,13.421600199071932,0.18950114664486906,-6.516156592157456,-8.175187457186997,-1.3479020792624257,4.327853753228473,0.6461285627170722
1,1.4980885201876317,3.2229880664602613,7.1402321165665175,5.525237555807928,8.430326927197891,-5.824461288994082,-3.1394833833124682,-1.9859696467270238,-6.495397501092855,-4.294962436882574,-3.7522867554331873,-11.65693035085852,-7.174745254314087,-2.990834274477597,-8.299419041769132,-2.183008450784082,5.027090733566306,-11.010557937099303,0.37243723796633077,-19.56843778927461,-6.464606819427137,-2.005506710141128,-7.218986370938328,15.057724454108017,-0.10886883788666779,2.289755939337751,-2.130204241285602,-5.643229356854404,-8.965713008060838,14.956074503838986
3,3.810228534895873,8.927286291645327,-13.660506168970986,-0.9801352148183639,-0.3491398243133217,-11.497872011903024,13.529577833670928,2.1930373650697756,5.604756048314974,-3.9472579099116665,-0.4558582953114231,5.923349812160986,-4.0632490402904855,-1.0425802624132414,4.3789543894123835,0.8168972863681527,19.796301306886726,-0.21137597903112026,-46.78512018143098,1.0916212002032677,-1.4123155693566143,-1.8869955435942403,-1.3633256466484387,10.90004477862217,3.0783817310509196,-7.502044819659327,-4.292937834459391,-15.184674074480645,5.509572217359223,12.678506945925424
2,23.086761350408644,-11.25854699733923,10.76962402069257,-5.357185515699243,10.753229263466398,15.356837308314864,-0.14498992180574088,7.502760473489912,2.8973376067211243,14.817462794425303,-1.6978345224352238,4.254796618647207,19.01902347060336,-4.334122050667477,5.830176973183757,-24.637723932489124,0.06284303982917905,15.080256352108844,14.56209089347892,4.115272714965871,6.771191614960545,4.936098385272375,13.163516665827066,8.810141070534595,8.875362050876868,-4.292541765957141,-9.600357693662207,4.676715004789834,4.495968681253647,12.361594932022719
1,-8.63037471745214,-4.322008118146858,2.534713157357798,-0.5457416911016095,-10.888319153264135,-2.2958075287265727,10.031211339593654,-1.2530198584962378,7.679149889834965,-4.024979323056986,17.84309656081968,-3.8595177536620744,15.729138036344246,0.5075396021810548,-6.088186159580987,9.166977518867474,-0.2244469277590433,-6.48769866915799,14.805105849895252,-1.1124655009463145,-24.24185171777906,-3.8108443482641743,-4.409671646068978,-0.2765800835794834,-14.39147297160709,-11.729206063546247,1.6142629709478644,-7.405302224635216,-9.424120681690372,-4.106511315826033
2,7.466696843988177,2.9523858041127915,1.7544714975631788,17.79842497657926,7.490303937081418,11.985441151577444,27.653089415136918,6.847894562901668,-5.375609575264936,-4.754902757918223,4.033241850411267,14.28370050987775,13.396908929694714,1.9200977232377898,23.83828997162808,-17.090682945127924,-15.168088588473198,10.288704335273925,3.4882805071771026,1.3841291828327964,-0.627959040747875,-4.189469724117476,-4.922109978185372,6.991054502159434,4.294842255103396,37.68707136543543,3.0246048165158417,0.548317918008058,-8.872639499029132,-9.530030362462863
2,17.79279603932552,21.62535747329932,13.41673495550202,-7.96821239983313,-3.3537838351215665,11.415047542988379,8.050881329409254,21.669772130120936,2.2582906447310807,3.415648862538041,-0.10000410340740362,5.19608346020373,-0.4855132405646758,0.8793008970311362,7.165268996282285,19.47352355652459,2.538370652771045,14.068451420080958,8.899259407129415,-0.26383715645624406,0.12488345083791064,4.153647487465873,14.78546121600959,0.192700724356476,-0.5724929288209317,9.391644546041455,7.1417900029735515,4.386596129094295,2.3528534657652944,-12.89098968621071
2,-5.485754190006575,13.719729343777576,7.006333729915895,10.322937900233214,4.313463592003275,7.925176158733706,-10.305855809520757,24.411875676278097,1.6413987185047612,22.812918447833756,-0.3450207492806129,15.931605724183022,15.728625218453377,27.394409758634627,11.964925766454176,24.547259117634912,16.78971636224142,5.104282083699887,-11.857624557784114,9.722809383447283,-1.3380920076901779,-10.695964550966075,5.814967824767586,1.9481049054853183,10.77959236381178,6.682598797190652,-0.3277846607181987,-1.6492454085276536,3.8519502707535067,20.460595292146902
3,-1.0943560948740596,7.833251203828828,3.2425447465958577,-6.330224497977653,-8.13400077132242,10.50953359155283,5.116701431495788,1.875366832051253,6.422418131720187,5.278586841327079,-2.5026373781754003,-5.835529898416863,-8.956670518111444,13.263054934754557,-3.0101614028269372,-3.2395889479663307,10.52265087253566,-9.133127077587543,-45.914678122454795,7.697701099106109,0.24821779927168985,9.456532385193919,2.5951019553075567,5.719531897269595,-0.7563496832764627,8.25223703212252,-6.244009601449527,-12.169093345118062,10.263663535414913,0.28381187743507225
1,-34.72650962960843,-0.08041449038771109,-0.7135241460162094,-23.605100272878005,-8.455282733379175,-11.680945962506813,-14.81573610035614,-3.957566794298541,13.162669611867042,-11.611874064632115,-15.608109749580471,1.3611515165224626,-2.973622493405301,-3.559913778242182,-10.56333964011705,-8.662154261963224,-2.7277959524267006,3.1699102045568575,-34.20918446974243,-15.694442144364242,11.605041940270699,0.16329406265880397,-6.475318751909126,0.3537132405340384,-5.411894680229085,2.8113720132385476,7.648464528223705,-0.088823382360391,-9.975174331704675,-9.789322093522605
2,14.611848058472228,9.234089095189493,1.560946455816281,10.438122225269234,-1.5747029634854108,1.4790678190971551,-18.746007154805035,3.6306427119307405,3.538481587532957,-2.1280559940528176,-4.021214243319914,-5.974344688336028,16.09910789408795,-9.34067857705012,-4.182835215678147,-13.764619354366136,16.03143418820023,27.457849548209435,-7.802673053705639,-1.6328356006267897,3.4258246446204366,1.0173872567473248,15.273907761150019,5.866290797102787,8.598878993412344,-2.7407844851498915,22.825088299703232,3.761412578226336,5.100905843695408,-26.005087574568222
1,-25.61605350944105,-8.618662757254603,-17.730117368580967,-1.0093165047330126,-3.105286856034663,-9.00523451320583,-25.65902689346761,-2.391769511674582,-14.701003103229402,7.055709783276016,-4.2510433871844695,2.4020729384848485,-15.635141728704077,-8.220293714333247,1.8945666325652128,-9.557109893382846,3.7363436904438325,-11.484925531430369,-10.582859090903447,6.180378505045422,-18.570031771662258,5.494583877810019,-12.182012264559942,4.585195112017416,-14.732912548749685,-10.175390208510784,-20.46084992937834,13.555773644640611,-5.083249784134919,-24.02577687340147
3,11.612707405583592,20.91105417582651,13.316376436905426,-6.7102285459980795,10.880805724259059,-4.506670046387707,-41.196109462559534,-0.1688605624474826,11.063878293233868,8.306630669707408,32.78082121869281,-8.748468933390939,-2.192372528753215,-5.555950503576899,-0.7639679220103739,8.006351319316757,-3.584902388238295,-6.525447709603889,-54.292099576814294,-0.18557170308943083,7.028238747093697,8.560238248512682,-1.2685333400204108,6.809650909602111,5.551195315175274,0.8867623246925038,2.1370869408520323,-19.238559065028646,10.86177867219685,22.644862472190898
2,9.294746619366363,1.5485347920162837,3.337498654799347,8.325274636655989,25.780833237763787,-7.239093598116167,-16.823325309717593,-9.19780917239098,29.751908230124943,-3.4161180560297364,-2.1198857104048576,13.599195237939618,-6.87209270943768,7.715912569517048,1.9192023788294685,13.05515292652769,-1.4558830975488135,6.040656058067521,8.496477921823884,-3.8631464643972113,18.562614274769146,-7.375968820812486,10.585648347101397,8.52251946660747,11.80077580826729,-4.686068772318464,-7.0692815935210955,1.4312355915222972,1.9561261270876784,-4.31114065071144
3,-18.591031656830864,10.529846521038023,3.1476337672240153,8.675711435653625,-2.571629890644285,-8.606267806408919,-26.260017639597457,-3.494670213958466,19.262239502020204,18.608989318672585,4.886461815957947,3.343663551707456,16.664377028244175,-1.4324024526537578,10.579402317466489,-11.196255894567438,9.707835950239463,-14.020751953624405,-51.343071089486976,-6.382563234625728,4.195869934130545,-7.27732197354621,14.314627977142319,2.682056267190666,1.1492630409962004,-9.642938647710972,11.664985688642526,12.66291648877446,-10.430815459410677,5.788214404389341
2,5.148619047642851,1.5642873439019978,9.188308328649804,-2.0493958044316387,1.6426522539983743,9.307141347341165,-3.2003827750558242,-23.57151111498031,10.812872477315912,-3.0480282447967406,-3.5629022368202534,2.3786603881819097,8.033801463446443,-0.7613687448226107,7.978413945214928,20.153763237661774,11.34627176540343,17.92986091272068,10.037864801973988,-7.544417053284695,12.289963714454293,4.197687674405569,5.780981135578329,-3.3055633807449976,4.289270932459773,-2.5336324264142807,22.0777686208357,3.4414535551645713,11.26876793339229,8.634627889759814
3,7.114053062583581,-13.214624898196389,11.126454959985121,-9.75245713853147,3.887268216079276,14.89041541488728,17.24123252536519,5.346659288703228,0.6081153724857751,17.465009716147932,3.9339318917013872,8.17339233184235,-17.93077511675335,14.094109616303433,-4.440313522598801,3.9107175396492675,-0.29581948840656325,5.684796449323756,-42.83325903157753,-10.82113711523707,-1.6733796812874182,-8.96873867975001,-1.324683367147997,4.298010722647039,-0.6186138435763469,-2.5062753240718045,17.540033276196752,-4.8093724006187415,7.187394172482198,-19.837838530963523
3,5.8043241651134565,-2.468220483383004,-20.003125491623596,9.848700005228013,4.370389069660412,5.96458938501769,7.9755810119958115,6.023235896474061,5.266393845525077,23.92576801770941,5.413612955592312,12.965302483112792,16.75616370936944,-1.404492294863532,-7.472142892396735,6.773311107710462,6.860316592486969,-1.737806182435438,-31.611925130271977,33.00008797735176,5.655985175954353,-2.571202233660909,-5.065308786522884,-18.608450457302126,-0.5524124902140262,9.904553186996624,0.05938622977290642,3.5827881630142007,-9.104487806825734,9.208652671495058
2,-0.23345485912606545,7.28982871609708,4.262738504335293,-8.60034209064709,11.917924618171096,16.01897372599835,18.48054531789672,14.247154669604924,9.865557105278084,3.686161747438881,-0.14958784919986456,20.30383966324613,-0.5993544657086654,0.2619178051079496,-2.284648434642956,4.406351649623335,-5.0480085655873275,9.435469933585097,-3.269280285931779,-2.877434268348235,10.553324398175839,-13.708384819789355,4.972977210401922,1.3542770752974198,6.147251446551001,-2.87619697023307,2.1073066291208704,4.352006148108365,5.702125114646377,4.773791029449703
2,2.468697435794857,10.556869859207337,10.209081395466493,-2.0734617502069272,0.004540887037904007,5.443356059070836,24.263121486014647,-7.131159269592136,8.97328224473925,4.329014211657677,1.9343452357930568,-4.761766046395814,3.0337768392285147,-1.41434177862378,6.352989433321308,7.125059664592899,-5.872026412449882,8.252120022625565,-0.1880753178575505,4.81632552812772,6.554133608159965,-17.95615835989549,-11.349718600634366,-0.29583251943327493,7.097682186216927,0.037334654322267014,6.249670285004343,4.3301356685914865,7.181707918504875,-2.238153469983528
2,1.5701799773483236,-1.3334114737118545,5.93223223215203,4.175202118700172,18.33655336631221,9.573643545404138,-45.905696458295544,9.76149679641965,8.237676045090721,7.006211550415838,1.6278384452836254,7.26655640138449,5.993061538260858,12.548022148794232,3.9541626661811793,-2.044665877938412,5.039399380663713,17.908537079359576,2.294292203017922,-6.690711240119917,13.233193751166784,21.369529776315083,-2.4973511373093995,1.3831524287131198,5.598795885974178,-0.9149942871775929,12.316926248542615,11.483493554651767,1.960776023750122,-9.879855102202573
3,8.044679687733835,2.9891169933625035,12.710032335603842,0.5748665240350114,-2.9237779728122204,4.789863929778324,-15.939605413660585,-0.18716559576033664,9.226962308427806,13.834795870491218,-10.615600448222807,25.509866662794327,-1.9745965696887244,-3.621144093241084,7.938838408123207,4.7394634211753655,13.756068855722079,4.639801861806234,-43.44364249871494,1.4756217982506363,0.25078330027693907,10.665572084629176,1.824415241609961,21.742663048236615,8.296469449202435,4.998266618243257,11.385474786112002,-19.08648214662137,-6.847861300935562,17.534695246806606
3,-12.612193651227201,-9.054969008839345,-1.5165043588631146,-5.179279822495724,11.60121529349179,2.611506066265828,19.182659608283185,-0.4430087475887534,8.380850418804572,17.643140254328216,-0.25443300114906087,11.246331906985604,-5.416742801004673,-17.762621919679578,2.395680776678128,-7.176032070645352,-0.25587770258663767,0.6490924395377655,-59.87170871314804,26.180165620914867,1.1245511538482849,0.8328173442636022,4.127295305859053,-3.1372446969714125,-0.02642791792686161,-11.855694023472891,-7.6614500057946255,-13.649783514295427,-4.999566884768008,-8.491568642145817
2,-10.365625482308428,15.42470263624256,7.3779996816825495,13.484647164037558,-1.7399789746786283,-2.491013537478432,13.650778834900589,20.90422003177672,18.595557048529162,-4.595170353263507,1.9355500142126139,2.5389177244283996,-10.31049365915992,1.7772869163826424,-0.43981652761745327,-32.64674236680801,15.522597322714008,6.994561718941137,-0.26385148769245426,-11.084776835438582,2.0066735976777124,-11.45047418227929,7.623849099898912,9.638873654006742,4.43498051621641,17.54131862022112,15.71853313020585,-1.6059878257732016,14.084757613151073,3.960591167275072
2,-0.46270473187995265,-11.110196391761747,9.039122935685192,13.352876626006081,7.736280111761761,5.519984275683034,5.0309154715674165,-1.2784841488037912,8.940855783314026,-3.0844622190340507,3.921008882188275,3.0316592503854274,8.97254879435057,3.437703959279994,8.658638475116632,10.2128999378903,3.411166251401755,-2.4685058766324994,9.149654789062104,10.430494004913944,12.445812358070324,30.686182758352363,0.701827310688572,1.3806091661088833,9.500210295121882,-8.908120362058137,2.151415934870502,-1.2632419125291796,-3.0900479091295434,-3.27225708242384
3,-0.030334191510299924,5.496385973630657,2.8142307591890416,-27.048082143578583,15.471142917702029,3.4488895320177066,3.141737813862555,-8.910946610197747,-3.412318420383404,15.933723470970433,13.369044636521595,-15.64601545020607,-10.126482776578518,4.9411020170594675,-4.302803221001831,-17.551702778379006,-14.603492828505097,-1.032720394703581,-52.08142412687109,26.336876427544777,3.5719509771063804,-2.7413298137193944,-3.6499118649053264,-20.541897419395635,0.4130914223074995,13.303526798888882,7.052402545784773,-24.428055603918573,0.511306934834642,10.357386428333209
3,7.040324714097146,-15.532960421254506,-6.975111878164079,-0.22451600095284696,18.329005817452146,5.960821332514209,-7.722945396709653,2.7505389808841434,0.25173136496454007,-13.319521320853228,3.837726460059959,16.289424071144154,30.649206048015316,9.37762866601763,2.7757348246646556,5.7320199563639,-3.36497629336398,-2.874928856138852,-42.31577605046425,3.862552748965356,7.208570403494723,-1.7404751290751712,-3.232802355479241,17.690745653011184,-12.497666461907555,1.7337331406617136,3.1462165577987022,-11.650218371325044,5.672586589205164,2.244054396899571
1,-6.652087961776341,-14.57348863652361,-14.921888500481026,-8.962723566389025,-15.349998193118914,-10.058975426238177,2.4031682512289265,-2.3649094882015795,-9.950828291347422,4.782476968349439,13.797424624851411,-4.222575045146973,-5.677618242178962,-9.678589658179519,-6.626877506651374,4.927023929516212,-1.948985551756102,-5.84803985378989,20.235530157598486,-11.75683741170473,-8.740957253752455,0.8085123172869348,-3.9791925145094513,9.044454318057475,-11.229498108329278,3.302802200863721,-2.266943622043039,18.78148480575555,-10.7887134271753,-23.191479635644733
1,-16.64432925172865,4.356684572804439,-27.558040108479197,-13.324764620180098,2.5415231089167687,-8.633587449207225,-2.1785148494305537,-5.70636740001841,-34.99078699848078,-14.337151984857485,-2.297899881061803,4.521014550087982,-22.71394673762588,-4.271711319162446,-12.75429097395631,-6.182075612435653,-7.7525489804745185,-7.977952500321964,-4.663960519080759,-1.1475683531438619,-19.31878448284099,3.5392186141025537,-7.688460336962484,1.768679187420016,-12.539209557666968,8.900449899252683,-30.61504629075239,-19.04334230801932,-4.029997408363622,14.401271511248648
1,-2.4740084584878392,-13.813580807896464,2.9332266683048047,3.2449139758989394,-12.32778737439632,-8.067836870211167,-11.553738294356366,-8.615552599069797,-35.78389340008333,-3.4593437212207068,-21.498504135653945,-0.24186662027696526,18.779070376424777,-8.267018726008782,-12.184417140074515,-10.577885820220594,9.272221362733802,-2.966852497937523,-12.458540609230788,-15.587034413407368,-30.017301079488327,2.2998990764335643,-12.509444502003904,-12.497592868335271,-12.564918080843125,-8.712560473717469,-11.189748606663242,-18.58237283177965,2.932538489328117,19.70636971736758
2,-6.684205258802831,11.23143255006543,5.6045740352197,9.347016179122244,-12.114885672264398,2.9010341261213672,-2.4607099366932275,9.77077683575617,16.174567058441497,1.477345419152837,3.3004305865533037,-3.1804264136947182,22.697978065306337,10.695235759669405,-0.7740364999735858,9.343574599906933,10.849826983682792,18.124031237457334,-3.4301461522907113,19.677790254253335,6.419461198553992,-11.021530749173442,-14.141014948470739,6.757134124382983,9.549376402582238,19.21396288231145,2.8996026504458436,1.9211859644005465,17.038997452286083,-16.66643090954917
3,11.281613865336393,11.119525573886342,-23.890760176249383,8.275251774730508,7.040936419350096,18.492637342367388,12.805979300576709,2.062489695039008,-6.585689613852368,10.622208641317897,-2.8026742694179494,6.220439229111117,10.82143055108625,16.076599051095045,-0.13748184804439756,8.162499190244533,-5.955086585304796,24.45503149954009,-53.93705479733225,-4.866204515145155,-0.7293316319121557,-1.491243316387437,-12.81680514707087,-3.8573865681553636,2.6386979981307084,-3.2635699419181736,9.38387265886249,18.66531218277254,5.6732064345663735,-8.120929034806153
2,-4.43323341843895,19.177607377749002,2.431585485319097,-5.04114189098469,15.917926202370476,2.481937387527199,-9.720432461351418,-8.420582915586756,18.989919111290796,12.474542577413668,2.8847185936920705,9.61197311277936,4.62683439000881,0.002563472988842186,5.362875429244454,-8.089366810997047,8.796367792848272,0.3372511751156022,9.071132125492742,7.6940135094230975,5.26028802890783,-5.0307110042563385,-11.042051171322477,-1.9991767894239887,7.256365383057722,5.592767735012711,7.531450459036846,6.614331684230359,7.857555191612727,1.443905419282269
3,-1.1969163901843909,18.1791005197154,-15.445632602309185,-25.219638519390518,19.456521746625217,-1.3630116071229839,2.0095764939306666,7.391801340265795,-8.360938866445533,4.7541538186297405,-10.949916735242875,15.726253483229124,8.189859955436894,-0.7214623270938896,0.6593590340100088,6.714815213029367,9.645496881646846,-9.412955589577194,-62.38255540629915,2.179239028906736,1.5597391973785433,0.940916311523703,-5.574571740406507,5.7655957135697955,-4.187582251711689,-1.5911055156448284,5.357857014374816,1.9088648344839225,4.57281916026068,-7.200844512251546
1,-15.188851390900037,21.1557367626488,0.5570510218825282,13.369434692116997,-9.023680395617866,-4.287494242698007,-14.083166636154534,-0.7949361998191007,-7.401811168316935,-4.369038539557497,-0.06132815990668561,-1.5248158256344233,-17.08147812836076,-5.848096895554188,-5.018919048025086,-4.162332825798842,9.981488395548858,-5.231798491759735,-19.272248873266324,1.7361022561142767,4.697918269421365,-2.2290466395664215,-3.898435332939623,-1.6625884295264552,-3.1221568382667093,-16.998721728566885,-3.9302153162221494,8.512893150817714,-6.185125533601056,-27.683482295243678
2,4.328879877100249,-2.8800503565412017,4.240912428534679,-7.842241149669418,-4.99455796946409,6.52074361540951,6.45491404652072,-8.666974096178297,-2.086402797143001,-5.938246041898121,1.7953051772896063,5.167350289862025,-0.08066255252752441,16.771039606090298,3.2921501798065576,-3.96189001318932,13.308985424405012,17.10788371789571,5.007261464603271,-0.51551701440312,-4.298958655614847,-29.162840390055077,17.483619181273852,10.135559694523577,9.269128929644303,18.72823118725871,-0.6699660538712653,6.279177968508927,4.522329112149472,20.73744541034403
2,6.194810522816063,18.046849535847056,4.510541585199119,-16.358340513951173,6.708895345650902,1.8244043397610232,8.237822715776119,-4.297909756525745,-0.3484243307411017,-2.990867719768218,-4.721816615187518,3.334838699426583,-13.8655714826657,-7.355852343395136,18.914123149030374,-0.3720049757946997,6.171676624942071,23.78140115290488,20.132168496687985,-0.1243293259947178,4.394939209238901,7.763744970722364,23.813641277184693,2.499507918087168,3.9016748889479964,24.296954333877018,6.651358830869483,-1.4729751121280885,2.769059749292354,-3.1784577852854965
3,-3.2774792603641787,-8.57167120090063,17.643236759179537,7.314104586529594,2.629784197317922,2.6072646909815385,2.3961817076828735,6.33813926230535,-10.311785934804648,0.8855273247683275,-6.160425128205537,-19.67946090472628,-7.053864494277697,-8.99740214425316,-9.725500212425498,3.4959190050159554,10.719664992456496,22.50175985255831,-46.99154876168416,-51.13801584149128,0.2217855316649282,15.385153126426342,-9.355536224997135,8.008706776050506,-2.773123085308495,-0.09787589637942262,-2.6305135871193,-11.204016276186842,-2.079938211651423,7.729178637225783
1,-22.2788029840725,-8.080790376258278,-6.151074535545511,-20.1945477173671,-10.653357811505302,-6.888370682127579,-20.693513435316337,-4.121909777469607,-4.777982335749202,-8.324332115224223,12.229788400803594,-1.5237319337497295,-15.226011407727693,-18.71328482847986,-8.032768214762909,3.696906587733414,-6.152234346119478,-0.9383234862909227,13.918500681057292,-6.088942410897119,-26.66441905919238,1.4361637430240177,-11.762383149235445,13.054268145934696,13.872069785768103,-14.940167783201678,7.888792899735835,-12.193776547619235,-7.738001877812402,8.663155159130493
3,10.270650253932011,-16.337263835023005,10.975875636271049,-1.143110037054154,2.3043752147624756,3.6433704418581936,0.6829978784743381,10.837092237163931,-3.5828077438034316,8.849372264761591,12.785580933913884,-5.0590449639120765,-8.238167662619697,-14.349981565183116,-0.6819184288891713,6.811987064193181,5.460289256026105,8.758260684382778,-42.11143811953254,-16.925159370216175,6.780961729196511,-1.1100422119028235,-7.474036818632603,-4.61273906795127,2.6970753988594636,2.24008772791432,-0.9664114992933439,17.90179262654883,-1.967175094054536,-3.3122102317364686
3,7.720548720219566,-16.792108727495716,-9.038496184434791,-37.86089422855334,-1.9438130061566596,8.862973423515033,20.591598142745397,0.6688527725566195,9.742581533257582,8.054926164750698,4.224520376448172,6.296165331466508,-5.59444040200357,12.767269036127784,0.08054444644695158,4.174859699916151,4.39235439783651,5.007366783614133,-48.37902403513292,8.886257175884461,2.957685512788641,12.500402392020836,-10.344205902076299,11.725233547782839,5.282211292588789,-3.4691658108622323,-4.129266532941328,-16.994771853343263,-4.479300603954583,-10.296985381580706
2,16.17517493490707,-5.84431184622752,1.8248767696532755,-0.4372913973289889,38.848969403477916,12.2142327988037,18.324715091430377,11.732071493828073,-10.638051601729845,-7.253368338578517,3.9671593179938776,2.061695604947289,4.196703674831895,4.009371718283094,6.193880587430737,-30.402120262451405,3.960466337774794,11.035519949472306,12.549768929894471,-8.94608090267071,-7.3293132951402225,35.232837342599304,4.916830381959523,6.5522278726040435,7.83734074207727,3.7720130124202633,-3.156249618268504,4.399452137965256,-8.131495878840779,-44.65625924727559
1,21.115391975761483,8.049736200835572,-19.19022068393986,6.0944751676494615,-20.785177666840024,-9.384803049523466,3.6269070673711328,-4.511616316941277,17.7109730529356,-22.012752451279006,-7.851905551369527,-5.083692418529035,6.037243696921215,-20.72960771557159,-7.434764952404971,-1.3936569097763023,-8.6054797594931,-15.07793213283749,15.894104187261881,-4.830956781603199,9.401679729706752,1.4118726799077892,-11.547018948194669,-21.817531307780293,-17.34642839504015,-5.9145704956322405,-3.90810042384571,-2.2083949855346723,-9.383246756475053,-7.322626868944137
2,13.634255604436554,19.362740454550895,9.402731400558883,14.905180067388907,13.03206492599043,3.1096031124087835,-11.163767847786684,6.1962355389142925,11.988914621376129,19.914584656026157,2.059377417674494,-18.50555340000886,6.96036774728706,5.192780196427852,16.79840361491353,-24.082095206758392,-1.8998494327550315,-3.698389256128862,3.3552396464764875,14.19988004125553,8.019581740690542,13.578537230697819,13.402802688993921,-8.486700391720177,7.104336740543136,17.324602031446226,22.434660553231097,-7.308848166023955,5.932644613185112,-24.06767770828071
1,-17.329220041837083,17.63403129104106,8.315668017310452,-8.065722332566489,-16.003195425665755,-0.4861838320048619,-11.586624353498825,-3.000299389749314,-13.089998076833536,-6.139112465328725,12.042510972363123,-1.2311195056246853,22.596706914190218,-11.258028893736912,-7.180294151067444,-4.695754548500537,-10.26654637549834,-7.449015336866189,-3.1792492654898505,-3.5819373997910127,4.256913556255272,0.3028458511450103,-10.024302929284918,-12.86584529480269,6.220361389056025,-22.049675421603602,-17.728129548298533,-11.002492904874252,-3.7096938101764616,15.549033946348278
3,21.35223781170365,8.205232411168822,-16.15756203887508,19.131088018710116,-2.802831683390253,-0.14505128647942644,12.630696431515227,2.4649726229300963,-1.9422896768197142,21.13004426268361,-12.91561848853074,16.24596963543975,-25.027629025828965,-1.503526223260053,-0.7574720278213047,-7.408012687606657,12.201968865784147,-18.479106920887048,-44.59705688686698,22.03781551266578,-0.07714686683718908,-11.50536150012229,-0.4252823615471606,-0.7198513327937108,9.514620190020294,1.8152042990060586,12.50455957359887,-15.664333034125397,6.8396588946224846,17.069865498759604
2,0.9328739141352465,15.86100656771804,5.510084024405235,2.5077835124768186,6.046116776166604,4.958829017180802,-7.205804416508749,-8.893813855111276,10.634355203097629,0.8567593272489049,-0.8477822603149177,5.488734470118851,3.0686816488693482,1.1206200596540548,8.562173687614706,30.53155082440504,12.636854662630077,-14.266928425370924,3.016324920770232,19.901336548046928,13.04050614597903,-19.451481957501397,-2.793492633473023,-0.40135181525644725,9.834488039437856,7.124065389794204,-1.3548296786377616,-1.2512168617086266,14.50473900275826,-35.983835274849326
3,1.3277776784468864,1.3514501063896522,2.216385099729769,-12.347442394240048,-9.18595622365936,-6.299913562447976,4.147993119913899,4.134735643544623,-7.3686153374740275,-3.363905277768387,15.237766826298392,20.100295174333876,-9.165240595617865,-2.0858508817419796,19.048467230026997,10.202730508701388,6.908971691632102,1.2164402154919172,-50.71291380134178,0.2420537949947923,7.941112947795594,-5.731210795714874,7.022390563402845,-6.382291711395576,-2.037641659238401,10.954567202197364,7.4604878898875615,16.598380760735314,-3.0443936819731636,6.843506932390169
3,1.6965344131686066,-18.259539369272733,4.823309358562057,3.8047497469013893,-4.739604453266212,0.6870655293575643,15.11655440520354,3.3180387321582527,-2.988619810486987,10.109848432792743,-6.468534365596181,15.048900445233865,1.2116086952039014,24.924560953128037,4.078910964733966,-0.7743964156215615,10.81590002287425,16.927160612771115,-55.41602932801677,4.40699134662801,5.696113887863915,-9.837529733902665,-13.781629430675448,-0.31198090884757246,5.526049887350197,13.000438030110846,10.084039620383637,-26.33897201345316,-3.7215597298649836,2.6371876832780554
2,-0.3257656435113274,15.030947021120674,5.038387833349497,4.723163135533208,1.233843232222454,-0.421819244244249,-7.8644997431133765,34.511834447510175,-19.424810144553227,-2.7895704813814675,-3.840924244408636,1.4554085244542128,-18.674809934375595,3.782300538014945,5.668759889303065,21.860534402647893,2.1283600234180966,-11.19592222449192,19.234766430300244,9.400490985627009,3.4420332249809804,-5.974141882002305,10.705710150996746,9.293539166402663,10.353503628309621,2.2306558921470767,12.622706254279382,1.6440364749532592,17.65326078891693,-9.63298505183107
2,-2.156606353287496,14.502524895432266,-1.2583692265751454,-5.365263823668869,7.861895775844954,-2.208699765638995,7.32393626796971,-2.9694303912189,22.266818279817596,-4.55323919495895,10.658987087820009,2.0413596472023308,-12.043311155744135,12.384262036589945,-1.286458062013831,6.960224824813405,-2.5336682229545238,24.058939832355424,-4.0586834537564735,-1.5590193127327256,7.993843388126663,-2.4759025710113614,-4.820616947266608,10.635272381150846,4.737582064409555,-7.870722457334683,1.2117870047954211,6.182183869649764,3.095266501341989,-6.186467575158361
1,-11.062703349783764,-5.9826061115980895,-15.197895104355108,-21.180371820199863,-7.556911288095402,-3.430940433489424,10.923561481122693,-3.1157022839916375,-2.753308767938697,-1.1331915004704323,9.032572036547537,-4.63601034088987,13.906772850913466,7.190220050354772,-10.550722224527647,-5.008562274114348,-10.064003207451556,-3.186172058953082,-0.489163714377832,6.50242840999147,12.594840967435882,-2.4626891067963568,2.6113796197100028,-12.222678534455653,-16.24980306274145,-4.15776577397672,5.942811385334318,-0.06921638006607034,-2.0698930270313136,0.19655431292907982
1,-7.265232996646893,-8.106301922547575,-12.194241679558186,-17.76773323268977,-3.517501517187849,-2.7326560255958037,4.187199920595838,-4.831099957976772,-42.799829816505756,8.942973130398375,-9.854234251617225,-2.3358617650721483,-6.827594004163055,7.473640980198113,-4.092031364783729,-8.903031498413567,-8.507118091700736,-6.543452589444722,-12.454158113378885,-14.54346562793826,-41.06212568858288,1.895544705878571,-8.625835086512804,-13.12655193972238,-15.353080416027337,-19.97759363186548,5.864901873935187,7.62975842105199,-5.753083416979581,-4.114806846749223
2,26.069457341843222,12.660225406359224,12.894059347260919,0.2873465041423984,2.665874326644076,2.106181921272997,28.306993543788376,20.886657839951777,11.8592821236843,-9.700496989007505,-7.186874296063415,8.845226667497538,10.59752237063685,1.4063039168320617,24.753741463314793,24.85526422567008,10.079769747615117,9.374266463890542,0.8098958142364179,-9.956358793404409,-4.494948466578872,-16.577632632954703,11.12872147973924,0.20998271172619232,5.282955586179435,16.764315560446533,3.853624954664409,0.32589176494105754,20.957879233105224,-3.0213924079496746
1,-16.58716755581864,-18.064593573810352,-19.912325799193898,-4.325733460285937,-18.474047143292854,-6.0045850819823015,-0.011928880715862178,0.218557011828735,15.054653839056524,-0.42863592526133565,11.971239902910717,-2.897669958257224,5.757078329695108,5.914016213859134,-10.05460502664435,-5.084807262181871,-0.6586312389681548,9.238081476557117,9.198284545677637,15.395431055704584,2.631156608139703,0.7715139460483484,-5.540976380061823,-11.376566015852603,6.326900298359073,0.1681164445229788,-21.28447511859862,-11.77584886237776,-9.33705843815546,-21.14509357632852
2,1.779559681871656,14.200052003809173,5.069385170760885,25.48920369938821,3.453460014537728,-1.1647675353554714,-18.050803774405107,12.742762779371784,7.241664192048904,14.832261201874932,4.402112669110947,12.585097047361284,28.034049888339087,-5.777785488389623,-8.697426049428632,-2.1218900649081442,7.084482325886297,0.21989442323005282,15.422511582354037,1.6331077448786262,7.66334291896126,-13.288299925957157,-5.760630896919183,-3.3248169911155605,9.687142993024276,34.51821344377434,15.717560655149269,-1.641820881013245,7.191986443931736,-2.1835412992039025
1,-32.01406592783002,-29.5601592782374,23.42961925284385,-14.205502354764043,4.149664245731495,-3.9027644162348416,-0.0017796793150086643,-2.9633894178642084,-13.867066445503381,2.6862665107761217,15.58397021846213,-3.4399444483996686,-12.243429612267562,-10.29438087464819,-5.7372424860734785,1.5723092312309852,0.9584432566498062,-9.672489483820772,-23.98370035815314,3.146284811261611,12.565921882193237,0.13591938432903272,-6.664120443848597,4.120605632978748,-14.184115237383992,-7.955042999990155,-19.74002084413823,-0.28851587909746423,-2.778060048988837,-6.457513853409533
3,18.262793183229082,-3.262945286514649,-12.295427883005338,0.3895915903548833,17.785710116504255,-1.6206415227758513,14.516323449768619,-10.534070431324917,17.326039108862798,12.23322054171794,6.3259495391419005,-11.316747346876502,3.858821116644555,8.641683733899141,1.5548005661995754,3.328936947039221,4.13852368176933,9.315576362155788,-45.84464186797271,-7.980573325809122,-4.024487172830694,-13.481774179060674,-20.461281175712944,-11.07705222965423,7.3796175253253224,-0.5899072001125159,-2.2246109349377643,-5.948228971001937,-0.3597211201657957,-5.936807479107061
3,20.047263918102782,-25.50024208790282,-9.347625083273257,11.015088907765985,8.726989230968496,-2.6512326444950745,14.860442084789236,-2.2884384490367413,11.904844498243156,3.076604301977432,21.051787653118275,8.775648019710907,16.500554492764266,-6.876533260567692,4.03825108416777,-1.2474929763399587,9.617572796984847,-8.862080406462434,-44.07387256093277,-1.1416661148723533,4.620133081235116,3.1915271867648585,19.54361311722972,-2.4124814600034794,-0.6005537668367738,2.494826713236744,4.804459911214353,11.178609879342515,-1.7592448110150378,-0.1603351944435733
2,6.770249943794186,8.427004142616633,3.7294274949617927,3.9741280766796634,-16.482490065148284,7.769583623609641,-2.480262524133276,8.91121866578548,34.733524965423385,-12.633264253847145,-7.262399762318577,7.004496642231624,0.7775796415668159,-10.33297482042681,10.447799227887305,17.612291291889736,11.296451754073981,7.740635777975153,8.748850429007218,0.819083658542926,18.200905851907102,7.641249868345506,3.675903319003121,3.5217346512171237,8.924587415632603,-5.683199509250249,31.79718633584672,2.242235873703099,25.23313381961981,-13.110646439859163
3,20.916776388491073,-1.24373511190347,-10.793647310512473,-8.514910485435527,21.809306001069498,1.1882522276509926,3.6527905022485108,-0.311981410811494,20.349954831440566,3.9198683276742665,-10.50311494774012,-18.501159976970907,-20.721236015901134,7.8861864235121555,5.2160519478964495,0.17470121572144137,10.240135625210591,-22.176781297656266,-52.30306708121205,16.956411150880406,5.494968847080706,-8.358217164782452,-5.377633183472123,9.14073537163862,4.158626354265488,-4.723909736688713,-5.334478176297225,-7.917781430690827,7.584550623695501,21.08722027057181
3,11.697302875511909,3.098725877727352,24.77906535127209,8.70041928537166,19.773054663765073,19.575373553412405,9.413287821261573,-8.659235007724112,1.5088783858224704,29.745771460671108,-13.485529365812454,6.757549887104531,6.67382685520372,-22.746673135397558,9.39853120677763,10.34097319426615,11.87788207082265,-0.601184457393843,-51.24774973192449,-13.542614504462204,0.6228116056248081,-9.178705374571969,-6.203129270304959,1.66667858168998,9.72036983629052,3.4090129521338732,-0.07973112015508965,1.8113762152676316,9.670873575619161,-25.665596292427626
2,-9.297975442896153,-5.544973030880411,6.822935227402766,-2.44737929316918,10.026941052283307,-5.9192903377218045,22.520578204018673,-3.9223274483051904,5.6287178424302455,10.651916024388182,2.0122424421672243,8.102195416687476,-7.882437746588031,2.157702289834005,11.441256026809155,21.26952333479027,-4.195561169375649,0.9479324299193239,7.502065540064356,-4.935481984167085,11.389486902438186,-11.932367611618456,11.189506652751813,12.220123566244315,3.4846136524135254,-15.179464222101448,9.988507136132535,6.134451058700677,2.2719571779640715,0.8125528477245962
2,21.47520040563213,21.458842177789272,13.983178254297075,-10.21486723094872,24.104120062677126,11.997713855935558,1.4547414065297914,23.03230144103901,16.569913701847018,18.75978309458828,-10.05481595941516,10.526513687075347,10.258104018324897,-0.023740808296332183,12.043237824348362,-2.0397780939412433,-1.4539899355919612,12.562342860868254,12.255439155067148,8.195742948014884,-2.8920172319586825,-15.076062076556003,21.748618496486316,-9.405108691104322,3.595006692213091,-21.919023425870325,4.534735523061684,-13.470878008048675,5.332955389510415,-4.7032484960615175
3,6.860454046250665,5.04016120972576,-4.762136379753879,-25.64164360662276,19.452155838738392,2.1623003952214397,-9.741022319066724,-9.76526462042774,2.1964930388259365,-2.510487705517331,6.612801678597573,9.210857192935714,10.565030192086372,13.1477931629971,-4.803776200304918,-3.984253290468918,-0.7804521520198031,3.155039241644859,-33.845796926783144,-9.07074092715042,4.949082459380353,5.4259056490804864,-11.234286723944257,11.288147083054103,-10.486213265045071,-1.131500368597894,-4.057271847535947,-19.387621091203112,-1.26600766455532,-0.6626514504147328
3,-1.1288431140096806,-1.4644912253364666,18.746106858409377,12.524489123299457,-4.366181191851776,4.459834678426352,14.537447513402507,0.2990521626883911,4.0470410919321695,20.528050816499338,14.131981543365832,4.730572835803171,14.772290693027522,-2.8318092233416245,3.0595873180340147,11.060303123735162,-12.131102479863507,9.258398972274104,-45.99466707245371,10.075494023595649,-3.030112950807329,-1.524755897879395,12.719953092136672,6.632558395874758,7.718981668051617,15.355712110878947,10.577297013005007,-25.592177064911564,6.69946897035764,-10.92809996423175
1,6.510469550166083,-0.11049997475487938,-11.685328903906838,7.108039412617517,-11.335507389344459,-7.08098358810079,-6.543630280866784,-4.301059775296322,8.850374042118325,-11.50440249329947,-2.180946530584766,-3.879902557036603,-12.426649612433428,-16.06294998439161,-4.581767717275161,-5.122592551884134,-13.583273516208315,-13.384633351581757,-9.788610919123885,-12.847701265833049,-17.503050338412137,-1.3928553863649165,0.6706002132485454,-13.59157659145658,-19.70250310733158,-2.35898816018612,4.6458293716942105,14.786862838168377,-4.979192092677685,-16.930090282596822
3,4.765917095972728,-2.355394564827408,-24.15321417574867,-1.626760562196786,9.457812675109881,-5.55010216497579,-13.336895534070846,-2.607365744756299,-3.46369564762394,13.869644840040976,12.295543874279074,-16.79148936907289,22.49187282179619,2.5652633682529684,-0.2446285351916937,6.006729346972511,10.102398176020007,7.703654297857416,-43.52802169360651,19.213813114359972,0.9754441195014294,1.4145241800250754,1.139675875198102,10.695900773413364,3.0935699262507654,8.753701860773761,-1.1245800489950626,-8.910297921566881,2.093723187496334,-8.653601583793163
2,3.130352537279931,23.447090845835554,1.2635004067554503,7.498985633280311,-3.512086013412304,-13.885766315317124,6.905486673834369,10.427235226429753,-2.3410040405970074,3.244518457196497,-2.3107730283705727,5.9793765087742665,-12.169192838476768,1.3523990815451041,11.820133209600659,-6.958688095895658,0.1967469623625968,-4.899497778872086,0.7439853242260703,-1.5114587877514016,8.414914419747433,30.415404356095593,6.4212760176070915,3.2898600283662014,9.97492519109475,21.324895072856563,1.2458643545240875,8.545028041740931,6.498840924143817,8.559166857046732
3,9.752724972883655,5.644089926525396,-8.089590393391902,-34.885051216361504,-12.040316553975416,0.5950760503774637,-12.632449277475917,5.662046222899964,-21.533142138715004,27.976738916471014,23.309685650139645,27.02539019734672,3.733299111414402,9.828007857716514,-2.5645320374433522,-8.732490736761859,-11.916664168970101,-9.591891991356748,-35.21852717123646,-15.44599281220419,5.871621480073875,5.712455295420971,-5.317919664353658,-3.8789085079949803,3.737203203267284,-1.5817204439881514,13.924363809233324,-15.757517300214795,0.013311847276499256,2.0630867675406677
2,12.290288087643113,7.586325886100279,1.0548709008509185,8.035963643788401,11.54189800239164,-0.5642234693935304,-7.454102474541316,2.791922690100865,12.090709616661314,0.10583221754238892,-1.9690052976820809,-3.1953125440746986,-3.4482077591703986,13.55590045618007,17.569083971000886,-6.687222525390249,14.266525227251552,-8.240169864983187,0.7886151879426269,12.556553856980461,8.55837796984374,-8.271557457302713,20.73754739032956,5.427315142219251,6.66123381694025,-3.7167622014331725,-5.595807310896406,0.5337309883202523,18.745509481095084,15.492977462046996
1,-3.434767630587657,-13.72922611955194,-16.55171247059141,-22.770442447620443,-12.758034587412748,-8.909680112407566,15.32518094428011,-2.078756377419298,-9.08128045808443,-8.689010582379673,15.491018959840966,-3.351203286536283,17.404759480326213,3.8630987701871016,-9.247640358801725,-3.3180439941047744,-6.513405355534929,-7.288056571190197,5.096552362144062,-1.575165058579485,4.087043184011989,-0.6807474374266067,-8.42289524215784,-8.182820441430241,-1.23547842968489,1.913945995141817,-1.4842499915241572,-15.703449846894381,-8.319271516282008,-9.294242199677582
2,-1.9539048134988706,11.263437444090954,-2.0161461165563743,14.706014679027538,-6.878502833949419,26.8174529443874,24.90187473567439,-2.0004956911305856,-6.321768409724352,-4.725967950838201,7.41036040419949,-5.321639452268445,-1.3785068836178258,16.687157693593665,-7.579676519550403,-15.312148663264441,18.59614005141863,8.517772857314679,6.8067804625584785,5.923097017291056,14.24692987705467,24.08831787048449,0.47003685653273664,7.219075434555397,13.329453342185179,15.053732196444926,8.179416074761939,3.2318149125527578,4.151702694634635,0.7640825523608706
3,4.954273595472139,8.521894504750875,0.8905781787996089,10.346885875280798,-9.019757719553294,11.801147398914653,-16.10031738990957,-4.173417946577382,5.380394517394235,14.175316670190817,9.717891140725587,-4.885794828151459,7.2986500452346,-24.2115583706437,-3.1922059062470067,6.544441184774729,-6.868519564038152,14.938054750103557,-50.18041939054914,-3.0869541795534023,5.685611216189311,1.060379586083986,10.974639950075458,-2.800341994168148,-1.716332938124328,-4.812708964255647,-0.5480582245895387,6.691274900621156,0.013094737110255217,-2.098254582109821
1,-0.1227312093335371,-10.708376435883919,-21.317293736253475,1.854728918909697,-16.120412368855725,-8.167300446739908,-3.4747170162635377,-5.311855010733196,10.539521964668374,6.224224724755698,-8.693570075469301,-1.8556014909120906,-13.729812962006942,-11.051920275924278,-8.69656927080336,-4.823415012957534,-3.107694736185545,-5.990963641006362,10.534753833968718,-10.52712077551516,6.0532063437405395,-0.27047865774938434,-5.816233386640902,5.888177198497399,-15.511566820868401,-18.01819499911123,-22.1832223644535,-0.34925472673383817,-0.6012315892596636,1.5080776746118703
3,29.084796127360892,-9.424404334816012,1.0363075880112442,9.679881823511575,2.6777973725789592,-9.845462238440373,7.51444190293037,-4.839234711379602,-16.61695563805333,-9.550573022994586,5.535433725864917,-4.8680294129650035,19.334169853032694,5.315627660816755,4.675920989335083,5.6707863547396204,1.401465828400348,0.3909093133910626,-25.296286905987703,-1.0904232316608669,-0.07431282590634458,0.9029445010633308,-0.11330614072236211,-10.653216428973534,4.453480546356603,-1.9498142899389723,-3.347670543582139,3.6256629435853913,-3.084963276450164,-6.390416223377095
3,3.2277505481858744,4.079412104479509,8.40399715137034,-16.206271609416273,3.908615360538786,9.586225525656488,-17.42487310860156,0.17045661107631593,-5.32627896606582,4.735901138541588,-6.1527953920948715,-3.2149821611023865,6.554336588016837,-6.276424751084672,17.928451514028897,-0.182291454184204,-8.653681800903769,1.4611289116543222,-55.97549630091568,25.43219419231943,1.8785800555767944,-0.1282974039539545,4.491186925397641,-0.2833569851833957,4.292786520351173,-3.7010910080728334,0.6150716063111512,1.8228241725542558,12.136447436430409,5.395066353353915
3,-5.875373976652612,20.54687061486861,-10.81746865420158,8.287217180401196,-14.937796739187519,-3.35888664761931,-3.1972361076651863,2.8237754332749736,2.1222820233959783,21.88815793042548,5.477062097847242,-24.83131522071104,-0.3584321161090671,22.68475661581605,4.011028448671363,-4.783211828622056,6.733944226890554,-8.008154436736623,-47.94717491708491,-20.437371583255835,0.8608941809677573,-14.077312987153304,6.7191282930533855,12.423669141619303,2.170092715862419,9.08173303984336,11.908149646145892,-7.953418411830336,3.9846654794433682,10.813071362754792
3,-29.14604959925542,-2.8648252244936034,-2.691231907648694,9.906145255928228,-0.5548311195165163,8.9306679724116,25.89477098534422,4.5798413129773845,10.256291207291216,1.6709892114434863,12.164300235021912,-12.950624420874203,14.879646679869127,7.690042273562595,-0.6360206421329657,-7.99689396542246,-10.435277058330593,-3.886845533224357,-47.1033529717247,-7.966827116752036,-0.06531181070968706,6.536669564607562,11.480555989333958,-20.05908643109317,-3.452011970655126,2.717539661355454,15.338133753743158,2.810897882202372,7.085741536126751,-0.43419073692088256
1,11.859899059681002,-26.68276749836715,-1.888609661896147,17.82066875719424,-1.0121441280829533,-2.9268305272244004,-20.876545960778955,-3.918523520632812,-10.0358035758739,6.454398344408474,-15.036924677732722,-1.4872733932473663,18.03545279284624,-6.253943468315063,-10.241584890977613,-3.3083795835559062,-5.268757789359962,-2.4969276189461582,-9.363564012888949,-9.429864598988438,-14.554622956300461,-4.679296674727118,-7.610282886062783,-11.122502395883789,-17.2492006193319,2.7910937159326226,-4.233928119039664,-0.07517161109094106,-0.171823951639281,-6.531534730848408
1,-13.216582822190292,6.941462152303356,-0.9713314708475238,15.669297439651732,-0.19730814580479095,-3.880580694450791,-19.12204452191272,-3.426734123573818,-4.647671260931569,-1.9961680306147536,10.048907023011456,0.5284694993938128,2.746117187384659,3.2716743890748345,-4.56136585042731,-10.842254447493248,-0.14210187736340707,2.8690631356739518,-11.297038721417408,7.639185989888581,-33.097251290935795,0.21195065498202292,-14.918457679078792,14.06453674526348,-10.928248307640448,-2.0447453993857896,7.773964105913494,-2.638606852201489,-5.587095618019118,5.399388896153633
3,-19.715873166384107,10.907004205071017,0.8397781279251265,-1.6585235812758263,6.552051017956977,3.6572082361994083,21.71660828807086,5.526352776929387,13.059600395311252,3.3189257915590265,-0.2468191669855719,14.689987542861784,-1.601360118562891,3.0974177131120744,1.6031871069922579,-0.9841110399547979,-1.8625066605649834,-4.433642089874297,-55.25796085223127,-20.699654270170626,7.300553895216616,-3.2063729025499557,-13.443950824671644,-3.722713482917663,-5.567850236629228,-5.0650719703275335,5.602139735371659,7.910800026104637,-0.09780854786814808,-4.529754277022325
3,42.549731341725575,-8.344006825223861,-2.6957852198319427,-27.050461721268793,-2.0634902940350495,6.939167455296843,15.916144237821994,-5.989145197388691,-22.50858342592242,6.712577542781106,-12.413434138828505,31.754533885424465,42.58335797016464,-6.579652584904103,6.429700581719486,8.209036768010998,5.532230334678392,8.572039468346095,-23.677358117522466,5.704802807235669,-2.4251525209260514,-7.144330366727161,10.275816931015754,-1.5441334707594407,2.1831314022837134,1.953973346027757,16.63643721378936,0.09942876245685317,0.3047637778496086,8.072499835466223
1,13.499864003745532,-6.028553753794613,-10.58996337449624,-7.7079441777605116,-10.645076675797911,-3.1280122801329586,-22.393795051090375,-2.058775485823485,-4.718291803851068,-5.5097247605136985,2.274407815828822,-0.7982807302036201,-1.4577396671464835,-1.8974206893105703,-7.5188346763387885,-13.951062626852586,-2.7943303483760378,-0.9273133369013031,-17.70367542276792,-5.536982501404664,-19.645319491093016,1.7311097769054966,-10.050553669786527,9.344241637093067,-10.557308749374936,-6.492031399192149,4.755040288460844,-5.398202755312741,-11.596456208606671,-15.492298078340374
1,-12.35487440353366,-6.671391099513732,5.873288076196461,-16.828498668116406,-20.242880768899497,-3.20930777256921,4.39029490219107,-1.9309447542651437,-28.987147685860943,4.025732624898046,-1.3793715582531059,2.944480713854621,-15.516286765322832,-17.146197132629656,-5.450813884205482,-9.224029896378527,-8.528613621281778,2.7577817158609603,-4.1395493122505265,-10.040504195669518,-3.5759456300494934,-4.459519430082769,-9.581479470733045,3.322370966696063,2.9597062434071653,-6.4093689762627015,21.104196021466183,13.841973755914335,-5.170650125325281,2.9101920327674766
1,9.724404793765725,-21.02936350548019,22.966768008402084,-6.62317673737018,-10.62749998232628,-10.325539151021719,-8.120785363192503,-0.9742474213097068,13.423584524748392,-10.653703080409073,-3.968844586290841,-0.8960933285914015,-0.790688672149833,3.628203841648138,-7.4886400359594525,-10.54065376483629,-8.638752237986088,0.4811166460413139,-22.202506630347084,14.553005824445886,-15.851179803224403,-5.968592069891713,-5.767122249755727,3.010947626428927,3.4419948078448,-6.683344924233342,5.707434296531556,-4.66589083956001,-9.599448342286358,6.9529733677315955
3,35.98525773392909,-14.881063968870814,-18.406125878709528,10.694331075911153,-8.435656651995753,-12.049043040583152,4.557781838287192,7.490612760582432,-8.39852443427271,13.389283025207078,0.5354757984359123,-18.675349814542994,-4.293993720855115,-3.8072971621323046,-1.6163241387343903,-15.381457194218147,10.21552525967514,-5.234980540544878,-62.55913187085773,15.188084983040431,0.06983641780819139,-16.23000470600116,19.012488076735476,7.635992132663947,2.622855800074691,1.8420278238537744,7.8226878256956685,-4.4826297158668655,7.848339128657962,5.991896313229776
2,23.206591958721695,-2.530885391080898,9.587166693343615,12.667385096955257,3.689756891430919,5.434530924226583,6.655771862796457,-9.080841328215087,-2.3093896965949225,15.959777843648268,1.2317453439301123,-8.804874514845292,11.093186751977491,-3.53484215386608,19.7606361880607,22.698010665961917,0.33258772640548884,11.709378945733643,16.11068259178751,-11.04844943317826,6.796879911969184,2.8124963719717444,14.165332341167012,1.91150651581483,6.8530861794851425,30.853143354967255,15.053282887061513,-0.44294775226775984,21.229818515023645,-15.052043821961156
2,17.230969813475998,-11.166777035293556,9.842273886578276,13.942779510082387,0.8063864450276768,-5.789583417764868,5.844635611409608,10.318226500123437,12.251069026099039,23.12003570686811,-1.4290080324736683,1.6127660520661515,-4.118613637537382,3.0852929569027996,10.613650370408784,-7.4568349264141425,5.942243753863929,3.742638757333901,4.218761896501858,-3.5744945018512078,19.76128892131039,-1.4182116785474925,6.197089219109737,7.151059443788322,11.34321811587355,-2.4754094073560564,23.26098319068887,2.0458054038349123,4.704827460160464,11.896100783292514
2,14.047180369563495,13.087607357627174,5.1883274034410505,1.1630525991884921,8.748805030523364,2.779743829816496,-8.58713380799464,23.378975524752214,21.40174102627712,20.18848411093909,1.7876453645844261,-2.258760098885303,12.32153682024159,-0.7431214960273671,4.705724950267724,-16.918349176911743,0.7967302938654099,-6.2888111441118335,22.010204226734043,5.519181293441028,5.501942153636147,-6.648935250516417,-1.8887849902164904,6.176045812012477,5.546582937019592,18.88710695690265,14.182388249421958,-1.1975223964560242,12.093688737906932,13.51986900098829
1,-2.4291818239732326,4.124098443369884,-9.787027789836765,-2.3308355562578655,-2.974494994113585,-8.402935258566316,-1.511331719624276,-1.8554192494287773,-23.563196346630185,-7.746228729495591,32.553749869921,-7.564296783761256,2.8024017247524338,8.048456622655035,-11.280397489780757,-4.255163649228011,4.196889545558125,1.2612330092211508,-6.300550265861376,-16.95403015989397,14.029521540884307,-4.125068360042144,-4.9578284200059235,-14.13408233314023,-11.123051924621112,-4.854512147879747,-1.6771980482156863,0.503216686755978,-3.189227945746591,-0.43791867676594803
3,-12.016493776097825,7.326226780831782,-11.801065574330725,27.865460456140426,14.051003853071585,1.5890453342773074,7.500215145812742,-5.817892453166609,9.878898652805132,7.268742395606578,-6.803752577458109,6.722616483866636,13.741146480403284,-5.073276719256819,4.082315256716036,-1.782370327701716,0.7524213872358891,-1.8376969082323196,-46.84220715721295,-14.588195264315008,1.2909177381260042,7.408612283077354,11.155879648468586,6.32485918094593,-1.2816108244121138,3.7382875686223285,-1.6994191852664406,-3.1361298909559707,15.564060334778041,-5.517348342323306
1,-29.742437462590356,-8.314848865259,-9.000286028954317,-1.6247100211949586,-7.69202915716885,-6.8809150666944525,-0.8294172248481964,-2.3985218720797032,5.3644135300684335,-1.7925665560147506,-5.316862196162616,-4.155671571573645,0.49169827878570604,-3.244612280654858,-12.851814392578028,-11.230620467188999,-2.61274063479014,-16.095472056314044,-7.083182879115654,14.190845922407682,-30.833925427483514,-5.3187531492864455,-4.019915607687879,-3.5426440253730735,-3.8028717202411664,-8.487862776444983,-12.783856208528256,-10.0491171041632,-3.365735641103935,1.9944266261169754
2,14.832865294498982,2.983154873637988,12.025648727090093,20.431470323227096,7.294451398655357,1.0177803729347632,3.8706902090388215,-26.360602247836027,13.478233394914817,0.14515686116647997,4.845892540799308,-2.4641879912140663,-0.488791191671905,13.06652177761352,6.676205937662088,-0.24997780203450137,4.660051217076416,9.785757081080536,18.209916100266092,-2.1330373983362496,3.769692763407764,-11.956323744922399,10.161355728050717,4.4891776971833135,8.692308860110279,-3.689466786551388,22.77262018164012,-5.351944140724031,-1.3286634768169803,0.22251772902498407
2,13.782609549880933,-4.167300254512276,5.832882706222887,-5.422616469077598,42.040407464710675,14.6792852582659,11.183948493745659,1.8587305237634082,20.432830054004896,-2.326862380615487,-2.393429467320884,16.66931791292793,-1.223665835655531,-3.2860670827338474,-11.539682580225058,19.047887405075194,26.917029315394217,-1.5603789736665972,-4.250482503886864,11.157846038201127,2.5345761215685996,-22.80809427336134,-2.7397149600793247,-5.542058852388932,4.293709585777217,16.594107207979413,32.69888998501782,0.5059524184514386,0.15633617140720446,13.092288935178502
3,-11.410953270520626,12.109090989757263,5.103378272268907,8.759554152829825,3.490032544782085,6.39783100773968,-2.129217226646576,-3.396968799338543,1.5970076941778555,24.573588836144893,-8.273560979830352,0.26186117310793655,-12.382811295273337,14.786436861612225,7.954760572434817,4.06988633664244,-2.99199290106131,-11.28315119533945,-38.012937298754544,-29.386115323420164,-2.2693345572818577,2.3812002341445426,-6.135233463870259,10.550705715257093,7.126308386334033,-6.765669283786078,11.41530053147222,5.302959956153151,12.641936202112982,-16.94094686923951
3,-2.1723183855155996,40.47489227984643,-1.6831365650670262,-11.955161596000432,-7.509149695590671,-10.785278041463698,-17.670974524551138,-6.570504331232572,21.370055463692466,1.7209303116617187,-8.753113423881343,2.4182675132688245,15.951928593126013,4.33031028818725,0.6915330543276013,-3.992384668158243,-7.519585051121597,1.0297875044271874,-43.65800835982983,12.49600508450362,-0.6212590389632138,-4.859617695720633,10.871628926734353,5.42899813963114,1.2473679273346197,-2.5537937548404646,8.490533652687787,-2.318353883444011,9.836291271044045,5.803853030444495
1,-7.769354820927091,4.270282387822433,-8.810413379702037,6.774732110492151,-19.469542078595342,-3.0776770813692615,-19.18399005286176,-5.186099877116844,-1.898270728280691,-3.7016250983932872,14.602507877062841,2.47212268815207,4.70546541481511,1.11376041578501,-8.326520465682218,-2.1943381962422763,-9.408836179002241,-17.0122497509035,-20.55111248921749,-11.548000690276858,14.13860553701037,-0.006577438381107914,-3.067178879173766,-6.007482740767784,-0.7623648174386641,4.315966368745256,-31.485643695883056,1.4164776372389696,-3.0428746091618435,22.93231970230051
1,-23.155755381327833,16.95684188736433,1.2255563858391962,15.590505636204064,3.470444399793612,-10.00198068655615,7.331374100291181,-0.14307675155047583,-4.50836055082851,3.102763674531177,-8.773642883771608,-1.9862684556074959,-27.15710157308448,5.072727838682263,-4.260178714777508,-2.880628646940364,-22.332837717129898,-8.393218428785858,-5.52259670619501,5.519209711745258,-22.139383073540635,4.087628619542951,-6.092463160216997,-4.101947901669428,-9.104935482521642,-8.110062670491438,4.571706943798182,5.704009699159057,-9.21437613373261,7.034379585957688
2,14.549894461332435,11.214130098160902,1.3892832140487892,3.0167858835197356,1.7537491205894105,3.806104442014308,14.274359376619714,-2.027664089759787,2.572662661064573,-15.402654866143603,7.29320679952486,4.477262800608591,-5.3920728743187025,2.391459770738389,23.214674451536315,3.0548248432755956,11.779418216562611,-4.06827144533226,-3.36923528852281,10.12721520170303,11.539020342616023,4.1866339619412525,-1.1609116369133012,-0.39756501595674276,7.177903862243733,34.85156908859339,-5.306796120170075,5.324244035920219,9.812975607173675,7.66980084222567
1,-15.184238509704251,1.0769137333584666,-0.17959187059797177,0.9162848517445723,-3.4564264498651225,-2.935759847701792,-4.254375088378228,-2.4387655686146825,-4.955077257054672,-5.5216154196368805,9.379926037991227,1.1180212114025871,-15.01777655175161,-12.956017468954187,-11.596296942174575,-1.8358652769764552,6.312383918401025,-10.774741112782804,-7.902961327021574,-27.248764075924765,8.603771296694111,3.275124635923083,-12.423445271218473,-1.1741730872214824,-13.014082904912367,-19.536276644538475,8.865262662357665,5.865049530804573,-8.352364918014986,-7.593415108424891
2,27.972556408163538,45.83117842979143,5.444624591127529,16.09381713922233,-7.689515485197129,-6.5092203626182386,-7.7932947791705685,8.669527926377636,9.102976051812549,3.5438122414973274,2.614253897285902,0.037521243941738724,7.267684540559147,-4.3670311366663155,12.59639983284849,-23.08074964347614,17.241850103575704,19.619503285089312,6.406500386542808,-1.9381333085436023,14.421791086852094,18.65956874743016,-20.9818227289597,-2.597705633981233,6.712427946080947,-10.670575119817931,17.26563593104968,3.9898400596319368,-1.1747800729609175,16.51964358881747
1,-9.475260605618093,-17.10924899312829,-9.549002543521635,-16.29196082237134,6.547676618529387,-4.664607729705057,-9.619944901897734,-2.291041867574161,-15.97726668801365,9.945276658183761,5.426352332794584,-1.327550652058907,-2.6884942388951236,-3.209976139166702,-9.781528209039301,-4.109335414814243,-5.934093123865363,-18.093124580624718,-14.785628640722624,-14.550971147926388,-6.732867352551005,1.0413687444173452,-8.246089882918083,1.1262893079837952,-25.08660374836461,-0.563767712596515,-12.795470526641544,7.775854194255221,-3.5864811225858566,9.163338538774983
2,14.4145911739808,-10.820272088679197,8.106168439806359,5.538537167171121,-9.736992679001153,10.86161786945442,31.91541419917319,1.186273630031312,-3.115687081384343,22.70569592456751,4.123699466176121,-7.646441472513044,-4.321290026385317,-10.137355980435213,18.25288791868943,15.782310012631177,-9.92005827297843,-10.157931282473683,-0.8053042525489422,4.166518639395339,9.181870455306045,30.047796292263854,12.233258400620326,4.769391343382307,8.036669340350977,1.6017356743252167,-11.341029565442078,3.63232785432257,5.563070022888177,4.936106243098231
3,-8.696642587270777,7.808046849067004,28.027041578410763,21.83128176080815,6.293278216813894,21.50865614933023,-14.346108671912646,-5.602559845840451,17.60575569710806,7.400490014316122,-0.7770252864335937,23.088410912310767,-6.697035620010464,15.891163644656134,2.9105018878270235,-6.207867697577641,17.051791355719516,5.28438115800173,-20.735809277101836,5.345735087463282,0.2277076749242939,-5.080671831689724,5.132048797394047,3.6309473601227222,13.757515805052462,17.508077572644368,3.5242367945707707,-5.453268430376118,-6.928120427180159,6.429557761736264
1,0.6935827118537308,-18.083555625637885,-13.63781625512534,-10.098720273894125,1.8948653813517211,-5.009946204134718,26.835797640618996,-2.4419531393741982,-10.206428427519096,-4.401803828017663,-11.772414009302052,-4.161147186233939,9.776906974345984,-6.504040233574225,-10.674554558163655,-4.132304749533294,-13.002582084149278,-4.209335928458159,1.2140024425824611,-21.50970500235327,-10.292722112295682,0.0014923165103690739,0.41666821429457723,0.20108999713971043,-8.11308607857879,-7.691656031671869,-5.391644352275217,4.166488047323796,2.343665116000313,17.523849669798516
2,14.102660708040615,27.899769161547066,5.211343117047804,-4.027781021300839,8.007598454161867,7.046444204956604,-2.424641664244045,-11.171304295502722,16.190067597590655,-7.819983572351986,2.328633339851993,13.507287413172431,12.38054442366298,3.070239701030253,10.07127823459313,7.139263788939246,10.85342917492364,13.241910885664097,10.525106076934428,3.5552665466002455,-1.6588276768017511,3.7715998049555077,-13.938468516422299,-4.942542139704884,3.1280303712368003,-23.512461285972353,-2.3614078407378294,-6.406338535574141,-7.946684780935284,0.14593583566916324
2,13.418277497128265,-13.332240358887397,2.6032413911884715,6.380126776807321,15.827474224860653,-2.939905347543384,-1.6799058998702048,0.6284109613578037,10.622874416018199,-7.193363777064012,0.34459459788586433,3.5533961148832702,5.491748649549879,1.85560878893869,14.317553979097376,-7.343300235471636,9.652479241783183,-1.871281712721867,-3.249287346479936,2.9623776357777714,12.292477080214175,2.986385387488034,-1.220250126498664,7.288818913661893,8.561869090250346,-15.353922863122708,1.5442169351222104,10.274332453467812,1.5225822499605997,-1.7931042627079612
1,-17.68549473861124,16.040680065380705,-17.80764646521498,5.846659216746135,-17.535047621458403,-5.866532097230954,11.565652777216432,-3.304201613295014,11.769231631232461,-0.7410807173866667,-16.184922720192766,-6.30697527980531,13.60385245579797,-1.8957253760816988,-7.836127652866771,-8.45127802711588,-5.083672399831914,-13.718490337393803,-10.26803370692124,1.6928203328365892,-3.1481124138810963,-1.7208708266572363,-6.015651720249017,10.755723057684849,-34.416467363098334,13.652522336747474,-21.682914425210463,-13.29935895198923,-3.792026023696888,18.06971551364964
2,-11.064075355525848,18.628494229434462,3.0672883156005635,3.8872762218421384,13.888290971688907,2.5581061320576177,6.92958065488443,-14.175370819962055,-7.632109147560443,-7.0817742337375025,4.407650336125734,8.125700826524003,-10.840358614296179,4.329180811363562,-10.14834705884671,-34.23286951130969,-8.394943924077841,-26.421807052392566,-4.237077867409751,1.718572843109301,0.967046487097063,10.124130778392175,14.140006071966177,3.0321687214478774,4.233537172715737,-29.36355593422063,11.559171309205793,-3.239929912563835,9.262168889210312,-16.472809243808396
2,-12.470504548733604,3.6253584709086955,6.160425317310918,4.709419697800977,-25.780773472996373,17.4724085128235,6.367366727912439,25.13961396056466,5.291219946264532,7.278894655047562,0.10037656270930195,21.637893182728682,18.715906950614453,9.501601546545594,12.87994490546167,-3.0747703054215867,-0.6770460261478775,6.306656347135654,7.0036486365309445,13.98829598802981,6.917529634704845,-27.11676573097609,-16.45910843631689,-0.16453455217267932,6.627993921360606,-15.014334909170351,21.981971696333503,5.6895699909645945,23.44444709634925,4.9712183197888775
2,6.748140331216502,3.759279966942591,1.7455957930786932,-1.1006169780784592,11.96492567407831,17.160864423476195,5.396901701376232,-4.278357886705409,21.50842452325989,-8.392523319699357,-1.2925389827323057,-1.3101497897461734,-0.8167437788571927,3.3332907826807894,17.85222991108028,-23.546561429050996,-3.232985313841734,-6.943082174638007,2.525331058990087,-1.3474598575802976,7.609625150585561,28.643000354003345,4.342807780702659,0.7979844282918163,8.300651347257379,21.293266969512413,2.934336186944984,-2.558043329968102,-6.666307604862093,-22.093089388502218
2,7.184323030559374,8.976593151049286,3.8519395641889727,2.9521217472378067,24.374238205467236,-15.55047064366326,21.515150330262124,-24.174572970202853,8.360563187763267,4.19630997210439,-6.190504507628621,-0.7856414029575607,11.08071550242656,2.5155727015516782,-7.590522446847069,10.580562932968078,-8.781114494943937,6.315471282056054,-3.157477780781835,20.782905580956477,13.983770544471696,12.875188464041766,-1.6306214093119245,4.694978653082732,6.780674983918519,18.62431092599754,48.92199471713444,-1.2394608236113247,-4.922160717986738,-1.5448653715784784
2,12.114620716708355,-3.2244566191301596,0.5073787661735052,12.782875393334699,11.380152959324677,22.683606595654407,6.609794501301018,22.035220934219776,6.925128888126492,-14.158953278688813,2.6355433464242073,10.414790902122379,-15.442504926163458,-5.626546708953753,13.067567140153256,9.8084535599545,-6.397801194187609,17.323306341582732,11.25823486016206,1.0031126473779706,8.787597900715692,6.73032118765927,6.034458258257464,2.227044934944183,9.270825354521275,14.7337817996156,12.346670925104466,-0.04776161149520153,8.168959398369905,9.437197047691908
3,2.0227876767007533,16.691322961088055,22.452763480581094,-10.937579622455276,7.415335788465294,10.944026190860889,-17.003350597416397,-3.018788559014414,-5.870041203527485,4.498850566165199,13.198910533310935,-8.820022863107049,-7.441847615690532,-2.575248606228976,0.7883045885082303,14.459509088203367,-9.83456294454116,5.463231125623044,-33.01885087066569,4.976124899600197,-3.722730084178637,1.3406698735676825,-4.494671939377651,-4.118158219099937,3.4475497425098482,4.6540035147729455,10.624737617116683,10.895031926228063,19.051440857634216,-1.490213433125247
1,-11.19413144741706,2.9455586136282657,1.1441847275690682,20.397518265006347,2.264794405146521,-5.611587053846024,2.830363778879452,-3.1409797759533173,-21.84585093974878,-6.277992236989782,21.576306267093514,-3.048467579564484,-6.467710898010989,-10.106242408688239,-10.138864146505679,4.9796617588989225,1.4438530227032542,-10.554797033631813,-1.2735797604244325,8.817122213223527,-22.950908053386392,-1.5467225055653258,0.31873459503117196,-3.854524345095513,-6.455000348958694,-0.5324905220098235,-5.841913676114651,-5.594409098258952,-7.751798116416295,-5.415376817214556
3,-6.82106427288235,14.482137214508661,8.31967270445536,0.11075400025565107,-2.9178192679229804,-7.109587964650043,24.62410140906563,5.4686492836085385,14.908829750591076,-2.6092847255819027,3.482234082264333,3.2410504088875527,3.2186318186996434,-10.377500956851648,3.868790344496108,6.77415593302261,-1.0307168024549398,-1.5637089692682846,-55.7743618984306,23.044913908957835,8.738064208758866,15.52900273878732,13.401280180461036,17.251207694880115,-5.264725141022611,-1.2175084810317767,10.973871560238283,15.05828128168521,3.002376691974817,-17.208870171739132
2,5.195962721425793,-14.92294732712751,4.23326162689115,6.579615230411234,12.696702467632635,-7.0064864774896485,8.250716555203347,19.034557258619525,-6.447888167848002,-4.530287599117128,6.201118834048111,6.91883786461024,15.461548926801253,1.816599978030288,24.09059848590764,-5.345732608777247,-17.212280822452918,13.991025886909984,-1.8738795045382846,-4.3993989495250485,-1.9056126258400994,15.055233754304965,-4.712420973228587,9.64566538367278,6.3633191403230045,-0.6507918784097733,4.736572175709602,5.629381687427211,-13.043271649723744,7.825619048913116
3,6.455118794473271,-4.38662564927497,14.269501834295045,5.981879288307197,-5.210635300250128,0.4759089721083609,8.12951027422171,-0.8980943056802848,0.522159991781936,15.762308508505647,-2.3045205096839134,20.737573119121624,8.710824610248883,-2.868699640640948,-3.1157330225543713,29.514858819570616,14.712973388905604,2.788670777214522,-22.335283063046074,-13.911902593771366,3.4588871726073758,3.964334768282428,11.280235889999156,0.10415900409909695,0.28726214428338737,12.542650903957588,-3.5554971029987654,9.66192597498599,-0.008087252165609904,-6.8491488081671905
1,-17.18009478701211,-24.043588401553265,10.041441978746414,-17.367549546621028,-17.49094950047571,-5.088907613024823,-16.484722368379195,-7.335418047934166,11.77293507089773,2.0764677129040123,2.148763048955816,-1.0274160551768567,1.1451603781604103,-4.622082877864624,-7.011630948442287,1.082021608078846,11.054838188471317,-3.411249226074483,-26.093217251431966,-1.91216883760433,-9.32900537370006,3.794460660725984,-6.716529572899875,1.9358944025391116,-15.016643475431326,4.215968008109019,-5.698494432321838,-10.40310562174342,-0.18788511890459692,7.767530627718322
1,-8.805813148835597,6.422718543225781,-5.874473655813882,4.450065636802961,5.491231492389813,-7.618898909914748,8.924631862246255,-4.595526168148213,-15.951080970469974,-6.162799827542861,-0.09778238170404596,-6.609060819897558,-7.370160157287042,-6.26692214001919,-12.321361766625671,-4.447586484734536,3.4722304546133707,-11.83149947066845,-26.22268567157831,-11.908573102875891,6.137330359396506,-4.449528109588227,2.5196670827045224,-10.170374969752153,1.0242021226195233,-2.228524505264102,-5.539725412851851,-11.232967225079268,-9.577078638303025,-2.6200394593754543
2,0.7326172157163864,18.46136917837377,-1.6852164200164053,5.80575257497891,21.438149613767564,-0.804378497496967,10.237578558983857,2.5144008510448645,5.420253369391514,-6.307172624816633,-2.2206403792372615,13.36514222451651,0.39865840623327475,20.917742824690944,8.380929169176675,8.45243089628504,6.094539811168394,5.320663048321091,2.5177843945242966,-5.433719411510365,-6.4615311794654176,-4.699118087416485,-9.510245372425823,6.7262495791660175,5.823707494035142,-4.723134258891626,-6.851141389004246,-2.7473381432598614,16.333070448347044,-7.177679263000509
1,-1.106703958903413,-5.911756172209244,-0.47672442618941613,9.34941268284276,-12.239600537186504,-3.5745800353952264,-7.067708431741867,-1.4710669229939666,10.768637185205911,4.272945006961755,-5.945541239409154,-2.521913686939534,15.907718436346734,0.5763740891977536,-7.379467987006235,2.02002014978007,-11.581011360392733,-21.560048847948345,1.5973817416811853,1.4667297032179554,-10.914668266227103,1.50335765907469,-2.364612896600247,14.397854139144838,-24.856050663091878,-17.655728468003797,-12.049984776483292,-25.80055200794432,-4.660069799414452,-3.8109669235927788
1,4.464603990953806,-3.073836484665817,-4.051848198372307,-5.812916631533529,-2.839166391564322,-5.45062973550093,1.3100831050776778,-4.758067213939326,-6.622572322480583,-0.8049204831137808,-15.455910094893179,-6.079302663435744,7.256187511449059,-5.152683512658159,-11.217538558838328,-3.626817996909952,-0.48197811740029817,0.20558077405078112,8.023837736714992,-2.8207129498128305,-10.588703865807869,-1.6559623432305992,-11.721962716562938,6.642721601094827,-9.646421270603796,-0.9121305067579133,6.910133585233153,0.3452675530928029,-9.951836543411188,-1.8852674139211207
3,27.227557888963613,-9.19293629953246,15.487976952317748,-1.2761174520564413,-5.629938538833521,5.869432555229365,18.49467318151439,7.49557358903849,7.129116004238023,-8.040419220147152,8.696013898611053,37.873403685610874,9.524234812970855,9.589756118135732,4.7137081009023944,-0.06879383927447225,-15.402575241739449,-4.635887953568917,-43.31821862822477,8.5296692534219,3.264360349435044,13.589207451687908,-2.249625815365965,-1.2542197042095329,1.2617443652490854,7.784487379127496,4.864932974227035,17.47346374706441,12.220964570659612,7.3313516650108586
2,-7.808583667750596,34.78187250746719,9.107184235297975,-9.676006208046195,18.02944768280681,-2.667767549420251,-14.820772432219147,-5.986498602716726,27.442818690430553,11.37452421994978,-0.23299630748536326,-4.66754919022439,1.7869297413933638,6.073867962387031,5.536492357952968,-4.106312239232767,-1.6822469617734015,13.57182583898448,-0.7598004142175618,5.961824597231846,5.950650725655515,-3.3237056719793845,-12.0043359733338,6.518527794819288,7.252884742085955,4.65682526224718,-11.035937171537721,2.8508765544713817,-2.6410261986809473,-8.053827815844759
